2.481978912560308004e+02 1.994608879492600551e+01 5.852356300030718472e+01
2.482072965793896060e+02 1.995549411828481468e+01 5.853296832366599745e+01
2.482128349686489344e+02 1.996103250754413594e+01 5.853850671292531871e+01
2.482873818687772314e+02 2.003576010552754738e+01 5.861323431090873015e+01
2.489492510073905294e+02 2.038061292712455597e+01 5.904240075170307733e+01
2.497926311414683482e+02 2.047225384434686646e+01 5.931582371117254837e+01
2.501831192063750109e+02 2.059857971485878636e+01 5.940996729368822571e+01
2.502763773694006204e+02 2.082900561970329534e+01 5.931645615366545599e+01
2.503490450118356989e+02 2.134320847111544950e+01 5.854407220686290714e+01
2.505089897182920424e+02 2.168644404690916261e+01 5.811542075495563608e+01
2.506109033085777185e+02 2.182927666648597054e+01 5.814004083771525444e+01
2.506858387090945257e+02 2.191315661083103095e+01 5.818002927305252570e+01
2.507229992229992206e+02 2.196794420050234109e+01 5.822057787174066590e+01
2.507194394752534379e+02 2.195232287092752088e+01 5.814229052601145753e+01
2.505027466073977678e+02 2.171763249670226514e+01 5.806328942375454005e+01
2.501541172006288321e+02 2.138253735928154597e+01 5.768450154496666471e+01
2.495764532624997685e+02 2.065340344410111939e+01 5.740722068629045083e+01
2.491160531974485366e+02 1.984750004517446342e+01 5.713397842467610133e+01
2.488650638766917780e+02 1.949765092788348753e+01 5.696114092625720815e+01
2.486893623172692855e+02 1.922911584539491514e+01 5.686098010516614920e+01
2.487095372327930534e+02 1.912291971594297024e+01 5.686764785601994987e+01
2.487473482589761602e+02 1.916924161110207692e+01 5.695686742198370212e+01
2.488376881516416290e+02 1.926082831896785308e+01 5.700761641459315854e+01
2.488992880504508491e+02 1.937468603747673512e+01 5.712178131945573512e+01
2.489992139643302380e+02 1.958685242406172478e+01 5.711550206899043758e+01
2.490480746643537202e+02 1.966104696337254509e+01 5.716035127663034388e+01
2.490871144359516336e+02 1.969928262951518860e+01 5.716280876745992856e+01
2.491644982924052556e+02 1.982161507742902984e+01 5.709271606946025202e+01
2.492288086590412206e+02 1.987993531016786974e+01 5.718784445528631721e+01
2.493278401185377788e+02 1.984919860501255684e+01 5.738670244484197980e+01
2.494440740138414583e+02 2.001938887985399518e+01 5.739708353661841755e+01
2.495247556061509613e+02 2.012474476427964731e+01 5.744262843100052152e+01
2.496138577185088820e+02 2.023820494750727406e+01 5.750500533058672659e+01
2.497293417177138224e+02 2.028017202435806965e+01 5.763695993928551786e+01
2.498281563397842433e+02 2.034282900561970209e+01 5.780378923402179225e+01
2.499259229142950005e+02 2.051403118844979190e+01 5.790670569740337470e+01
2.500633436331110886e+02 2.073385916409172225e+01 5.808108816248351047e+01
2.502298115321371199e+02 2.094281816374839522e+01 5.816934099492239341e+01
2.502817802352685987e+02 2.111809508321136164e+01 5.823840371514790348e+01
2.503655788655788683e+02 2.132376538190491644e+01 5.830493666540178310e+01
2.504416616974756380e+02 2.139155418225185556e+01 5.837973654252724032e+01
2.505164073652445609e+02 2.152799009775753802e+01 5.846601073345259181e+01
2.505447136842485634e+02 2.157409515549050383e+01 5.861070454093709969e+01
2.505774290309174148e+02 2.160255506767134648e+01 5.861932382862615754e+01
2.505922643248224517e+02 2.165987242731428708e+01 5.858004011492383256e+01
2.505721526535480166e+02 2.169057299289857355e+01 5.855963932708118591e+01
2.505351186281418734e+02 2.163279485372508759e+01 5.850395728302704867e+01
2.504714045644278144e+02 2.160468730236172163e+01 5.838488643139805845e+01
2.504755967546665261e+02 2.153212807863970824e+01 5.833357727543774018e+01
2.504489709257151162e+02 2.151084187130698666e+01 5.831782042247158415e+01
2.504157044505881800e+02 2.152800816754305302e+01 5.815949296181854322e+01
2.504422489655047741e+02 2.151898230967998416e+01 5.816756112104949494e+01
2.504316962107659776e+02 2.148906777976545257e+01 5.817718328183444498e+01
2.504768616396523271e+02 2.150594495943333229e+01 5.814917511429139552e+01
2.505170578775230013e+02 2.158539780632803939e+01 5.811746264071845758e+01
2.505104985453822621e+02 2.158899369364485565e+01 5.812257639001825282e+01
2.505627473301891825e+02 2.165187654722538468e+01 5.813551435644458820e+01
2.506278527673876511e+02 2.175287761334272929e+01 5.819347319347319569e+01
2.507301006487053030e+02 2.183994687483059494e+01 5.837295133806761527e+01
2.508801792522722849e+02 2.204842702517121111e+01 5.839419237093655823e+01
2.509883630581304885e+02 2.212636201008293924e+01 5.858571402757448965e+01
2.510740590159194880e+02 2.219141323792486631e+01 5.868030935472796017e+01
2.511550658643681970e+02 2.232657523355197782e+01 5.870846208055510118e+01
2.511974937207495486e+02 2.239205110135342736e+01 5.876103612150123467e+01
2.512593014220921077e+02 2.244453479337200363e+01 5.883270992573318381e+01
2.513526047595815101e+02 2.252934533167091402e+01 5.889218662474476673e+01
2.513579714858784655e+02 2.255868162844906877e+01 5.891359028568330558e+01
2.513786342856110423e+02 2.259355631448654833e+01 5.890086915668310752e+01
2.513780108780108833e+02 2.264840714840714853e+01 5.891307529679622945e+01
2.513273160947579470e+02 2.258909307746517214e+01 5.886604868000216584e+01
2.513021448835402225e+02 2.259763105111942494e+01 5.884094071303373852e+01
2.513187510164254377e+02 2.258477439872788750e+01 5.884868361612547716e+01
2.512807863970654694e+02 2.257058961710124478e+01 5.877783198713431290e+01
2.512606837606837473e+02 2.256566560054932324e+01 5.877811206880974026e+01
2.512391987857104141e+02 2.252779133011691215e+01 5.869332863518909704e+01
2.511186191069911899e+02 2.238538335049963024e+01 5.858709636616613636e+01
2.509507327298024961e+02 2.209136083554688312e+01 5.848439674021069123e+01
2.506286568728429245e+02 2.168073399468748264e+01 5.824789035254151770e+01
2.502728356914403491e+02 2.121811134601832194e+01 5.790069749372074881e+01
2.499827794944073958e+02 2.065899604271697143e+01 5.783832059413455084e+01
2.499265463218951595e+02 2.041488227534739153e+01 5.784553947344645053e+01
2.500058365407202530e+02 2.040180878552971677e+01 5.785290291104244886e+01
2.501950814043837283e+02 2.061945935201748981e+01 5.792740463670696016e+01
2.504515820097215340e+02 2.091014799154334014e+01 5.818307403191123939e+01
2.506621853598597909e+02 2.114197430476500372e+01 5.842315823711172840e+01
2.508195460869879412e+02 2.135886594026128904e+01 5.854113586671726210e+01
2.509173939755335141e+02 2.150360492220957198e+01 5.866715455087548037e+01
2.509099040494389214e+02 2.167367774344518594e+01 5.863750203285086826e+01
2.509349939466218586e+02 2.171626822789613342e+01 5.862747330189190365e+01
2.509370900417412145e+02 2.178871903290507817e+01 5.856141920095408437e+01
2.509192732332267326e+02 2.176962830451202535e+01 5.853604018720297830e+01
2.509365118086048199e+02 2.181037567084078788e+01 5.847192858820766048e+01
2.508385103268824139e+02 2.178678556585533244e+01 5.838921414502809881e+01
2.507779494407401444e+02 2.172888997307601855e+01 5.838834679532354244e+01
2.506474042753112599e+02 2.161153575107063318e+01 5.836419652698722160e+01
2.506019949043204917e+02 2.152838763303879688e+01 5.829431163152093376e+01
2.504980303933792243e+02 2.138279937117146545e+01 5.816813031929311251e+01
2.504589093077465236e+02 2.137125277822952185e+01 5.815253609439655946e+01
2.505356968612782680e+02 2.135455629641676012e+01 5.823352487305975700e+01
2.505450931497443037e+02 2.135742035742035583e+01 5.822872734500641201e+01
2.505750347843371060e+02 2.140668762761785970e+01 5.817962270287851823e+01
2.506090601904555513e+02 2.144812164579606417e+01 5.821263620100829428e+01
2.507371568999475926e+02 2.151993097341934558e+01 5.837212012793408178e+01
2.509018629948862440e+02 2.165547243454220094e+01 5.848315895990314317e+01
2.510182866229377794e+02 2.179582045861115702e+01 5.862050739957716416e+01
2.511184293742433340e+02 2.192537178583690149e+01 5.869536148605916281e+01
2.511921089246670533e+02 2.204325906651488154e+01 5.875849731663684850e+01
2.513009522776964673e+02 2.213467411141829899e+01 5.891868596519759649e+01
2.513580889394842757e+02 2.226771290724779107e+01 5.894366744366744371e+01
2.514496666124573210e+02 2.243493973726531721e+01 5.903003198352035241e+01
2.515485806183480690e+02 2.257298386368153942e+01 5.909106268408594076e+01
2.516094125512730102e+02 2.265708064545273714e+01 5.914960878914367015e+01
2.516745902676135245e+02 2.273734663269546985e+01 5.916175168500750203e+01
2.517656439168067095e+02 2.281440523300988588e+01 5.928239460797600202e+01
2.518354203935599287e+02 2.289125603079091320e+01 5.931611282774073146e+01
2.519176921269944387e+02 2.298810104624057971e+01 5.937840841329213504e+01
2.519310185938092843e+02 2.302590303753094503e+01 5.946216186913861179e+01
2.519461249344970213e+02 2.303764839811351450e+01 5.949828337037639159e+01
2.519115664697060026e+02 2.300272853761225988e+01 5.942254386440433223e+01
2.518575197412406794e+02 2.298347518114960053e+01 5.932045861115628327e+01
2.517350246652572139e+02 2.283338754268987003e+01 5.925399794004444942e+01
2.517350698397210067e+02 2.284927991904736189e+01 5.921857212554886729e+01
2.516896695036229801e+02 2.282375634701216072e+01 5.912192587773983377e+01
2.516286116983791317e+02 2.276019587647494546e+01 5.903234491606584555e+01
2.515619612945194206e+02 2.273806942411593468e+01 5.892044776928497640e+01
2.514699860862651519e+02 2.264921125386241840e+01 5.882728899007968693e+01
2.513950145461773502e+02 2.258810827415478428e+01 5.878078639706546937e+01
2.514039500551128583e+02 2.256572884479861330e+01 5.879826891454798243e+01
2.514479951572974699e+02 2.252496340868433933e+01 5.883800437288809349e+01
2.514825716918740284e+02 2.253961800473428312e+01 5.883467953235395242e+01
2.515157839576444303e+02 2.255082127175150575e+01 5.886239858332881880e+01
2.515697403371821963e+02 2.263133120109864294e+01 5.884066966625105977e+01
2.516443053070960048e+02 2.268947073598236486e+01 5.902106936990657715e+01
2.517422706492473878e+02 2.285761009016822953e+01 5.902712274805298165e+01
2.518314811803183773e+02 2.299125422381236206e+01 5.910717189786956993e+01
2.519641224408666176e+02 2.309136987043963885e+01 5.926803816338700415e+01
2.520047162140185435e+02 2.313380676171373906e+01 5.927973834950579146e+01
2.518739903507345446e+02 2.296878444552863030e+01 5.923020003252561594e+01
2.516639652337326822e+02 2.278513218048101763e+01 5.892273359715220238e+01
2.512937785728483391e+02 2.234146473681357392e+01 5.859680887587864362e+01
2.509000379465495882e+02 2.187833613415008926e+01 5.831061961294519591e+01
2.506626551742830884e+02 2.163700511374930002e+01 5.804417159068322007e+01
2.505752245170849903e+02 2.147209121627726347e+01 5.797921974666160594e+01
2.505480204549971859e+02 2.138674761930575841e+01 5.798155074899261052e+01
2.505632352143979915e+02 2.145853887714352837e+01 5.799486818091469331e+01
2.505924269528920831e+02 2.150260204911367623e+01 5.802162049836468327e+01
2.506137492997958134e+02 2.149026942050197775e+01 5.803585045445510815e+01
2.506422092119766489e+02 2.149410924992320204e+01 5.807734771688259912e+01
2.506913048192118083e+02 2.153339296362552346e+01 5.811012630780072641e+01
2.507675141396071581e+02 2.154813790860302447e+01 5.819958981586888314e+01
2.508497497334706736e+02 2.164863302072604512e+01 5.832386476572523293e+01
2.510030718635369738e+02 2.178302705046890964e+01 5.839658661751685287e+01
2.510481108039247715e+02 2.187728808659041135e+01 5.839515006956867182e+01
2.511202092481162254e+02 2.188907862163675944e+01 5.843455123687682118e+01
2.511483800437288778e+02 2.186450371334092324e+01 5.851610017889087345e+01
2.510776549032362936e+02 2.184093167814097924e+01 5.852196382428940780e+01
2.510963390614553532e+02 2.188431723315444088e+01 5.854554489438210396e+01
2.510886413328273932e+02 2.194622431831734133e+01 5.854662908151280476e+01
2.511505664877757908e+02 2.193250935111400324e+01 5.857205326972768944e+01
2.511845105798594204e+02 2.207138468766375894e+01 5.867207856742740546e+01
2.512074501725664391e+02 2.211687537268932502e+01 5.873303698885094093e+01
2.512939050613469192e+02 2.228693012413942753e+01 5.874613758334688640e+01
2.513372906163603773e+02 2.237516488679279547e+01 5.884131114363672310e+01
2.514726875191991553e+02 2.246511627906976827e+01 5.898608626515603248e+01
2.515235991398782005e+02 2.263532462369671805e+01 5.896103250754413239e+01
2.515821633147214413e+02 2.273525053757611758e+01 5.900624311089427465e+01
2.516442149581684475e+02 2.281351981351981451e+01 5.903203772971215102e+01
2.517440956975840720e+02 2.288998211091234225e+01 5.910846388753365233e+01
2.517828915270775667e+02 2.300631539003632042e+01 5.912750944146292653e+01
2.518360257313745763e+02 2.307293868921775726e+01 5.917212374189118407e+01
2.518816338700059703e+02 2.312364250736343863e+01 5.925979834119368661e+01
2.518703763936321991e+02 2.317303626605952260e+01 5.924641766502231377e+01
2.518524240617263956e+02 2.317545761731808085e+01 5.918993151551291021e+01
2.518045481650132729e+02 2.315525559711606363e+01 5.922261975750348029e+01
2.517843551797040220e+02 2.316727200448130830e+01 5.913485480927341342e+01
2.517254657487215752e+02 2.310557272185179301e+01 5.908159411647783799e+01
2.516936177517572730e+02 2.303978966769664538e+01 5.904371081115267117e+01
2.517650385789920620e+02 2.311221336802732296e+01 5.909058383476988041e+01
2.517784915343054877e+02 2.317200628828535969e+01 5.909721544605265819e+01
2.517720044813067943e+02 2.314302235232467808e+01 5.904184962324497121e+01
2.517207766393812847e+02 2.311498708010335790e+01 5.897355486890370457e+01
2.516901031784752831e+02 2.311883594441734147e+01 5.894111960391030181e+01
2.517495798774868661e+02 2.318311017148226583e+01 5.903092643790318306e+01
2.517916734428362417e+02 2.327019750275564292e+01 5.907101425706076725e+01
2.518521530149437240e+02 2.329473627148045622e+01 5.916161616161615910e+01
2.519151713919155782e+02 2.333991073525957205e+01 5.924509857067996421e+01
2.519126596917294592e+02 2.336965360221174137e+01 5.920482101877450987e+01
2.519178186154930472e+02 2.339762563018376795e+01 5.921349451582009493e+01
2.518562006468983157e+02 2.335137601416671060e+01 5.920258940026381822e+01
2.518936412424784521e+02 2.341061780596664477e+01 5.923091378905332505e+01
2.519078169892123356e+02 2.344126416219439335e+01 5.919462965974594226e+01
2.519053504634900094e+02 2.347059142407979593e+01 5.924303861513163838e+01
2.519812616324244345e+02 2.354041307529679727e+01 5.928803238105563622e+01
2.519273865669214558e+02 2.349667515946585539e+01 5.930081675430512433e+01
2.517846714009504581e+02 2.333589924287598549e+01 5.909620353806400317e+01
2.515314414267902521e+02 2.305036952711371256e+01 5.888559115303301184e+01
2.511522289080428720e+02 2.250944146292983561e+01 5.852008456659619640e+01
2.507565999891581328e+02 2.194686579570300466e+01 5.818594712780759437e+01
2.505622684808731435e+02 2.167565638495871028e+01 5.796659800148172081e+01
2.505185215301494281e+02 2.158226269854176849e+01 5.789749010679243213e+01
2.505982544587195662e+02 2.164705191449377608e+01 5.795100377658517488e+01
2.507134583762490649e+02 2.176569812616324384e+01 5.805186931931118011e+01
2.508552068086951863e+02 2.190257675141396021e+01 5.819111508646392394e+01
2.510256500605337919e+02 2.207576661065033008e+01 5.832193129867548720e+01
2.511046963372544667e+02 2.221090150159917442e+01 5.845193437053902130e+01
2.511396613722195070e+02 2.225629280280443112e+01 5.848375526282502790e+01
2.511544876312318308e+02 2.224554128042500167e+01 5.844718201694946202e+01
2.511278166278166282e+02 2.228409316781409899e+01 5.838457924504436392e+01
2.511526174084313539e+02 2.231111653204676415e+01 5.837911313492708842e+01
2.511675340163712349e+02 2.234565692705227491e+01 5.841321985508032100e+01
2.511587701703980713e+02 2.238859977232070264e+01 5.838298006902657988e+01
2.511123037169548695e+02 2.234974973347066296e+01 5.832425326611372896e+01
2.510521042265228289e+02 2.230316582642164036e+01 5.827181474855893129e+01
2.509620263457472902e+02 2.223731049312444696e+01 5.817809580600277997e+01
2.509243147033844821e+02 2.217820422471585218e+01 5.811371316022479050e+01
2.508906687627617771e+02 2.217367774344518594e+01 5.806907175511826580e+01
2.509066063135830689e+02 2.215361124663450099e+01 5.807083355920565282e+01
2.508988634104913160e+02 2.216270938363961562e+01 5.804274407762780186e+01
2.509165085560434534e+02 2.221735241502683422e+01 5.808228076832727993e+01
2.509687573408503738e+02 2.228368659764008441e+01 5.810325978930629987e+01
2.510008131403480149e+02 2.231660071194954753e+01 5.813304783072224780e+01
2.510420754955638643e+02 2.241655373050721778e+01 5.817566541985146955e+01
2.510562964167615405e+02 2.245152780036501028e+01 5.819903868741077702e+01
2.510581033953126848e+02 2.248372815814676429e+01 5.822892611264704499e+01
2.511486962649753423e+02 2.253982580726766827e+01 5.829537774886612311e+01
2.511657180029272922e+02 2.260924088831065504e+01 5.836332917728266523e+01
2.512219150358685340e+02 2.266876276178601657e+01 5.839126506568366892e+01
2.512658336495545939e+02 2.269616559151442914e+01 5.843876149690103006e+01
2.512580275022135368e+02 2.271385591153033090e+01 5.842517301819627562e+01
2.512961637845358780e+02 2.271111833902531529e+01 5.845150973057949528e+01
2.512992717876438746e+02 2.272823946079759949e+01 5.848478524059919437e+01
2.512764948230064590e+02 2.274413183715509135e+01 5.843154261758913037e+01
2.513257530583111929e+02 2.270894092987116153e+01 5.845417502394246867e+01
2.513598236388934026e+02 2.276192154099130960e+01 5.850397535281256012e+01
2.513368117670443382e+02 2.273601850346036457e+01 5.850973057949801870e+01
2.513673406696662482e+02 2.276942050197864020e+01 5.851470880540647812e+01
2.514366563668889114e+02 2.283934153701595449e+01 5.861258379863031109e+01
2.515081675430512576e+02 2.291425886774723963e+01 5.862385934478957950e+01
2.515686651849442512e+02 2.298219222637827386e+01 5.866902477367593605e+01
2.516126109033085640e+02 2.305293543665636591e+01 5.870969986086264925e+01
2.516707142986212773e+02 2.305751612728357003e+01 5.874283081259825678e+01
2.517704595146455517e+02 2.319187401745541166e+01 5.884354276214741475e+01
2.519134457273992211e+02 2.333758876782132674e+01 5.900356878263855265e+01
2.519826078314450513e+02 2.336270576968251333e+01 5.908249760575341725e+01
2.520391572252037236e+02 2.345981279702209932e+01 5.911126470428796154e+01
2.520865090981370145e+02 2.357094197791872148e+01 5.919077176053919942e+01
2.520762815995374240e+02 2.358851484432879886e+01 5.915908639164452865e+01
2.520468910934027349e+02 2.351546773639796939e+01 5.920121609656493433e+01
2.519006884588280002e+02 2.344070399884353506e+01 5.904542744077627958e+01
2.515919390686832458e+02 2.312945194340543154e+01 5.877714533528487095e+01
2.511374297537088296e+02 2.253492889539401034e+01 5.837998048463164480e+01
2.506020310438915146e+02 2.192967239478867469e+01 5.797761153575107329e+01
2.502632677400119121e+02 2.139487902278600018e+01 5.768630852351782323e+01
2.501097107027339632e+02 2.116149870801033472e+01 5.756895430151244142e+01
2.500799226613180224e+02 2.103852478271083015e+01 5.754991778247592293e+01
2.500797871379266724e+02 2.107472759798341144e+01 5.746723947886738415e+01
2.500967094920583236e+02 2.107644422760701985e+01 5.756669557832348261e+01
2.501108039247574197e+02 2.114962685892918515e+01 5.757012883757069943e+01
2.501277895231383468e+02 2.117537630328327936e+01 5.754783072224932994e+01
2.501608753004101970e+02 2.122805876294248506e+01 5.752312029056215437e+01
2.501346018322762461e+02 2.124525216385681503e+01 5.751429320033971493e+01
2.501779693175041928e+02 2.128840281165862436e+01 5.762842196563126862e+01
2.502549466037838215e+02 2.139936032959288781e+01 5.770257133047830678e+01
2.503161308975262500e+02 2.146607397770188541e+01 5.780842413400552715e+01
2.503785077971124622e+02 2.152714985273124881e+01 5.775862380513543570e+01
2.503968486294067759e+02 2.159118013769176514e+01 5.776557163766466374e+01
2.504353011329755532e+02 2.159189389421947425e+01 5.777163405070381685e+01
2.504463146672449056e+02 2.157129433873619817e+01 5.778437324948952636e+01
2.505208796371587141e+02 2.163667985761009049e+01 5.783288158869554252e+01
2.505772031585985076e+02 2.174087927576299606e+01 5.788653981677237681e+01
2.506501147431380048e+02 2.180293091920998805e+01 5.793117218698613868e+01
2.506927955765165166e+02 2.188918704034983165e+01 5.800412894598941449e+01
2.507432193129867528e+02 2.198308668076110095e+01 5.804663811640556048e+01
2.508197448546285671e+02 2.203757611897146873e+01 5.809144214958168106e+01
2.509292929292929273e+02 2.214669051878354367e+01 5.815973690392294770e+01
2.509906217813194473e+02 2.222700168049005143e+01 5.822143618655246655e+01
2.510645814134186367e+02 2.229783523969570425e+01 5.825750347843371202e+01
2.510813592092661963e+02 2.233998301440161782e+01 5.828270179432970366e+01
2.511149057660685457e+02 2.233601669648181343e+01 5.832385573083247721e+01
2.511394174301151168e+02 2.236149509405323244e+01 5.832667461737229075e+01
2.511909795630725739e+02 2.242138739813158566e+01 5.837876077410960818e+01
2.511637845358775678e+02 2.246605590791637397e+01 5.836148605916047671e+01
2.511398962794311558e+02 2.246124934497027681e+01 5.837462279322744507e+01
2.511328671328671192e+02 2.241973401275726729e+01 5.827971124482752430e+01
2.511058889430982504e+02 2.241930033790498911e+01 5.827508537973654512e+01
2.511272474295730035e+02 2.242194756148244394e+01 5.830886684375056461e+01
2.510867349704558933e+02 2.241424983285448391e+01 5.827117327117326795e+01
2.510815128024430294e+02 2.243103666359480286e+01 5.824674292116152685e+01
2.510489691187365509e+02 2.238038705480565937e+01 5.824437577925949938e+01
2.509642218246869447e+02 2.239731844383007342e+01 5.816257386024827980e+01
2.509131566108310381e+02 2.237367412948808365e+01 5.812208850580943675e+01
2.508470302307511588e+02 2.240775374496304906e+01 5.803770260747005238e+01
2.508844256518675024e+02 2.240969624690555051e+01 5.804134366925064370e+01
2.509374695072369548e+02 2.245845756310872687e+01 5.811822157170994529e+01
2.509289134637971870e+02 2.245047975280533592e+01 5.808711443595164781e+01
2.508727796751052495e+02 2.247020292369129635e+01 5.809877848249941223e+01
2.508645488878046876e+02 2.246498075567842889e+01 5.802702336423266871e+01
2.508944272781482141e+02 2.250364106178059842e+01 5.805973871090149885e+01
2.509346777253753942e+02 2.255098389982110874e+01 5.807123109448691167e+01
2.509096510724417612e+02 2.261124663450245009e+01 5.804560813863139401e+01
2.507985038217596241e+02 2.263335501707594588e+01 5.803146853146853346e+01
2.507878245785222475e+02 2.265858043765020469e+01 5.802254205742578108e+01
2.507898032200357648e+02 2.270660089264740478e+01 5.805968450154496452e+01
2.508634195262102367e+02 2.274461068647115169e+01 5.811229468206212090e+01
2.509228329809725153e+02 2.275510923185341738e+01 5.805483276413509230e+01
2.508744149906940493e+02 2.277282665654758631e+01 5.817487938418170756e+01
2.509068412207947176e+02 2.278470754052149516e+01 5.816726296958854903e+01
2.508881299578974051e+02 2.278567427404636803e+01 5.815695415695415704e+01
2.509112141088885153e+02 2.279089644205923193e+01 5.819172042427856439e+01
2.509008691566831146e+02 2.282981876005131738e+01 5.813118664281454784e+01
2.508859073742794692e+02 2.285692343831878759e+01 5.811080392475741263e+01
2.508714967203339370e+02 2.279323647928299224e+01 5.804668329086933909e+01
2.506400498726080173e+02 2.261060515711678676e+01 5.780995103088126541e+01
2.500697945465387306e+02 2.190386874107804260e+01 5.729309192099889714e+01
2.490125946405016180e+02 2.032713539690283966e+01 5.644475163079814450e+01
2.479850562873818660e+02 1.900034332592472097e+01 5.555786848810104317e+01
2.473535985977846394e+02 1.785324623696716628e+01 5.514411557434813460e+01
2.471159989880920023e+02 1.740921739758949016e+01 5.497069984279286814e+01
2.470741132252760224e+02 1.730072640537756712e+01 5.503629316420013851e+01
2.471555989230407704e+02 1.742536275094414577e+01 5.497481071899676408e+01
2.472494262843100046e+02 1.762327207676045049e+01 5.502302994163459005e+01
2.473683435427621475e+02 1.786882239207820433e+01 5.510371153394409305e+01
2.474949494949495090e+02 1.803321226577040548e+01 5.519484649717207958e+01
2.475543990892828106e+02 1.812184456370502872e+01 5.524365298783903455e+01
2.475149617824036454e+02 1.811917927034206244e+01 5.519044650439999344e+01
2.474799154334038178e+02 1.803122458936412542e+01 5.511065936647332109e+01
2.474388608807213359e+02 1.800007227914204577e+01 5.510032344916066194e+01
2.475041108762038959e+02 1.808762038994597177e+01 5.519766538371189313e+01
2.476777073056142910e+02 1.825384434686760216e+01 5.538058582244628525e+01
2.478089120182143574e+02 1.848078278310836353e+01 5.553014943712618390e+01
2.479300157207133850e+02 1.871816555537485627e+01 5.562671437090041593e+01
2.479937930286767482e+02 1.878284635261379520e+01 5.572041524367105580e+01
2.480424188214885817e+02 1.883112881950091122e+01 5.577428127428127169e+01
2.480489871885220623e+02 1.889772501400408444e+01 5.578630671653927209e+01
2.480765526463200956e+02 1.900596302921884373e+01 5.581120688097432492e+01
2.481392728718310252e+02 1.910869879474530464e+01 5.584551236876818336e+01
2.482702336423266729e+02 1.918857628159953777e+01 5.596559512838582862e+01
2.483706022659511063e+02 1.932162411232178556e+01 5.605455268245965783e+01
2.485378110261831068e+02 1.951882871650313334e+01 5.615273486203718534e+01
2.486489492419725025e+02 1.968781735060805005e+01 5.635544171590683504e+01
2.487768742885021993e+02 1.986651849442547046e+01 5.640302849605175339e+01
2.488964239894472428e+02 2.007596537829095951e+01 5.648179469109701500e+01
2.490670389042481929e+02 2.025564229052601206e+01 5.659381832637646426e+01
2.492174066243833579e+02 2.041149419056395686e+01 5.677240201658806029e+01
2.493537431560687310e+02 2.055169765634881784e+01 5.682955674816140146e+01
2.494507327298024961e+02 2.074535154767712797e+01 5.690123958728609921e+01
2.495089987531848124e+02 2.080078061473410145e+01 5.691908350047884824e+01
2.495498997126904044e+02 2.089298169530727733e+01 5.698833595345223557e+01
2.495869789125603120e+02 2.099632279864837869e+01 5.691620136968974464e+01
2.495865271679225259e+02 2.105464303138721860e+01 5.693156972226739754e+01
2.495894544731754081e+02 2.106939701125747533e+01 5.693728880938183323e+01
2.496558970745017234e+02 2.114102564102564230e+01 5.694043295206085986e+01
2.496490847653638241e+02 2.120412533203230865e+01 5.700465296976924634e+01
2.496870222800455394e+02 2.122445384073290953e+01 5.706231365533690791e+01
2.497200267432825456e+02 2.131710666594387504e+01 5.708586762075134402e+01
2.497213910120886737e+02 2.137594188756979463e+01 5.709992591387940308e+01
2.497503568782638581e+02 2.146474584846678013e+01 5.713509875137781790e+01
2.497583888979237940e+02 2.149347680743029443e+01 5.713954391861368265e+01
2.497654541840588251e+02 2.156552104226522815e+01 5.713742975370882249e+01
2.497882040440179878e+02 2.164773856634321803e+01 5.719984279286605044e+01
2.497950615276196800e+02 2.174236099817495216e+01 5.716421821072983533e+01
2.498116766953976366e+02 2.174039139155418354e+01 5.716362190780795771e+01
2.497909958258795484e+02 2.178103937406262958e+01 5.714901248622178542e+01
2.497776422543864498e+02 2.179223360618709293e+01 5.705337814640139982e+01
2.497087150575522685e+02 2.174965215662890117e+01 5.702051824144847103e+01
2.497035561337886804e+02 2.178752642706131226e+01 5.691455701920818200e+01
2.496427061310782278e+02 2.176648416183299872e+01 5.688827451618148956e+01
2.496199291664407838e+02 2.176111743553603972e+01 5.681037567084078432e+01
2.495578775229938060e+02 2.176807430295802348e+01 5.674998644766086642e+01
2.495111219529824211e+02 2.177842829005619762e+01 5.668804322292694309e+01
2.494840443793932252e+02 2.177778681267053429e+01 5.668483583599862641e+01
2.495413255994651252e+02 2.184681339332502148e+01 5.671501237780307747e+01
2.496045246742921222e+02 2.194223089571926621e+01 5.679637158706925959e+01
2.496862091396975245e+02 2.202101516055004282e+01 5.678946892900381016e+01
2.496811857393252865e+02 2.204600567391264931e+01 5.685106882781301607e+01
2.495220903127879808e+02 2.173909036699734543e+01 5.671921360293453063e+01
2.489537232793046826e+02 2.094436313040964137e+01 5.637409876944760612e+01
2.481869590357962352e+02 1.978284635261379520e+01 5.567253031206519864e+01
2.475582660233823162e+02 1.887363798991706076e+01 5.509107171897869648e+01
2.473033374893840062e+02 1.843772248423411142e+01 5.482660233823024498e+01
2.473306228655065979e+02 1.834415713485481092e+01 5.489291845105798728e+01
2.475000361395710229e+02 1.854526481270667304e+01 5.507411322527601527e+01
2.476962649753347421e+02 1.870936556983068755e+01 5.527619667154550598e+01
2.479136354601470771e+02 1.900711046059883103e+01 5.538196816103793196e+01
2.480814314884082421e+02 1.923493431632966377e+01 5.550159014112502831e+01
2.482081187546303909e+02 1.942999765092788422e+01 5.558122368587484630e+01
2.482435536040187287e+02 1.948668256807791721e+01 5.564173939755335141e+01
2.482411141829746555e+02 1.955095679514284157e+01 5.563059033989266311e+01
2.482326213837841635e+02 1.957260439818579201e+01 5.561844744402883833e+01
2.483308487378254767e+02 1.967051553098064787e+01 5.570960047704233631e+01
2.483662113080717688e+02 1.972117417466254707e+01 5.577314287779404367e+01
2.484920763990531327e+02 1.985345403950055143e+01 5.586478379501635061e+01
2.486335086102527896e+02 2.003267017220505508e+01 5.597114255253789850e+01
2.486456695759021329e+02 2.008589472542960763e+01 5.602292152292152139e+01
2.486561319817133722e+02 2.013870367358739344e+01 5.609878751739216796e+01
2.486525631990748195e+02 2.017881859742324835e+01 5.618273974087927769e+01
2.486613541497262361e+02 2.019331056540358915e+01 5.618508881299578661e+01
2.488114779277570108e+02 2.029938020635695040e+01 5.630257855839251135e+01
2.488980502701433011e+02 2.042855206808695101e+01 5.638478704757774551e+01
2.490063605645001132e+02 2.054489438210368490e+01 5.649782259084584979e+01
2.491784391319274903e+02 2.074939917963173741e+01 5.666904284346144749e+01
2.493437234600025363e+02 2.094519434054317841e+01 5.683766104696337607e+01
2.494641043710811061e+02 2.109899531992555310e+01 5.690451021846370594e+01
2.496134330785493489e+02 2.129806111201460084e+01 5.704412641621944147e+01
2.497234690374225181e+02 2.143168717587322192e+01 5.715400878191575629e+01
2.497916192334797074e+02 2.151779873872897042e+01 5.724693265390939700e+01
2.498869283171608799e+02 2.168323665998084593e+01 5.731963643591550550e+01
2.500091162067906225e+02 2.184266637755009910e+01 5.740619070851629147e+01
2.501156827668455662e+02 2.195700294537503794e+01 5.741720424278563684e+01
2.502270287851683293e+02 2.208960806635225183e+01 5.746159267089499423e+01
2.502262066099275444e+02 2.217785186389837548e+01 5.752457490829583975e+01
2.502393704486727870e+02 2.226167759888690156e+01 5.753449522054173570e+01
2.502363889340633420e+02 2.238560018792576756e+01 5.760348566162520001e+01
2.502655626027718938e+02 2.248699878932437102e+01 5.757333622449901611e+01
2.503050812236858746e+02 2.252381597730434848e+01 5.758492799190473477e+01
2.502908964420592213e+02 2.258149473265752505e+01 5.758883106557524911e+01
2.502636833450787037e+02 2.261877270016804786e+01 5.750135523391337244e+01
2.502419905675719747e+02 2.259635713124085044e+01 5.750474331869680356e+01
2.501883504092806447e+02 2.269818037259897636e+01 5.755781427874450884e+01
2.502551363365316774e+02 2.274452033754359448e+01 5.759699860862651377e+01
2.501441788185974247e+02 2.273607271281689890e+01 5.751854863482770241e+01
2.501419833396577701e+02 2.274193635821542969e+01 5.743030483728158231e+01
2.500456171735241639e+02 2.275915686380802683e+01 5.736288646753762777e+01
2.500221264523590037e+02 2.274008420520048546e+01 5.737637556242207637e+01
2.499838094721815764e+02 2.278867385844129956e+01 5.733429103196544929e+01
2.499682784915343063e+02 2.277882582533745293e+01 5.736611192425145589e+01
2.499117381326683756e+02 2.281863356281960975e+01 5.729619992410690088e+01
2.498516109213783523e+02 2.275060082036826259e+01 5.719986989754431761e+01
2.497562024538768810e+02 2.270118899188666717e+01 5.707846804358432280e+01
2.496719520789288254e+02 2.270175819013028473e+01 5.707097811748974436e+01
2.496231004137980847e+02 2.278180733994687657e+01 5.706787011438174062e+01
2.496818994958529743e+02 2.277703691657179874e+01 5.712374189118375511e+01
2.496865976400860063e+02 2.282521096474584965e+01 5.715641206338880664e+01
2.497133499575359963e+02 2.283295386783758829e+01 5.712165483095715501e+01
2.496582913210820323e+02 2.277892520915776586e+01 5.709899531992554955e+01
2.495259753166729979e+02 2.262263963426754287e+01 5.699959342982598542e+01
2.492757720315859729e+02 2.209040313691476598e+01 5.676702625539834912e+01
2.487927034206103940e+02 2.077654903236298622e+01 5.640523300988417077e+01
2.480034965034965069e+02 1.963255994651343528e+01 5.555354077447100991e+01
2.475700565584286608e+02 1.885507128530384335e+01 5.512602771905097399e+01
2.473427115520138670e+02 1.847082633129144824e+01 5.494891671635857477e+01
2.472854935761912429e+02 1.837315010570824469e+01 5.496813393325021480e+01
2.474530456623479893e+02 1.851012811477927755e+01 5.510402775519054330e+01
2.476021936719611176e+02 1.881677237491190979e+01 5.512289261126470308e+01
2.477531847996964416e+02 1.899457906434650667e+01 5.531172186986140815e+01
2.478795468097793560e+02 1.914941905639580000e+01 5.538600675809978213e+01
2.479994759762201681e+02 1.926620408015756780e+01 5.552292152292152139e+01
2.480908368117670477e+02 1.939009052962541446e+01 5.560607867584612052e+01
2.481969696969696884e+02 1.951853959993495025e+01 5.573949693717135290e+01
2.482638821127193296e+02 1.961526716177878882e+01 5.574298440577510405e+01
2.483500117453605753e+02 1.976886033862778191e+01 5.587563470121610010e+01
2.484701758190130363e+02 1.990484450949567119e+01 5.596835980556910783e+01
2.485764984369635613e+02 1.999414538949422493e+01 5.604222908874071862e+01
2.486448925751251409e+02 2.012965071104606096e+01 5.607300193346704731e+01
2.486348277045951534e+02 2.014450407473663418e+01 5.609728772519470397e+01
2.486577221228384076e+02 2.017714714226342210e+01 5.609516452539708098e+01
2.486721960210332441e+02 2.027841925516344190e+01 5.612473572938689159e+01
2.488013859525487419e+02 2.040919932780397872e+01 5.624402341844202624e+01
2.489232034115755141e+02 2.052086156737319556e+01 5.636605771489492156e+01
2.490813411394806849e+02 2.078691205435391609e+01 5.648133391156647320e+01
2.492419634628936933e+02 2.092715165970979996e+01 5.663096980538841052e+01
2.494123976798395290e+02 2.110610578052438413e+01 5.681823602753835445e+01
2.495937099076633956e+02 2.130404221101895601e+01 5.698079181800112281e+01
2.496908621094667637e+02 2.148318606458141389e+01 5.712939773404889365e+01
2.497632948446901935e+02 2.159884172674870229e+01 5.718173686778337839e+01
2.498408322943206770e+02 2.170170398077374685e+01 5.726248170434217144e+01
2.499486818091469331e+02 2.176774001192605823e+01 5.735204459623064110e+01
2.499810809345693201e+02 2.180383440848557086e+01 5.730939086753040357e+01
2.500367991181944660e+02 2.182177770549863638e+01 5.732838221210314344e+01
2.500469001282954764e+02 2.185952548743246382e+01 5.740958782819247830e+01
2.500970618528758109e+02 2.193661119242514701e+01 5.744650439999276870e+01
2.500946676062955021e+02 2.197118772700168066e+01 5.746890189913445823e+01
2.501046330930051909e+02 2.191638206754485907e+01 5.744235738421784987e+01
2.500784951482625900e+02 2.195295531342042850e+01 5.740256771652120449e+01
2.500474873963246125e+02 2.197065466832908598e+01 5.734281997072694992e+01
2.500599736181131618e+02 2.197565096402305684e+01 5.731120688097432492e+01
2.500173469940911843e+02 2.203046565837263415e+01 5.724921848177662298e+01
2.500221896966083079e+02 2.201959668238738033e+01 5.729622702878516805e+01
2.499920583292676213e+02 2.208839739072297093e+01 5.728712889178005696e+01
2.500069387976364794e+02 2.208557850418315383e+01 5.723082344012576783e+01
2.500925082669268704e+02 2.226011456244014397e+01 5.730734898176758918e+01
2.501430675267884567e+02 2.228751739216855654e+01 5.739806833992880541e+01
2.501999873511501278e+02 2.240498003288701057e+01 5.749594333315263839e+01
2.503136101624473611e+02 2.252005746191792568e+01 5.752038271805713521e+01
2.503557217975822766e+02 2.251530510832836285e+01 5.747941851430223181e+01
2.503170705263728451e+02 2.255185124952566866e+01 5.753300446323702033e+01
2.503662655174283032e+02 2.258584051607307330e+01 5.749829240526914731e+01
2.504131295061527567e+02 2.263730326521024239e+01 5.754767712907247557e+01
2.504359516452539651e+02 2.272045138324208224e+01 5.752876709853453718e+01
2.505075079958800757e+02 2.277509441462929729e+01 5.755728122007192127e+01
2.505171572613433000e+02 2.274963408684338972e+01 5.760410003433258908e+01
2.504734645199761474e+02 2.281527258271444225e+01 5.764071845467194066e+01
2.504021069369906627e+02 2.282432554525577828e+01 5.762057064382646132e+01
2.504460165157839526e+02 2.281455882618673314e+01 5.760690085108689829e+01
2.505127753383567324e+02 2.286886756654198649e+01 5.759080970708877345e+01
2.505449756961384935e+02 2.290585641748432622e+01 5.766234798792938676e+01
2.505466652210838276e+02 2.295766249254621272e+01 5.768874794456189647e+01
2.505610939448148713e+02 2.297471133517645114e+01 5.767554796624563807e+01
2.505834553043855237e+02 2.294608879492600551e+01 5.764699770513723820e+01
2.505921830107876644e+02 2.296664317594550297e+01 5.754073833143600325e+01
2.505968901899134380e+02 2.304113586671726210e+01 5.757609186678953961e+01
2.505829674201767148e+02 2.306365985435752819e+01 5.759337561663143390e+01
2.505349740698577818e+02 2.310922281852514359e+01 5.763084331688983042e+01
2.504975967185269496e+02 2.304920402594821027e+01 5.750367720135162131e+01
2.503552790878372321e+02 2.276166856399414584e+01 5.737752299380206011e+01
2.500519054588822030e+02 2.229457364341085324e+01 5.716270034874685990e+01
2.495821271751504185e+02 2.157440234184420191e+01 5.675650964023056844e+01
2.490857592020382754e+02 2.068793480421387443e+01 5.639663179198063148e+01
2.488198803780199171e+02 2.025407021918649875e+01 5.613193653891327983e+01
2.487136029345331565e+02 2.007722122838401901e+01 5.597977087511971206e+01
2.486907988652174595e+02 2.000505050505050519e+01 5.605255597116062205e+01
2.488255452557778256e+02 2.012975009486637390e+01 5.618896478198804090e+01
2.490144919679803479e+02 2.042791059070128767e+01 5.624007517030772618e+01
2.491694042391716835e+02 2.062346180950832064e+01 5.643548183083066760e+01
2.492388735295712081e+02 2.070158652716792247e+01 5.654295188016118345e+01
2.493773422959469599e+02 2.081412515133445496e+01 5.665440631719701514e+01
2.494289676731537213e+02 2.090384163639977544e+01 5.674231582371117355e+01
2.494917601778066967e+02 2.103790137511067826e+01 5.679300157207133992e+01
2.496244104732476785e+02 2.115068394138161523e+01 5.691539726423447121e+01
2.496808875878643335e+02 2.119603006812308976e+01 5.690740138414557237e+01
2.496627003487468528e+02 2.123848502918270498e+01 5.693359353824470048e+01
2.496185106882781213e+02 2.129215229215229144e+01 5.689243056684917121e+01
2.495844672123741930e+02 2.127492275166693858e+01 5.691358125079054986e+01
2.495666865434307340e+02 2.122021647603042993e+01 5.683155345946043724e+01
2.496208145859308729e+02 2.126511989302687056e+01 5.689611680309354824e+01
2.496467356932473081e+02 2.135211687537269043e+01 5.685630003071863570e+01
2.497500406570173936e+02 2.140157387831806446e+01 5.694045102184637130e+01
2.498019551507923666e+02 2.151018232413581188e+01 5.701935274028297584e+01
2.498592815453280593e+02 2.162007372472488598e+01 5.707937153285990206e+01
2.499208814441372510e+02 2.169118736560596972e+01 5.721575323900905374e+01
2.499774760123597446e+02 2.175028459912180878e+01 5.725721436186552182e+01
2.500240779891942680e+02 2.186774723984026281e+01 5.729206194322473067e+01
2.500587268029128438e+02 2.195087728808659122e+01 5.727962089589996708e+01
2.500906380441264218e+02 2.204372888093818261e+01 5.732209392674509019e+01
2.500970618528758109e+02 2.209177644061364987e+01 5.734946965179523204e+01
2.501046240581124209e+02 2.220968179107714136e+01 5.732256374116839481e+01
2.501665672828463585e+02 2.230893912289261038e+01 5.740631719701487157e+01
2.502243634918053488e+02 2.232733416454346553e+01 5.742874180083482116e+01
2.502502394246580195e+02 2.243392782927666573e+01 5.748947434993946359e+01
2.502813194557380712e+02 2.248527312480800688e+01 5.752849605175186554e+01
2.503067888184167202e+02 2.251361558338302515e+01 5.750512278419255097e+01
2.503529751901844804e+02 2.255087548110804008e+01 5.754624961601705735e+01
2.503869192822681100e+02 2.264739524041849705e+01 5.767702968865759772e+01
2.504182703601308333e+02 2.276388211271932249e+01 5.766460671111833847e+01
2.504646193599681965e+02 2.284012757268571292e+01 5.771530149437126056e+01
2.505361305361305426e+02 2.285043638532010490e+01 5.760591604777651042e+01
2.505017798738728914e+02 2.281791980629190064e+01 5.757029146564030242e+01
2.504804394571836497e+02 2.277621474133102097e+01 5.753460363925480436e+01
2.505382085614643870e+02 2.276676424350842964e+01 5.754150629732025379e+01
2.506385500804105391e+02 2.277759707992266058e+01 5.759700764351926949e+01
2.506454798431542486e+02 2.284188034188034067e+01 5.766230281346560105e+01
2.506756834896369810e+02 2.285893821940333481e+01 5.758391608391608685e+01
2.506833902531576825e+02 2.286118790769953435e+01 5.763892954590629358e+01
2.507127536546141187e+02 2.284871975569650004e+01 5.758902079832312637e+01
2.507485227950344324e+02 2.287067454509314857e+01 5.757154731573336193e+01
2.507208127789523076e+02 2.291348186697024047e+01 5.764355541099727276e+01
2.507349433512224266e+02 2.296718526951084982e+01 5.764644657667913208e+01
2.506866428145497991e+02 2.299047722303536290e+01 5.755358594893478852e+01
2.506125928335230526e+02 2.296334544008962553e+01 5.754065701740120176e+01
2.506120959144215021e+02 2.295936105238430969e+01 5.757310131728736735e+01
2.505710865362028130e+02 2.298502918270360240e+01 5.757916373032652047e+01
2.505713756527709961e+02 2.294736271480457646e+01 5.764010408196454449e+01
2.505180517157261306e+02 2.296128548454129970e+01 5.760917764406136854e+01
2.504737897761153533e+02 2.294281816374839522e+01 5.758373538606096531e+01
2.504742595905386509e+02 2.291342765761370259e+01 5.752879420321280435e+01
2.505028821307891178e+02 2.298193021448835438e+01 5.752928208742162042e+01
2.505725772935075213e+02 2.303364594062268367e+01 5.765316853688946708e+01
2.505648705299868197e+02 2.307283930539744432e+01 5.769434957807050779e+01
2.505141667118411419e+02 2.297987025894002500e+01 5.762038994597133978e+01
2.503705570914873135e+02 2.267072333351402946e+01 5.744701938887985193e+01
2.500633797726821115e+02 2.216748884190744562e+01 5.720366455250176330e+01
2.496913951681393655e+02 2.160784047993350399e+01 5.691835167416562768e+01
2.492775067309950998e+02 2.089842070074628211e+01 5.654669232576209481e+01
2.490920836269673373e+02 2.048993512947001250e+01 5.624828788782276945e+01
2.490784319040132857e+02 2.038318787155996503e+01 5.617262066099275586e+01
2.491424892936520905e+02 2.041597549737084449e+01 5.621973762671436958e+01
2.492235684212428453e+02 2.050184311812218851e+01 5.631915758659944515e+01
2.494069134999367634e+02 2.074246038199526510e+01 5.649195894544731544e+01
2.495157749227516604e+02 2.088119116026092925e+01 5.665132541876727856e+01
2.496625286857845083e+02 2.103776585171933888e+01 5.667049746119513287e+01
2.497365515621329450e+02 2.111999241069008448e+01 5.670473066984694555e+01
2.497703691657179945e+02 2.120754052149401048e+01 5.674143040422109863e+01
2.497503478433710882e+02 2.125477494082145213e+01 5.667655987423429309e+01
2.497952241556892830e+02 2.133403805496828909e+01 5.675705173379591884e+01
2.498212085072550224e+02 2.139901700366816684e+01 5.670960047704233631e+01
2.498131674527023449e+02 2.143600585461050656e+01 5.669704197611174123e+01
2.498444552863157639e+02 2.147629244140872018e+01 5.671156104877034920e+01
2.498902621925877838e+02 2.151512441047324842e+01 5.675266981080934414e+01
2.498841546050848308e+02 2.158137727905169712e+01 5.683110171482264406e+01
2.498144594423664273e+02 2.162522361359570766e+01 5.677556422905259836e+01
2.497521367521367495e+02 2.158389801413057185e+01 5.668848593267198055e+01
2.497462188973816808e+02 2.157582985489962368e+01 5.669458448528215655e+01
2.497544135451112197e+02 2.164935581214650995e+01 5.672506821344030925e+01
2.497419724977864632e+02 2.172813104208453083e+01 5.678418351674165621e+01
2.497862976816465164e+02 2.173122097540702313e+01 5.671065755949476994e+01
2.498155888039609067e+02 2.176282503026689241e+01 5.669679803400733675e+01
2.498919246128548366e+02 2.176601434740969765e+01 5.658593086500063407e+01
2.499055221264523539e+02 2.186377188702770269e+01 5.669640953361883362e+01
2.499807014690735514e+02 2.191903832601506963e+01 5.670183950416508623e+01
2.500120886865072976e+02 2.198415279810628675e+01 5.680609313167452967e+01
2.500220812778952393e+02 2.207086066388391998e+01 5.683035181872391206e+01
2.500757214361865408e+02 2.212632587051191635e+01 5.679655228492438113e+01
2.500794347771091850e+02 2.217325310348565992e+01 5.688406425615728068e+01
2.501171102799009702e+02 2.222429121266330654e+01 5.690897345548508213e+01
2.501378272889900813e+02 2.224198153267920830e+01 5.697458484667787104e+01
2.502070887768562102e+02 2.225063695993928548e+01 5.698298729694078446e+01
2.501933647747601128e+02 2.232508447624726600e+01 5.702906524999548310e+01
2.502141721327767812e+02 2.239712871108219971e+01 5.705000813140348015e+01
2.502614155869969750e+02 2.239975786487414311e+01 5.707735675177535484e+01
2.502472940496196259e+02 2.243608716864530805e+01 5.705297157622739235e+01
2.502944471549122625e+02 2.249459713413201811e+01 5.709178547550640559e+01
2.502587954680977873e+02 2.236126018684158367e+01 5.705750709239081431e+01
2.502405991940875651e+02 2.247947272365876970e+01 5.710951193509333024e+01
2.502550730922824016e+02 2.249128132849062922e+01 5.715337633942284867e+01
2.502179758226269826e+02 2.247186534395836688e+01 5.708878589111147051e+01
2.502144341446667113e+02 2.255667588225727727e+01 5.711060515711678676e+01
2.502278419255163442e+02 2.262085072550188869e+01 5.707333622449901611e+01
2.502493901447389817e+02 2.258364503713340810e+01 5.715795703005005635e+01
2.502949621437993528e+02 2.268719394300789816e+01 5.717603585045445413e+01
2.502941038289875451e+02 2.268072495979472691e+01 5.712739198785710215e+01
2.502878697529860403e+02 2.262072423700330503e+01 5.705167055167055423e+01
2.503069424115935817e+02 2.262562114887696296e+01 5.699906940604615357e+01
2.502999494046005680e+02 2.258554236461213094e+01 5.700759834480764709e+01
2.503045391301205314e+02 2.259518259518259597e+01 5.699634990332664586e+01
2.503285900146365179e+02 2.271866247447642806e+01 5.697953596790806330e+01
2.503523156430133270e+02 2.272834787951067170e+01 5.701827758804503077e+01
2.503671690067039037e+02 2.275343777669359113e+01 5.706497894869988130e+01
2.504376321353065578e+02 2.281501057082452277e+01 5.716298043042229438e+01
2.503619106991199885e+02 2.277571782222944918e+01 5.709040313691476598e+01
2.503420429699499437e+02 2.278318967853851618e+01 5.705663974268625083e+01
2.503935147539798720e+02 2.278768002023815953e+01 5.705328779747384260e+01
2.503634375959957481e+02 2.278479788944905238e+01 5.701282051282051100e+01
2.503931352884841317e+02 2.278818597423248704e+01 5.699734374152978944e+01
2.503674310185938054e+02 2.276055727218517788e+01 5.699681971774995048e+01
2.501895249453388885e+02 2.268279395023581202e+01 5.691125024845955238e+01
2.499809183064996887e+02 2.241864079073381433e+01 5.673278401185378073e+01
2.497152743896930076e+02 2.208497316636851693e+01 5.654522867313564660e+01
2.494251730181962614e+02 2.162944290851267581e+01 5.636041994181528736e+01
2.491222149943080240e+02 2.110544623335320935e+01 5.610732549104642430e+01
2.488839468025514634e+02 2.066613360799407317e+01 5.596699553676297967e+01
2.487682369310276158e+02 2.043145226866156960e+01 5.588222113803509217e+01
2.487630057281220104e+02 2.038466055907916541e+01 5.582682821054913802e+01
2.487566813031929200e+02 2.046329123073309120e+01 5.588491353607632561e+01
2.487874451130265072e+02 2.050190636237147856e+01 5.591660793986375211e+01
2.488505086644621542e+02 2.055919661733615200e+01 5.589796895610849248e+01
2.489031820892286078e+02 2.068299271787643789e+01 5.590413075296796563e+01
2.489062178131945586e+02 2.074577618763665399e+01 5.593287074682423565e+01
2.489191196400498711e+02 2.073007354402703228e+01 5.588579895556640054e+01
2.489337652012070521e+02 2.076390921739758966e+01 5.592595905386603050e+01
2.488949151623570231e+02 2.082627708209103545e+01 5.590831390831390735e+01
2.489047903001391262e+02 2.081210133535714846e+01 5.599446161074067874e+01
2.489153611246634625e+02 2.085846840498003374e+01 5.599822012612710154e+01
2.488342277877161735e+02 2.079213422236677999e+01 5.600219547893966165e+01
2.487515404492148718e+02 2.074114128765291554e+01 5.589748107189967641e+01
2.486460490413978732e+02 2.063690572992898709e+01 5.577044144486004740e+01
2.485263005728122039e+02 2.047119676189443638e+01 5.559992591387940308e+01
2.484100937821868058e+02 2.035344500460779571e+01 5.552984225077248226e+01
2.483307583888979195e+02 2.029281183932346622e+01 5.546075242586870502e+01
2.482376538190491715e+02 2.025460327785909342e+01 5.537502032850870393e+01
2.482567264776567129e+02 2.027651289279196334e+01 5.543355739867367760e+01
2.483518729332682824e+02 2.040192623913554115e+01 5.534594604362046510e+01
2.482933991073525988e+02 2.039108436782855449e+01 5.538049547351872803e+01
2.483015937550821377e+02 2.045363293037711472e+01 5.535045445510561990e+01
2.482661860103720528e+02 2.051566650403859882e+01 5.530255145371424419e+01
2.482381507381507504e+02 2.058250664064617652e+01 5.526845376845376734e+01
2.482533474277660446e+02 2.064997921974666184e+01 5.523242261614354476e+01
2.482399848213801761e+02 2.067013606548490401e+01 5.515514717840299141e+01
2.482735946224318297e+02 2.067356932473211373e+01 5.512768110442529235e+01
2.483420068303789208e+02 2.073507887461375887e+01 5.519164814513651862e+01
2.483601308252470972e+02 2.083901628087674496e+01 5.523338934966842118e+01
2.483721381977195790e+02 2.086470248098154912e+01 5.528231329394120053e+01
2.483806852062666053e+02 2.091158453949151763e+01 5.528420158652716765e+01
2.484105726315028733e+02 2.089737265318660775e+01 5.526825500081314146e+01
2.484269619269619227e+02 2.093656601796136840e+01 5.525710594315245316e+01
2.484986447660866133e+02 2.098587846262264733e+01 5.529590177264596207e+01
2.485782060316944069e+02 2.102969769248839071e+01 5.540582027791329978e+01
2.486469254259951924e+02 2.111095751793426345e+01 5.544508592183010620e+01
2.487722393885184715e+02 2.119724977864512638e+01 5.553716051390470199e+01
2.488305325165790407e+02 2.122465260837353895e+01 5.554642127897941606e+01
2.488395403046565946e+02 2.125939177101967914e+01 5.561101172729079423e+01
2.488121645796064456e+02 2.127177860898791195e+01 5.564811803183896188e+01
2.486895430151244000e+02 2.120031260728935152e+01 5.550607144793191594e+01
2.485388952133138218e+02 2.111486962649753352e+01 5.541365352993260274e+01
2.484908747583166075e+02 2.105841961655915284e+01 5.530429518801611977e+01
2.484742686254314208e+02 2.102327388373900163e+01 5.527453425127843900e+01
2.484281545328057064e+02 2.099381109846225968e+01 5.523195280172024013e+01
2.483814531721508558e+02 2.097977991001246778e+01 5.517187979978677959e+01
2.483278310836450373e+02 2.096354420773025495e+01 5.514964492871469304e+01
2.482590755497732289e+02 2.093210278093998866e+01 5.514433241177427192e+01
2.482136932834607137e+02 2.091509007788077668e+01 5.506833992880504525e+01
2.481687537268932715e+02 2.090842232702697956e+01 5.501732892430566579e+01
2.481137041253320206e+02 2.085181872391174807e+01 5.499957536004047398e+01
2.481071809327623328e+02 2.088863591189172553e+01 5.495603621185016863e+01
2.480391481903109820e+02 2.086736777434451895e+01 5.496581196581196593e+01
2.480112303716954898e+02 2.083655879004716382e+01 5.497555158020274035e+01
2.480286044704649271e+02 2.080828861061419133e+01 5.493159682694566470e+01
2.480606512350698267e+02 2.085395999349487894e+01 5.499810267252127716e+01
2.481972226739668486e+02 2.090611842937424214e+01 5.509388157062575431e+01
2.483438589833938579e+02 2.105653132397318572e+01 5.525835275835275695e+01
2.484991326502954507e+02 2.118531468531468676e+01 5.541416851881967887e+01
2.486538371189533905e+02 2.131332104587918508e+01 5.548247230805370123e+01
2.487639724616468868e+02 2.137174969733109364e+01 5.561166223956921328e+01
2.488173686778337981e+02 2.139387614969010443e+01 5.571250067761695846e+01
2.488484035344500569e+02 2.137240924450226842e+01 5.576952892069171241e+01
2.488431542617589116e+02 2.135944417339766233e+01 5.572497786451274493e+01
2.488427838311559128e+02 2.133328815886955354e+01 5.575288664823548856e+01
2.488576010552754667e+02 2.126460490413978732e+01 5.577321515693608944e+01
2.488703041144901533e+02 2.122759798341193616e+01 5.580183769718653508e+01
2.489074736632876181e+02 2.129704920402594936e+01 5.580630996910066699e+01
2.489539039771597970e+02 2.127854574366202201e+01 5.579246851339874524e+01
2.489591171102798910e+02 2.133007173704848114e+01 5.577251043530113606e+01
2.489875228131042206e+02 2.133378507797112533e+01 5.580285864006794583e+01
2.489831499250103946e+02 2.128613505357691338e+01 5.572105672105671914e+01
2.488452864964492903e+02 2.119972533926022251e+01 5.554368370647440400e+01
2.486130445781608671e+02 2.104267179848575253e+01 5.540553116134511669e+01
2.484421134421134525e+02 2.094320666413689835e+01 5.525102546032778861e+01
2.483374351746444688e+02 2.085018340832294470e+01 5.512258542491100854e+01
2.482284834029020146e+02 2.080640031802822421e+01 5.509036699734374309e+01
2.481685820639308986e+02 2.081501057082452277e+01 5.502756545779801911e+01
2.479819031098100766e+02 2.066750691169295706e+01 5.493528306319004173e+01
2.476830107876619422e+02 2.050518602844184102e+01 5.468405883522162725e+01
2.475871144359516336e+02 2.033657685983267527e+01 5.448017744529372663e+01
2.474920492943748798e+02 2.027924143040421967e+01 5.440896442059232641e+01
2.473637357474566727e+02 2.011623389530366168e+01 5.430052763773694124e+01
2.472417737301458374e+02 2.008621094667606144e+01 5.416707323684067887e+01
2.471302921884317243e+02 1.997541605681140453e+01 5.411724580329231316e+01
2.470182324135812451e+02 1.986368153810014192e+01 5.402831535389675111e+01
2.469762563018377080e+02 1.986998789324370662e+01 5.402385211687537492e+01
2.469898086409714324e+02 1.988238376610469516e+01 5.399754250917041531e+01
2.469813519813519918e+02 1.983710088361251067e+01 5.404604181348367575e+01
2.468445004607795283e+02 1.973653349234744425e+01 5.396824235196328345e+01
2.465350553838925975e+02 1.946181854321389082e+01 5.362236858748486412e+01
2.460308902983321673e+02 1.906628900814947158e+01 5.324212609096330340e+01
2.455670931136047557e+02 1.861102076218355350e+01 5.282220234545815885e+01
2.450768236931027673e+02 1.825114291393361299e+01 5.233764297717785752e+01
2.446721689163549627e+02 1.806491570445058770e+01 5.204646645344319467e+01
2.443715870692614942e+02 1.782540973238647553e+01 5.179633544749823670e+01
2.441627003487468528e+02 1.763258705119170244e+01 5.156238593447896079e+01
2.439993223830433067e+02 1.752249688296199892e+01 5.144994669413274124e+01
2.440354348493883379e+02 1.749305216747077196e+01 5.147514501002873288e+01
2.440013010245568523e+02 1.753972642344735533e+01 5.143450606241304257e+01
2.440290923546737361e+02 1.761019858694277218e+01 5.149677454328617188e+01
2.440283605283605368e+02 1.764914800961312480e+01 5.150572812200719142e+01
2.441358576823693056e+02 1.772607108653620145e+01 5.162547659059286786e+01
2.441959306843027662e+02 1.777185088812995772e+01 5.157751034495220210e+01
2.441999963860428977e+02 1.780632803888617843e+01 5.163526137944742800e+01
2.441544243869825266e+02 1.781471241936358041e+01 5.164693446088794815e+01
2.441454075640122028e+02 1.782506640646175455e+01 5.166841943586129560e+01
2.441368424856796935e+02 1.779546809779368033e+01 5.157756455430874354e+01
2.441654559910373905e+02 1.785227046854953770e+01 5.162858459370087161e+01
2.442552357203520046e+02 1.784375056468079634e+01 5.174546900128295590e+01
2.443372725465748658e+02 1.791559603187510064e+01 5.180589436403389669e+01
2.444198062918993060e+02 1.794290851267595599e+01 5.180183769718653508e+01
2.444503713340922673e+02 1.790925353716051305e+01 5.191798124356263600e+01
2.445445510561789604e+02 1.795059720641116030e+01 5.200565584286514564e+01
2.447798106286478514e+02 1.794838365768598365e+01 5.218171879799786694e+01
2.448842268842268766e+02 1.809399902423158224e+01 5.235602898393596405e+01
2.450581485697764776e+02 1.825852442131511921e+01 5.252359010498545189e+01
2.451848719755696493e+02 1.838947615691801829e+01 5.262010082940315669e+01
2.453592815453280593e+02 1.843974630021141792e+01 5.281836251603693455e+01
2.455536943676478643e+02 1.851789812254928691e+01 5.287609548074664190e+01
2.456703257982327671e+02 1.858556043439764238e+01 5.295347933720026390e+01
2.458248134294645979e+02 1.864915704450588052e+01 5.312921703619377922e+01
2.459984640682314989e+02 1.869505429970546118e+01 5.315238250121971220e+01
2.460106973130228880e+02 1.864285068936231582e+01 5.323523246779060969e+01
2.460540196237870703e+02 1.864092625720532581e+01 5.325419670768508240e+01
2.460755949476879607e+02 1.871309698053883963e+01 5.327765128927919847e+01
2.461258108816248296e+02 1.869172042427856439e+01 5.332497605753419379e+01
2.460780614734103153e+02 1.856862001048047617e+01 5.328691205435391254e+01
2.459421857212554983e+02 1.848926654740608200e+01 5.314839811351438925e+01
2.458943278943278870e+02 1.832269022966697491e+01 5.305991940875662038e+01
2.457982147051914410e+02 1.830810791275907690e+01 5.302748414376321051e+01
2.459162826837245461e+02 1.825360943965594984e+01 5.293905061346922025e+01
2.458961258379862898e+02 1.819731302289441999e+01 5.294982924052691686e+01
2.459119097956307201e+02 1.823004643934876512e+01 5.299062178131945444e+01
2.459129578431904122e+02 1.827691946296597436e+01 5.298722466164326761e+01
2.459803400733633225e+02 1.826985417683092194e+01 5.302948988995500912e+01
2.459850472524891245e+02 1.838041415948392654e+01 5.301981351981351764e+01
2.460887858911114847e+02 1.840591062684086054e+01 5.304440649789486883e+01
2.461050396631791841e+02 1.850615276196671388e+01 5.312853038434433728e+01
2.461641007571240038e+02 1.849058564174843156e+01 5.311831192063750251e+01
2.461546863988724567e+02 1.843661119242514701e+01 5.312635297519018707e+01
2.460944869084403877e+02 1.836076326774001188e+01 5.302733958547911897e+01
2.460863193653891301e+02 1.833217686706058913e+01 5.307132144341446889e+01
2.461569360871686456e+02 1.835700475235358908e+01 5.304620444155327874e+01
2.461591134963227887e+02 1.834606349722628948e+01 5.306254856254856378e+01
2.462007553170343783e+02 1.833859164091722249e+01 5.306508736741294996e+01
2.461259464050161796e+02 1.821177788619649007e+01 5.304976418929907567e+01
2.460678520445962363e+02 1.804277118230606547e+01 5.295899965667407372e+01
2.459715491227119060e+02 1.792709745035326563e+01 5.294393849045011535e+01
2.459381109846226252e+02 1.779535967908060812e+01 5.292770278816790608e+01
2.457680471982797599e+02 1.763093366581738763e+01 5.283526680038308143e+01
2.456102166567282836e+02 1.740335375219096292e+01 5.261816736235341097e+01
2.453708823476265195e+02 1.719376231004137878e+01 5.244222186082651405e+01
2.451323340741945458e+02 1.690143835492672864e+01 5.231071899676550885e+01
2.450386332014238917e+02 1.664843425308541569e+01 5.225135071646699458e+01
2.449048083699246376e+02 1.646040006505122832e+01 5.218546827849153402e+01
2.448383838383838338e+02 1.626228293670154201e+01 5.217816808514483284e+01
2.446820259843515544e+02 1.599584394933232190e+01 5.209987170452286875e+01
2.445711859200231402e+02 1.569109701667841250e+01 5.200240328147305036e+01
2.443514663630942607e+02 1.541387940225149578e+01 5.177169729495310690e+01
2.441433205037856169e+02 1.508416002602049133e+01 5.163257801629894317e+01
2.439862940676894141e+02 1.476566198659221918e+01 5.149181438716322390e+01
2.438061292712455383e+02 1.437812833161670412e+01 5.145779801593754854e+01
2.436133065900507688e+02 1.406313583057769101e+01 5.133215879727507769e+01
2.435143293399107449e+02 1.370791095209699861e+01 5.129104100034332703e+01
2.435241141287652908e+02 1.346139390325436835e+01 5.120917583708281029e+01
2.434596953434162856e+02 1.328234039861946769e+01 5.117099438029670466e+01
2.434387163224372443e+02 1.294044198695361558e+01 5.114943712618131144e+01
2.433621907807954301e+02 1.263320142389909861e+01 5.117157261343307795e+01
2.432873276594206686e+02 1.246348999837371885e+01 5.104716214018539944e+01
2.431331652843280722e+02 1.214491064491064520e+01 5.092592291429500762e+01
2.430122603494696421e+02 1.190286586798214685e+01 5.074806201550387641e+01
2.428546195406660502e+02 1.166792251675972558e+01 5.064817224119549621e+01
2.428412930738512046e+02 1.137595995735530607e+01 5.062566632334074512e+01
2.426836161254765898e+02 1.126027719050974873e+01 5.044912451889196348e+01
2.426179414900345250e+02 1.109977232070255404e+01 5.039385807990458943e+01
2.425374315606873665e+02 1.101937081006848373e+01 5.031707052637285216e+01
2.426271209410744234e+02 1.105401962378706493e+01 5.036928317160874968e+01
2.425968901899134380e+02 1.102031947380784516e+01 5.034013660757846509e+01
2.425467917095824077e+02 1.101590141125024758e+01 5.026575233551977817e+01
2.424046005673912703e+02 1.095339802316546418e+01 5.011618872083988663e+01
2.422872192407076000e+02 1.091884859326719770e+01 5.003819952657161707e+01
2.421393180462947896e+02 1.091181944670316817e+01 4.993699065792088732e+01
2.421469434957807039e+02 1.097047397047396977e+01 4.994186950000903380e+01
2.422977539256609134e+02 1.111589960427169643e+01 4.999054950217740867e+01
2.423687952873999336e+02 1.148173144684772673e+01 4.995454545454545325e+01
2.422765490323629933e+02 1.182541876727923302e+01 4.989348764930160485e+01
2.421387849876221878e+02 1.181257114978045131e+01 4.982767749046819006e+01
2.420225962667823012e+02 1.175865090981370109e+01 4.980003071863536945e+01
2.421065123506984094e+02 1.189966751594658589e+01 4.975369978858351061e+01
2.420127753383567324e+02 1.200885419490070660e+01 4.960206718346253041e+01
2.417576390018250549e+02 1.197395240418496165e+01 4.943800256590954234e+01
2.417365425272402035e+02 1.202614697963535129e+01 4.942297753925660686e+01
2.416933286351890899e+02 1.211860103720568915e+01 4.941243381941056612e+01
2.415802840570282513e+02 1.213553242623010142e+01 4.932898754991778389e+01
2.413703944634177105e+02 1.201689524945338938e+01 4.910160640393198861e+01
2.411227390180878558e+02 1.180872228546647129e+01 4.898069243418080276e+01
2.408897020292369007e+02 1.154825536220885063e+01 4.880193708100684802e+01
2.406597097992446948e+02 1.123456388572667564e+01 4.862152834245857491e+01
2.405733452593917718e+02 1.109890497099799411e+01 4.855518512495256545e+01
2.405410455177897120e+02 1.122337868849496800e+01 4.850803201965992884e+01
2.406638658499123551e+02 1.150065954717117478e+01 4.861549303409768186e+01
2.407830722249326811e+02 1.174068050812236841e+01 4.874120453190220559e+01
2.407911042445926171e+02 1.176598724273142871e+01 4.879589273775320635e+01
2.408336224499015259e+02 1.182906886395258539e+01 4.885655300771579590e+01
2.407404727055889850e+02 1.183781464014022156e+01 4.876452359010498583e+01
2.407432373827722643e+02 1.189482481342946407e+01 4.878969480132271030e+01
2.409287418008348141e+02 1.226057534197069110e+01 4.887982689145479753e+01
2.411749516633237533e+02 1.274275853345620746e+01 4.894566415496647949e+01
2.414273956018141973e+02 1.314145931587792049e+01 4.919543376520120859e+01
2.415441264162194273e+02 1.343346704974612038e+01 4.929243237382772236e+01
2.415864458538877102e+02 1.363185522487848012e+01 4.930168410400968781e+01
2.415918125801846656e+02 1.368142064653692636e+01 4.927185088812996128e+01
2.414642669991507091e+02 1.369384362407618205e+01 4.926024105093872407e+01
2.412777235684212371e+02 1.367551182667461696e+01 4.902335519777380313e+01
2.412992356480728517e+02 1.378505990133897186e+01 4.904266276359299326e+01
2.412062304620444024e+02 1.383198713431271543e+01 4.897820783867295802e+01
2.412522361359570766e+02 1.388507616414593215e+01 4.908026598724273271e+01
2.413116224860411023e+02 1.399447968052619196e+01 4.910188648560741598e+01
2.413197990639851014e+02 1.406575594947688046e+01 4.906192515494841189e+01
2.412707034567499704e+02 1.402171988218499799e+01 4.901178150015359591e+01
2.411701541352704226e+02 1.405821181402576769e+01 4.892532661137312289e+01
2.411537919444896261e+02 1.406656908982490428e+01 4.882819247935527329e+01
2.410255958511772576e+02 1.413435789017184341e+01 4.887549014293200145e+01
2.409851195316311703e+02 1.418292947362714784e+01 4.878582786722321885e+01
2.410383169801774557e+02 1.421520211055094762e+01 4.888235666142642799e+01
2.409574727597983497e+02 1.435311071357583046e+01 4.877476915849008776e+01
2.410425272402016503e+02 1.444828427386566894e+01 4.887572505014365731e+01
2.411606403931985199e+02 1.452668003830794596e+01 4.891592128801431016e+01
2.411832095553025681e+02 1.460862651560326064e+01 4.895431958222656021e+01
2.411921360293453347e+02 1.462257639001825105e+01 4.896808875878643619e+01
2.411782674689651458e+02 1.462605482372924293e+01 4.886231726929401020e+01
2.410655481469434847e+02 1.464137800184311899e+01 4.891208145859308587e+01
2.409710431687175856e+02 1.464735910084747239e+01 4.883692922065014841e+01
2.408512495256681234e+02 1.468086951807882024e+01 4.875107063479156722e+01
2.408165013281292488e+02 1.460886142281491118e+01 4.867833974810719155e+01
2.408072495979472762e+02 1.457685983267378660e+01 4.872439963137637875e+01
2.407272185179161852e+02 1.456945122061401143e+01 4.870174012034477329e+01
2.406325328418351717e+02 1.451867512332628607e+01 4.845103991615619776e+01
2.405275744926907748e+02 1.444927811206880897e+01 4.839891761984785035e+01
2.404239081332104604e+02 1.438485932671979128e+01 4.837305975678068393e+01
2.402700800491498114e+02 1.423721110930413225e+01 4.822085795341609327e+01
2.400711497804521173e+02 1.411016244737174929e+01 4.798015034061545947e+01
2.398672412858459495e+02 1.394365840877468798e+01 4.787421622305343050e+01
2.397056612638008062e+02 1.381366437180390605e+01 4.761097558771977134e+01
2.396006758099781280e+02 1.367774344518530505e+01 4.748506532227462174e+01
2.394153069153069282e+02 1.358272347807231561e+01 4.736644621528342469e+01
2.392207043602392389e+02 1.342129704920402666e+01 4.718810646717623314e+01
2.390433403805496937e+02 1.331841672539346888e+01 4.708157604669232654e+01
2.389624058112430305e+02 1.325782873457291977e+01 4.686692506459948504e+01
2.389922480620155056e+02 1.326016877179667830e+01 4.682893334056124957e+01
2.390599736181131618e+02 1.334238629587466818e+01 4.684718382392801317e+01
2.391638116405558208e+02 1.344029742866952226e+01 4.701184474440288596e+01
2.391884949675647363e+02 1.347282304259048402e+01 4.704863482770459626e+01
2.391966805804015053e+02 1.350258397932816479e+01 4.703889521331381474e+01
2.391216909705281921e+02 1.343030483728158231e+01 4.695414791926420151e+01
2.389742957301096737e+02 1.330076254494859178e+01 4.683439945067851795e+01
2.388398113514392662e+02 1.318770893189497784e+01 4.663630942700709880e+01
2.386683652265047613e+02 1.304495762635297496e+01 4.645362389548436255e+01
2.384622431831734275e+02 1.281754937568891073e+01 4.633098426121681968e+01
