2.478082360474853374e+02 2.237968572976700798e+01 5.723768123080964898e+01
2.478195409093148101e+02 2.239099059159647354e+01 5.724898609263911453e+01
2.478566408879694052e+02 2.242809057025105446e+01 5.728608607129369545e+01
2.481486215785757565e+02 2.278141470863504381e+01 5.761875441275471132e+01
2.486331954090931617e+02 2.315275930578132346e+01 5.803505574438040782e+01
2.486877657915045177e+02 2.337003924273024325e+01 5.821900398995123282e+01
2.485481995960790016e+02 2.347834261038044090e+01 5.799894914864621143e+01
2.484507577623433860e+02 2.358274633433492440e+01 5.790594059405940897e+01
2.480633220038421882e+02 2.361756399520549010e+01 5.710722788696779872e+01
2.480014202912828694e+02 2.360347601924371475e+01 5.685668193685039995e+01
2.479815608426514189e+02 2.369569643531517400e+01 5.673359276226130277e+01
2.480028405825657103e+02 2.371365942564405671e+01 5.680242352593468524e+01
2.479942038980017287e+02 2.377756432359653971e+01 5.685990837889759320e+01
2.479988834704365956e+02 2.383403116431045987e+01 5.692309081654433811e+01
2.480077089798532199e+02 2.390902746991116956e+01 5.691470863504260791e+01
2.480614255455396346e+02 2.399868643580775895e+01 5.698511567574667680e+01
2.481436136150928462e+02 2.410491273007897917e+01 5.709589018603352883e+01
2.481604108172011252e+02 2.416236474393707923e+01 5.714025581662643560e+01
2.482036434986782183e+02 2.421221450503259121e+01 5.717418682166724153e+01
2.482347585504819278e+02 2.430557607999605807e+01 5.726354202584437303e+01
2.483110520007224693e+02 2.441211434576293371e+01 5.725489713150419391e+01
2.484159236819204182e+02 2.455690195885260252e+01 5.741433098533733670e+01
2.485543487184539231e+02 2.471637686156675429e+01 5.751722411047074957e+01
2.486639574405201643e+02 2.483302957161387781e+01 5.762266226622661947e+01
2.487222468515508353e+02 2.495121750981068232e+01 5.771017848053462274e+01
2.487544538035893140e+02 2.497403247787465475e+01 5.770396367995008546e+01
2.487690179465707843e+02 2.495201385810222661e+01 5.765009112851583950e+01
2.488120453836428396e+02 2.498228330295716049e+01 5.769932515639623460e+01
2.488473145822044899e+02 2.502815953237114854e+01 5.765804640165509198e+01
2.488291135083657650e+02 2.500982710211319571e+01 5.767682215982792115e+01
2.487986470288819874e+02 2.496330230037928999e+01 5.762238313383576838e+01
2.487322135198594424e+02 2.495561794985468751e+01 5.750068141142472200e+01
2.486480961528988587e+02 2.490913419700179077e+01 5.745173472571137552e+01
2.485308851780700365e+02 2.484443295075776348e+01 5.743386204292070829e+01
2.484906819040112964e+02 2.485834852141930540e+01 5.735142768008144287e+01
2.484399290675336260e+02 2.484516362083969554e+01 5.732640428221926499e+01
2.484344777761358216e+02 2.484572188562139772e+01 5.732267704382378781e+01
2.483992167873503831e+02 2.484154310953483247e+01 5.729987028553601647e+01
2.483648670837233112e+02 2.481678242451110705e+01 5.726098878544571136e+01
2.483795133244667852e+02 2.486518726499515708e+01 5.731267753641035512e+01
2.483525359998686497e+02 2.488236211680869658e+01 5.725597261218658929e+01
2.483372822356862457e+02 2.487594207181912154e+01 5.727024120322479916e+01
2.483679129106940593e+02 2.491547214422934786e+01 5.731307160566802850e+01
2.483276932170828957e+02 2.497424593205589360e+01 5.731548527987126818e+01
2.483195655386434169e+02 2.496537937375827099e+01 5.734316043544652786e+01
2.482295535523701631e+02 2.507177807332972108e+01 5.732716779140600494e+01
2.483023660575012741e+02 2.509822176247475412e+01 5.734858709751571837e+01
2.483003710818843217e+02 2.515568198610905881e+01 5.738472653235472620e+01
2.482370162389373149e+02 2.520616389997208628e+01 5.739305945519924990e+01
2.481035334876771401e+02 2.524562829417270038e+01 5.733481109304960199e+01
2.479419815115840038e+02 2.512739109731868581e+01 5.720957916687191158e+01
2.478033019719882475e+02 2.507589938098287519e+01 5.715631413887657430e+01
2.477087089305945540e+02 2.506803441538183819e+01 5.709736794574980223e+01
2.476527593057813306e+02 2.501310280281759546e+01 5.704624566934305108e+01
2.475638638490714811e+02 2.502655041623565424e+01 5.703100011493686594e+01
2.474688110602104985e+02 2.500760225276258808e+01 5.701217509810682316e+01
2.474288787087664048e+02 2.493616078025712923e+01 5.690376500336601140e+01
2.472580004269083531e+02 2.482390030047780982e+01 5.676579150452358391e+01
2.468953992414166692e+02 2.436324154803540054e+01 5.636412820386516387e+01
2.462442244224422438e+02 2.346225965880170250e+01 5.570388979196427215e+01
2.456244109485575393e+02 2.262899200367797903e+01 5.517234783179810620e+01
2.453094510943631690e+02 2.211226868955552405e+01 5.483282432720884003e+01
2.450187921777252313e+02 2.159147332643712147e+01 5.455881483670755472e+01
2.447430914733264444e+02 2.111256424149877731e+01 5.417234783179810620e+01
2.444162520729684900e+02 2.068398929445183398e+01 5.387700113294911830e+01
2.441381048552616448e+02 2.041930610971544979e+01 5.364556754182881093e+01
2.440068469533520386e+02 2.034006534981856262e+01 5.345979672594125276e+01
2.439093066023020242e+02 2.026927244963302144e+01 5.340872370819171522e+01
2.438901285650953241e+02 2.030851517987619559e+01 5.343189169663234850e+01
2.439039127793376451e+02 2.039751736367666624e+01 5.338170533471257784e+01
2.439349621529317176e+02 2.049772589199218586e+01 5.354064660197362713e+01
2.439292070998144482e+02 2.061538019473589145e+01 5.354410291775446495e+01
2.440147529678340845e+02 2.084338209940397135e+01 5.366511501896458469e+01
2.440495542091522623e+02 2.097266144524900255e+01 5.370320017076334551e+01
2.441074823900300430e+02 2.116281628162816375e+01 5.392162126660426935e+01
2.441628573305091834e+02 2.128247376976503702e+01 5.401409618573797644e+01
2.441719701820928492e+02 2.138424215555884089e+01 5.399586227279444017e+01
2.441625207296848998e+02 2.150854637702576255e+01 5.405192683447449298e+01
2.441887591744249164e+02 2.167835738797760214e+01 5.422498891680212552e+01
2.441741868216672344e+02 2.177133310345960027e+01 5.430980411473983338e+01
2.442580825246703853e+02 2.178321264962317017e+01 5.434647718503193659e+01
2.442276488842914262e+02 2.183082114181567235e+01 5.438233748748009333e+01
2.441203717386663925e+02 2.183892419092655501e+01 5.438634385826642159e+01
2.440509662906589199e+02 2.182997553486691800e+01 5.436631200433475897e+01
2.440617046779304928e+02 2.180455806774707384e+01 5.436445659491322147e+01
2.440249248805477578e+02 2.182823506231220279e+01 5.432616619870942287e+01
2.439970362707912557e+02 2.185262630740686163e+01 5.428658686764198649e+01
2.439626373085069702e+02 2.190229545342593909e+01 5.426332036188693309e+01
2.438772392164589462e+02 2.183377666124821559e+01 5.414925373134328623e+01
2.437857330509170311e+02 2.170312628277753220e+01 5.405186936604108183e+01
2.436501157578444463e+02 2.164215227492898563e+01 5.394265471323251404e+01
2.435802177232648660e+02 2.158890366648605053e+01 5.383091965913008892e+01
2.435831321938163967e+02 2.157552994105380861e+01 5.386332364579741494e+01
2.435532239791143354e+02 2.156880613434477922e+01 5.378064298967210277e+01
2.435346534653465369e+02 2.155883946603615442e+01 5.371823227098829534e+01
2.434379833505738588e+02 2.150167479434510653e+01 5.356727911597129577e+01
2.434205704152504666e+02 2.148899069011378771e+01 5.351059061129993921e+01
2.434199957309163835e+02 2.148895785100897982e+01 5.346260446940216582e+01
2.435384628015040391e+02 2.160157956094116827e+01 5.353923452046696951e+01
2.436655747664318596e+02 2.170043347618343788e+01 5.360841009474081886e+01
2.436851715022248470e+02 2.173195080702100057e+01 5.356889644188299116e+01
2.436652135362789977e+02 2.172808400243009430e+01 5.358000426908362357e+01
2.435833949066548314e+02 2.167171567903059071e+01 5.346889315797251641e+01
2.435873684383363695e+02 2.164521452145214653e+01 5.345743231039521959e+01
2.436608869842208094e+02 2.173042378864752067e+01 5.354119665697913177e+01
2.437698307144147236e+02 2.183237278951775906e+01 5.356268985107465852e+01
2.438271595816298145e+02 2.191505344564307123e+01 5.365131438516986151e+01
2.439389356846132273e+02 2.202712510056975859e+01 5.375420751030326727e+01
2.439647225916621380e+02 2.202517938361000205e+01 5.372760783541041008e+01
2.440299328440306681e+02 2.209804114739832315e+01 5.376375548002561544e+01
2.441422672117957973e+02 2.223871566261103894e+01 5.381763624123606604e+01
2.442775232747155201e+02 2.236835623860893563e+01 5.395443574208167092e+01
2.443984204390588388e+02 2.246519875868184002e+01 5.404709948606800651e+01
2.445536180483719875e+02 2.262814639672922468e+01 5.416908034086991108e+01
2.446792850926883602e+02 2.275568527001954067e+01 5.435082015664252708e+01
2.447653481766087111e+02 2.284698619115642870e+01 5.437984992529103323e+01
2.448722312529760359e+02 2.296746465691345307e+01 5.442443721984138705e+01
2.449083214291578372e+02 2.302595110257294309e+01 5.443734298803014582e+01
2.449258739306766586e+02 2.304261694826199047e+01 5.443284403067172406e+01
2.450224208988063026e+02 2.314051031968868699e+01 5.448289082639607273e+01
2.451533093607868352e+02 2.319844671034267591e+01 5.461393527412442950e+01
2.452006715596932906e+02 2.324830468121438898e+01 5.466490977455954692e+01
2.452577295042937067e+02 2.336207575981478612e+01 5.470425102211713408e+01
2.453523225456874002e+02 2.342882124033299007e+01 5.481780864653629237e+01
2.454043396877001157e+02 2.349443377173538394e+01 5.482931875277080280e+01
2.454389274748370440e+02 2.352036845475592486e+01 5.489785396450092492e+01
2.453120946423000532e+02 2.338693496215293166e+01 5.484205211565932814e+01
2.448855064610938825e+02 2.295036369308572688e+01 5.450040227903387091e+01
2.444234027880399935e+02 2.247991888741113087e+01 5.418998243107893131e+01
2.440837561368077218e+02 2.197297341674465798e+01 5.391763131537034326e+01
2.439079930381097938e+02 2.167521304369243040e+01 5.374470879923813271e+01
2.439093887000640279e+02 2.154778089749273562e+01 5.373375695778533156e+01
2.440171091736039273e+02 2.158381360524112225e+01 5.376474886294599287e+01
2.443351148547690457e+02 2.191219644352494811e+01 5.410295059356681691e+01
2.447882452424346980e+02 2.230230858906786295e+01 5.449063264535408990e+01
2.450701114887608298e+02 2.258066105117974587e+01 5.475616143703922489e+01
2.452959378027354944e+02 2.273391294353315928e+01 5.488146725120273572e+01
2.453660492914963243e+02 2.291610429699686335e+01 5.503323317406367465e+01
2.453831174162192212e+02 2.293323809992939744e+01 5.503023660575012599e+01
2.453692182651101064e+02 2.287563010032346611e+01 5.499170812603648528e+01
2.453488169712493630e+02 2.288074479089700120e+01 5.495055251793836248e+01
2.452741162175919101e+02 2.285155903650066378e+01 5.491951135412048757e+01
2.452171732098582879e+02 2.285786414462341654e+01 5.488113886015467102e+01
2.452231499269329902e+02 2.292042263927885415e+01 5.490504572845344455e+01
2.452422458663776865e+02 2.292946981265290773e+01 5.492709718733067348e+01
2.452413756301003218e+02 2.289188545720243795e+01 5.484481881023923222e+01
2.452321642612022288e+02 2.290480764494359889e+01 5.482999195441932017e+01
2.451267999934321722e+02 2.282532059176066852e+01 5.476856640887969263e+01
2.451098057566950672e+02 2.281003398847347441e+01 5.471479237475986679e+01
2.451443689145033886e+02 2.290022658982316273e+01 5.475651445741588930e+01
2.451751063166018128e+02 2.296212830238247804e+01 5.479743198200416998e+01
2.452491338686107554e+02 2.308905965223388179e+01 5.487883191304204900e+01
2.453175541434740410e+02 2.315212715301380797e+01 5.492314828497774926e+01
2.453236129583107470e+02 2.313953335632070818e+01 5.489140929018275017e+01
2.453419864374497195e+02 2.319649278360671829e+01 5.491011937014597066e+01
2.453234405530105278e+02 2.326183439239446216e+01 5.486758451964599459e+01
2.452460305732065819e+02 2.318586933320197829e+01 5.480078157069438305e+01
2.451995139812488844e+02 2.317412935323383039e+01 5.476311511748189531e+01
2.451445084806988177e+02 2.316038618787251835e+01 5.473734462998538675e+01
2.450355154918476899e+02 2.309559463409027558e+01 5.463977964960675138e+01
2.449724397812915697e+02 2.303268311905817356e+01 5.458261497791570349e+01
2.449405201714201326e+02 2.302823342035696186e+01 5.459339441406827120e+01
2.449054069586063065e+02 2.301981839975042377e+01 5.457772195129960835e+01
2.449132883437597457e+02 2.302860286028602843e+01 5.454423427417368941e+01
2.449391245094658700e+02 2.304872502175590654e+01 5.463039587540843911e+01
2.449388289575226167e+02 2.305250151880859733e+01 5.463325287752655868e+01
2.450050325928115171e+02 2.315080537904536584e+01 5.467018866065711080e+01
2.450193832816117379e+02 2.317540186854506246e+01 5.463414774313252309e+01
2.450103032691328906e+02 2.315949132226655394e+01 5.458864916342380269e+01
2.452747729996880253e+02 2.338143441209792783e+01 5.480693069306930454e+01
2.453207231170878231e+02 2.342679342561121913e+01 5.487053182930233675e+01
2.453573305091703105e+02 2.345080702100060677e+01 5.485224044792538933e+01
2.454081161847527994e+02 2.352013037124607919e+01 5.488510418205999741e+01
2.454041919117284749e+02 2.351016370293745794e+01 5.490997980395054157e+01
2.453763689801816099e+02 2.347853143523307651e+01 5.486759272942219923e+01
2.453979606915915497e+02 2.351086153391458566e+01 5.487391425709735415e+01
2.454059241745069926e+02 2.352329113508365666e+01 5.486875851764281009e+01
2.453823949559134974e+02 2.350570579446004160e+01 5.485536016288195782e+01
2.453657291102244642e+02 2.350782391672003158e+01 5.481156921662315540e+01
2.453586276538101458e+02 2.349546820353677035e+01 5.478456726269642019e+01
2.453369045859809887e+02 2.348568215030458362e+01 5.468520434132965846e+01
2.453604912730079093e+02 2.350585357043167178e+01 5.460607030852339250e+01
2.453772556360113697e+02 2.352859465050982735e+01 5.468979360622629571e+01
2.453774034119829821e+02 2.351123918361985332e+01 5.463968113229233126e+01
2.454171797776792516e+02 2.357500451537691077e+01 5.462120913583895998e+01
2.454088386450585233e+02 2.356101505672955199e+01 5.458157233633811245e+01
2.454159318916966299e+02 2.357300132998374309e+01 5.469296257984007070e+01
2.454570710802423434e+02 2.360258115363775033e+01 5.462592975715482169e+01
2.454444280248920336e+02 2.359414150370260899e+01 5.467868577902566329e+01
2.454578099601004908e+02 2.361067599297243191e+01 5.463284238871648313e+01
2.455224701574635162e+02 2.369306930693069191e+01 5.465239807562846153e+01
2.455830993547115781e+02 2.375110421489910095e+01 5.470877460880416265e+01
2.456473490632645280e+02 2.381009966668308664e+01 5.475085792161305420e+01
2.456493276193290853e+02 2.382209414971347883e+01 5.474263993563535280e+01
2.455235210088173119e+02 2.370433311987915204e+01 5.471208314861336675e+01
2.452371229660279539e+02 2.341149861254782039e+01 5.443126775364103764e+01
2.447986552386581991e+02 2.294088140157299449e+01 5.416745480518201106e+01
2.442137907820632847e+02 2.231219315961446981e+01 5.376198216836608879e+01
2.438776661248214452e+02 2.192715465576408462e+01 5.349564881861320487e+01
2.437114920447268673e+02 2.176439584256933202e+01 5.337853636109879574e+01
2.435721557230349958e+02 2.166633827561860670e+01 5.330231679884406049e+01
2.436578575768024564e+02 2.174020163210350987e+01 5.329438615503341481e+01
2.437548971315042081e+02 2.184259396088862459e+01 5.343631676600495695e+01
2.438808925668686243e+02 2.196456660591432453e+01 5.352657504556425749e+01
2.439908296799829373e+02 2.208534062361459860e+01 5.360465822701673488e+01
2.440988046565850595e+02 2.220306881434412105e+01 5.364076482275093127e+01
2.441102983432671749e+02 2.221623729537132874e+01 5.357782867839022600e+01
2.441330886820025228e+02 2.225203191960986970e+01 5.357608820583551079e+01
2.441239019424330365e+02 2.230129878659507625e+01 5.358956044858216927e+01
2.441430471405349465e+02 2.229880301462982217e+01 5.355923353529382780e+01
2.441758451964599317e+02 2.233905554734577947e+01 5.358342774575964995e+01
2.442026829548626381e+02 2.238983301315206020e+01 5.360898477907492321e+01
2.442041525048027211e+02 2.238552288064627405e+01 5.351193701459698104e+01
2.442035203520352127e+02 2.240761538840451195e+01 5.348762786726433660e+01
2.442164343300001690e+02 2.241061195671806061e+01 5.361227689933172513e+01
2.442141191731113281e+02 2.240205736991609697e+01 5.367252023709833963e+01
2.442476643186706724e+02 2.244542140781242168e+01 5.370242024202420339e+01
2.442525080866295468e+02 2.246425463441866555e+01 5.367723264863799670e+01
2.442275996256342125e+02 2.243888642595602789e+01 5.363179974713889209e+01
2.443297046122522715e+02 2.254187806840385377e+01 5.360768763443508789e+01
2.443807530006731952e+02 2.261732591169564799e+01 5.362753887329031244e+01
2.444720621315862843e+02 2.270548248854736073e+01 5.372651593517560542e+01
2.445316158481519722e+02 2.279377042181830149e+01 5.379301512240776617e+01
2.446059964205375650e+02 2.285327487972677929e+01 5.377454312595438779e+01
2.446466922811684128e+02 2.290139237804377359e+01 5.373133507380588725e+01
2.446907623598180805e+02 2.295597097023135191e+01 5.384144459222041945e+01
2.447646996042887793e+02 2.305200893223650738e+01 5.386476035663267936e+01
2.448631101916161867e+02 2.314485329129927749e+01 5.391983974516854516e+01
2.449401589412672706e+02 2.329541237705860013e+01 5.405095808088271525e+01
2.450070029390998911e+02 2.339525967522125427e+01 5.403309360786825266e+01
2.450325025039817319e+02 2.344768730604403828e+01 5.401465445051967862e+01
2.450705548166756955e+02 2.352182979491978898e+01 5.408009457662183905e+01
2.451236802784756037e+02 2.361081555916785746e+01 5.411519136988325585e+01
2.451781931924535627e+02 2.372563748912204673e+01 5.421769863553519286e+01
2.452808564438533381e+02 2.386521189432376033e+01 5.429072459484754631e+01
2.453196968950626342e+02 2.395780996010048725e+01 5.434227377961676808e+01
2.453677240858414166e+02 2.405200893223650738e+01 5.434281562484606809e+01
2.454733510664499363e+02 2.418139500517215978e+01 5.441074331313728152e+01
2.454897870384053249e+02 2.419494113590463513e+01 5.443808186788827896e+01
2.454976602137825807e+02 2.420537576145674308e+01 5.445567541828809510e+01
2.454830878610248988e+02 2.420958737664811267e+01 5.437747729996880253e+01
2.454674236080324476e+02 2.415550137103262429e+01 5.434736384086169636e+01
2.455054677109501995e+02 2.410218708438008051e+01 5.431693841025893477e+01
2.455292021739487325e+02 2.411909101357897001e+01 5.429965683135477406e+01
2.455279296586375040e+02 2.408205671313400131e+01 5.424695827791734359e+01
2.455107958557049699e+02 2.407070259264732570e+01 5.421603205096629097e+01
2.454994909938754972e+02 2.404104067123130051e+01 5.415100241367420608e+01
2.455112063445150454e+02 2.407160566802949120e+01 5.412973088353611217e+01
2.455294320476823771e+02 2.409758139993103754e+01 5.419453885687076422e+01
2.455951677257278050e+02 2.418522076088205708e+01 5.422352757663826139e+01
2.455697420488317562e+02 2.420123803425118680e+01 5.424044792538955306e+01
2.455879759617752711e+02 2.425070193586523004e+01 5.429780963170944119e+01
2.456010048766070497e+02 2.436349605109764838e+01 5.429330246457481479e+01
2.456087384857888765e+02 2.438571170549890965e+01 5.428822882288228868e+01
2.456013578969837283e+02 2.441983974516854516e+01 5.428124230333481393e+01
2.455943221187790471e+02 2.446887673842011068e+01 5.425236852043413194e+01
2.455748731589577005e+02 2.441425709735152694e+01 5.424112933681427506e+01
2.455557772195130042e+02 2.445612695597917963e+01 5.433808679375400175e+01
2.455807185196131570e+02 2.455206640066991852e+01 5.434534423591613006e+01
2.456074249215966461e+02 2.452238805970149116e+01 5.440774674482373285e+01
2.456435068880022357e+02 2.452958803343020833e+01 5.445885260167807473e+01
2.456011116036976887e+02 2.453822471799418636e+01 5.443734298803014582e+01
2.452927359900169222e+02 2.417906342873093450e+01 5.420804393872222704e+01
2.448380703742016067e+02 2.360834441653120663e+01 5.379958294336896074e+01
2.443099436809352483e+02 2.299454049882600160e+01 5.346432031262827422e+01
2.439926932991806723e+02 2.252452260151388330e+01 5.321921744413247524e+01
2.438167988440634986e+02 2.223461077451028700e+01 5.309507741818958237e+01
2.437433870252696977e+02 2.214701246244027288e+01 5.302036845475592486e+01
2.437242336173915760e+02 2.209479007602252665e+01 5.297770224783672433e+01
2.438241301742114615e+02 2.216043544652972841e+01 5.298070702592647052e+01
2.438853094264650281e+02 2.225882140452851132e+01 5.308283664187314344e+01
2.439665451619788712e+02 2.233972874899430394e+01 5.307471717320985505e+01
2.440709735152619828e+02 2.244366451570530074e+01 5.315034563157808378e+01
2.441976175229463308e+02 2.252835656699998523e+01 5.323449583764346471e+01
2.442217542649787276e+02 2.248106825607933956e+01 5.324745086448943709e+01
2.442440027584848110e+02 2.246886852864390960e+01 5.326815592006961708e+01
2.442511781028849214e+02 2.247215243912451044e+01 5.328508447859711339e+01
2.443231203717386677e+02 2.249421210777794045e+01 5.335472801011444233e+01
2.443879940232829142e+02 2.259297571548199457e+01 5.344341001264305646e+01
2.443646618393182735e+02 2.255309262269510384e+01 5.340856772244388395e+01
2.443037781390079317e+02 2.248995944370556543e+01 5.335885752754379752e+01
2.442734183866147930e+02 2.245585603336452962e+01 5.331358882156872170e+01
2.441877493719521226e+02 2.236864358077598780e+01 5.324360047945093299e+01
2.441474475805789552e+02 2.230991905160665212e+01 5.315875244240842079e+01
2.441359621036730516e+02 2.230188168070538524e+01 5.322982447498480951e+01
2.441251744577442935e+02 2.229849925291036428e+01 5.324000459747467318e+01
2.441441390407697440e+02 2.229416449107597487e+01 5.322887214094544106e+01
2.442816363725924873e+02 2.243504425069372488e+01 5.331707797645436386e+01
2.443787416055038477e+02 2.261587278130798140e+01 5.336202650115757962e+01
2.444674071884800526e+02 2.271562156215621542e+01 5.339974221302727386e+01
2.445595783458942947e+02 2.283153539234520579e+01 5.339989819877509802e+01
2.446330230037929141e+02 2.289471782999195426e+01 5.350036943992906657e+01
2.447343809007766424e+02 2.299226639081818746e+01 5.355056401162504187e+01
2.448304270725579954e+02 2.311254782194637514e+01 5.362537970214931704e+01
2.449332298901531999e+02 2.320897985320920043e+01 5.372108927310641491e+01
2.450901761817972897e+02 2.340296865507446356e+01 5.391612892632547016e+01
2.452301610758090646e+02 2.360032346518233837e+01 5.405417631315370386e+01
2.453652693627571750e+02 2.376919035187100704e+01 5.421762474754937955e+01
2.454906983235636915e+02 2.392814803868446560e+01 5.438416826757302402e+01
2.455940676157167957e+02 2.409420718191222122e+01 5.452748633072262407e+01
2.456349194620954677e+02 2.411210449403149170e+01 5.446535474442966773e+01
2.456243042214669288e+02 2.411951792194144772e+01 5.445657849367026415e+01
2.456113409848447589e+02 2.417325090718027170e+01 5.445624189284600192e+01
2.455375022576884589e+02 2.406105610561056096e+01 5.437049899019752530e+01
2.454743116102655165e+02 2.392540597343316477e+01 5.432860450224126936e+01
2.454576950232336685e+02 2.388181206180319549e+01 5.432939264075661612e+01
2.454338045744873114e+02 2.384649360458433875e+01 5.429197248083017513e+01
2.455723199185590317e+02 2.401701065628951071e+01 5.443265520581908845e+01
2.456397550202781588e+02 2.424274666272597401e+01 5.457307521796955996e+01
2.456539907722115572e+02 2.427093903420192689e+01 5.450155164770208671e+01
2.456592121898757171e+02 2.427130026435479238e+01 5.454397977111143803e+01
2.456688340475838572e+02 2.430313777646421514e+01 5.455974254141832347e+01
2.456902451439173660e+02 2.433241383839876448e+01 5.459494606177035791e+01
2.457226409208084874e+02 2.433899807891236833e+01 5.455847823588329248e+01
2.457410061901712481e+02 2.433887493226934495e+01 5.457754954599937491e+01
2.457153095906605529e+02 2.431468893157972389e+01 5.464137234618983996e+01
2.457189301019654124e+02 2.433968770011329497e+01 5.462103673053872654e+01
2.457292662102031215e+02 2.435698569856985785e+01 5.458349342396926573e+01
2.456848759502815938e+02 2.431834228198939130e+01 5.450263533816067962e+01
2.456529399208577615e+02 2.430584700261070807e+01 5.445444395185787556e+01
2.455841666256177973e+02 2.426823801783163503e+01 5.438305994778582431e+01
2.455705383971233005e+02 2.427260561877083234e+01 5.437342167052526065e+01
2.455710638228001983e+02 2.427641495492832746e+01 5.431188118811881083e+01
2.455756530876968213e+02 2.428389406104789572e+01 5.436078682495114833e+01
2.455232665057550605e+02 2.423078501880038615e+01 5.424818974434757024e+01
2.453986749421210902e+02 2.409200696189022040e+01 5.409819713314615086e+01
2.450127908313219507e+02 2.368375942071819296e+01 5.385928443590627523e+01
2.443623631019818276e+02 2.282496757138400412e+01 5.328547033807858213e+01
2.438006173751703614e+02 2.221120470255980806e+01 5.291616176543027450e+01
2.433758928131619257e+02 2.175600545129139718e+01 5.268441620281431170e+01
2.430987636077040577e+02 2.143743329556836130e+01 5.249698701213404917e+01
2.430551040178644655e+02 2.137459566852207615e+01 5.245188250168300215e+01
2.430910710474032612e+02 2.138494819631216970e+01 5.246249774231154106e+01
2.431197395858988841e+02 2.143391130157791835e+01 5.251254453803588973e+01
2.432066729060965713e+02 2.151775774592384494e+01 5.257442162126660179e+01
2.432835574602236477e+02 2.155796101998259573e+01 5.250671559693282830e+01
2.433383412968162531e+02 2.159872255882304515e+01 5.253031870351214394e+01
2.433875999540252622e+02 2.166935947326075862e+01 5.247450864489434252e+01
2.433572976700655204e+02 2.161840139237804337e+01 5.252522043249101102e+01
2.432697239873241131e+02 2.153880761210449535e+01 5.243495394315551295e+01
2.432425167889923330e+02 2.148089585077910613e+01 5.234686304451340533e+01
2.431867149401507220e+02 2.143652201040999472e+01 5.233145329458319139e+01
2.431969771604026107e+02 2.143716237295371485e+01 5.231224241827167987e+01
2.432459731047731566e+02 2.148408945372149148e+01 5.234490090800125017e+01
2.432117958064463039e+02 2.143508529957473385e+01 5.235520417713413366e+01
2.432123704907804154e+02 2.141751637850352097e+01 5.234985140305074935e+01
2.432259822997225172e+02 2.141277112785905601e+01 5.230016583747926973e+01
2.431835131274321498e+02 2.138186132046040555e+01 5.223720506378995765e+01
2.431443853340557837e+02 2.135232254568740373e+01 5.228101242960116934e+01
2.431558051327520786e+02 2.138370852010574197e+01 5.226860745776070161e+01
2.432013283417894058e+02 2.143527412442736946e+01 5.225937145953401597e+01
2.432085529448467298e+02 2.145448500073888098e+01 5.230129057681887872e+01
2.432310969902960380e+02 2.149558314040359264e+01 5.234407993038109908e+01
2.433151322594946180e+02 2.159176887838037473e+01 5.233931826018422839e+01
2.433480534620626372e+02 2.163618376763049511e+01 5.237235439961906991e+01
2.434852798712707056e+02 2.178500238083509899e+01 5.246495246539579682e+01
2.435569347979574104e+02 2.187181255438976635e+01 5.251700244651330962e+01
2.436118335714168381e+02 2.192699046024005227e+01 5.262475575915800619e+01
2.437100963827726048e+02 2.202259330410652893e+01 5.268699407254158018e+01
2.438019309393625917e+02 2.209295108615339132e+01 5.269216623154852641e+01
2.438922959460125242e+02 2.219175574273845442e+01 5.277336912795757229e+01
2.439575554570382394e+02 2.225077582385104336e+01 5.279605273960231671e+01
2.439947785823358402e+02 2.228517478613532887e+01 5.283790617867757078e+01
2.440564586309377262e+02 2.236196082294796739e+01 5.294260545457530753e+01
2.441326453540876571e+02 2.245617621463638969e+01 5.301220793721163460e+01
2.442412442736811045e+02 2.257170418534390777e+01 5.307458581679063769e+01
2.443837413592105463e+02 2.271505508759831216e+01 5.318657537395530710e+01
2.445053856131881957e+02 2.283055842897722698e+01 5.331923714759535926e+01
2.445237016238937429e+02 2.283035318457218921e+01 5.339577689112194747e+01
2.445291611250677306e+02 2.285765069044217768e+01 5.341497955765726147e+01
2.445222813326108735e+02 2.288406975025860746e+01 5.339535819253567439e+01
2.444743280298179116e+02 2.281523077680902389e+01 5.337164014908953646e+01
2.445026845968178861e+02 2.289192650608344337e+01 5.339196755496445235e+01
2.445381262006797556e+02 2.294950166658457036e+01 5.335274945404988500e+01
2.445250890760717937e+02 2.292858315682314441e+01 5.334900579610199856e+01
2.445540613762868816e+02 2.295968999885063155e+01 5.334962152931711188e+01
2.445288327340196588e+02 2.298726663711147111e+01 5.333751210941989740e+01
2.445210909150616487e+02 2.296218577081588919e+01 5.330509170320016921e+01
2.445501453130387688e+02 2.296454197658571772e+01 5.327771209956816278e+01
2.446006929051114014e+02 2.302569659951069880e+01 5.330405727139878280e+01
2.445923189333858829e+02 2.302704300280774419e+01 5.331070719012199532e+01
2.446024087483375240e+02 2.306892107121159796e+01 5.332969640247606691e+01
2.446437860203930938e+02 2.310977291759026642e+01 5.334028701377600612e+01
2.446279001034431815e+02 2.308633400653498313e+01 5.337057287818333862e+01
2.446298129812981301e+02 2.314059241745070139e+01 5.334036911153801697e+01
2.446365614173357699e+02 2.316894898445068307e+01 5.332767679753050061e+01
2.446440569430077403e+02 2.314623253370113076e+01 5.330748895785100672e+01
2.447097515721721379e+02 2.321215703659918361e+01 5.333339901154294438e+01
2.447738781340820537e+02 2.329060144820452294e+01 5.344084035269198552e+01
2.448654992364908196e+02 2.333660903403773190e+01 5.349486068009785811e+01
2.449605027666945887e+02 2.341703200170763211e+01 5.355406958606308621e+01
2.449491404364316907e+02 2.340491437203422009e+01 5.362593796693101922e+01
2.446438106497217007e+02 2.305712362281004246e+01 5.333047633121520903e+01
2.441776431374480865e+02 2.253365187264995129e+01 5.304771521928311984e+01
2.436701722411046944e+02 2.202664072377386972e+01 5.268243764674974727e+01
2.433420439058831164e+02 2.165601858693332105e+01 5.241739323186050115e+01
2.432462932860450167e+02 2.155215670820813401e+01 5.233648588739470853e+01
2.432198906457809926e+02 2.146963203783064955e+01 5.237175508595635876e+01
2.433122095791668755e+02 2.156950396532190695e+01 5.243906704103245886e+01
2.435783787333957378e+02 2.181803852026993695e+01 5.266014810436267624e+01
2.438045991166280828e+02 2.201733083756136722e+01 5.280653662381163826e+01
2.440323957768911214e+02 2.224844424740981452e+01 5.300791422425824351e+01
2.442231170878281716e+02 2.244783508201566491e+01 5.313578148859662065e+01
2.443881417992545551e+02 2.258754084363660297e+01 5.327018373479138802e+01
2.444861911564290722e+02 2.268143605405316521e+01 5.334938344580726977e+01
2.446003398847347512e+02 2.282385925159680085e+01 5.339970937392246952e+01
2.447390933123162995e+02 2.293525770487496374e+01 5.353371755085956352e+01
2.448960642332889961e+02 2.308533241383839751e+01 5.372057205720572171e+01
2.451309295108615345e+02 2.334620626241728658e+01 5.391964271053971203e+01
2.453358044759699794e+02 2.351784805346206397e+01 5.411596308884620044e+01
2.455278557706516835e+02 2.371804344613565974e+01 5.429721031804673004e+01
2.456862798220120396e+02 2.386641873142538017e+01 5.441561992020097449e+01
2.458220777301610838e+02 2.399031246408222984e+01 5.453030228395974177e+01
2.460357782046861530e+02 2.418066433509022417e+01 5.477542978178414756e+01
2.462835328308950409e+02 2.442753230546935228e+01 5.492089059652234084e+01
2.464402246194768793e+02 2.461407484031985149e+01 5.503773213142209642e+01
2.466168086957949583e+02 2.477419010557772339e+01 5.526036484245439340e+01
2.467906835459665444e+02 2.494617670722296054e+01 5.543113639722181318e+01
2.469711590562041295e+02 2.512634024596489368e+01 5.552866853849563711e+01
2.471781603533487726e+02 2.532674088304352722e+01 5.568206820682068070e+01
2.474572599050949862e+02 2.556040753329064330e+01 5.588776414954928384e+01
2.475979754691886967e+02 2.569875868183833134e+01 5.598769354547395238e+01
2.478362067550038716e+02 2.593974845245718441e+01 5.626290166330066000e+01
2.481727747401605768e+02 2.627776135822537640e+01 5.654587622941398450e+01
2.483329967325090593e+02 2.642396105282169927e+01 5.663204604042493884e+01
2.484739667996650496e+02 2.656213979606915743e+01 5.681071539989819996e+01
2.486146987833111552e+02 2.670563026451899091e+01 5.687560547099486286e+01
2.486987586818383420e+02 2.676315616636290429e+01 5.692505295305650037e+01
2.487843373889627685e+02 2.685116496724299395e+01 5.697199645337668272e+01
2.488238592515968151e+02 2.687650033660082372e+01 5.705151634566441743e+01
2.488291545572467669e+02 2.686747779255537338e+01 5.704554783836592691e+01
2.488434641971659858e+02 2.689791143293433962e+01 5.708297620806856543e+01
2.488693496215293237e+02 2.693282761111932189e+01 5.707607178628310862e+01
2.488449501666584638e+02 2.687654138548183269e+01 5.704063839219742960e+01
2.488277917343973229e+02 2.689680311314713634e+01 5.701814360540531368e+01
2.487611283516411333e+02 2.684027059422360040e+01 5.697945913994384171e+01
2.487424839498875144e+02 2.680812932039472685e+01 5.692928919757647321e+01
2.487392328785117286e+02 2.682326814771029433e+01 5.692104658227016500e+01
2.487656519383281477e+02 2.689415135543405100e+01 5.690727057780404863e+01
2.487409815608426413e+02 2.686563880268623805e+01 5.688956209053741020e+01
2.487802160813096179e+02 2.693546294928000151e+01 5.688940610478958604e+01
2.488127596341723802e+02 2.699044382050145430e+01 5.692830402443229332e+01
2.488262318769190244e+02 2.701455593320526205e+01 5.687104083542682531e+01
2.488862371311758181e+02 2.707457760701443306e+01 5.693127596341723518e+01
2.489258246720194450e+02 2.710658752442408570e+01 5.699587869234684945e+01
2.489844178447695526e+02 2.717194555276423173e+01 5.709138301889890244e+01
2.490383150255323983e+02 2.725397763656962624e+01 5.711532272630248031e+01
2.490519678833555020e+02 2.725586588509597163e+01 5.710731819450602131e+01
2.490561877083230797e+02 2.727685007306700982e+01 5.708383823456972550e+01
2.491271940626898527e+02 2.735777383708520105e+01 5.712927934584503475e+01
2.492048421260036548e+02 2.739824803375859830e+01 5.727615224208987854e+01
2.492879579002676280e+02 2.748794804853619667e+01 5.735644385334055784e+01
2.493838973449583705e+02 2.757791077615224040e+01 5.748653596702953905e+01
2.493497775150649431e+02 2.757585012232566513e+01 5.740254995648818692e+01
2.490942482307932266e+02 2.729780963170944119e+01 5.720038421752622781e+01
2.487461783491781944e+02 2.695638966881762855e+01 5.681169236326617522e+01
2.483075546360606154e+02 2.649421210777794045e+01 5.647147102769978488e+01
2.480409421539168875e+02 2.620318375121094334e+01 5.624511107827200362e+01
2.479526049619887260e+02 2.609737615552599976e+01 5.621043298359686702e+01
2.479852962908231007e+02 2.611203881582187947e+01 5.621366763542025780e+01
2.481009227788450460e+02 2.622301857051376928e+01 5.627576638260840980e+01
2.483040162225177880e+02 2.644391080899134749e+01 5.645134065645370214e+01
2.483984861172684475e+02 2.657103919347158438e+01 5.653067172388880834e+01
2.485219447317866184e+02 2.671177117711771132e+01 5.658543093115281408e+01
2.486194522437318426e+02 2.681894980542830353e+01 5.670745283483572052e+01
2.486837347913895826e+02 2.689121225555391348e+01 5.677703889791964542e+01
2.487618836510516758e+02 2.696019900497512367e+01 5.686696057665468373e+01
2.489020491601398817e+02 2.711075809073444631e+01 5.694253156658949422e+01
2.489508480698816015e+02 2.716410521649179799e+01 5.704856903600807527e+01
2.490672298573140893e+02 2.730642989672101706e+01 5.707172060489631349e+01
2.492154573666321937e+02 2.748764428681674232e+01 5.721562977193242006e+01
2.493372083477004537e+02 2.763133999967161003e+01 5.733105922532551801e+01
2.494301430143014215e+02 2.770975157217214146e+01 5.742855852749453760e+01
2.495707272219759147e+02 2.782524670377485521e+01 5.762010902582795779e+01
2.496087877444460901e+02 2.786110700622301195e+01 5.768345565899873861e+01
2.496339424987274924e+02 2.790478301561499563e+01 5.772394627522453447e+01
2.496661658703183662e+02 2.793310674351017298e+01 5.769947293236786123e+01
2.496454279756333960e+02 2.790582565719258668e+01 5.762895095479697005e+01
2.496421686944813985e+02 2.790808334564799864e+01 5.768260184227377607e+01
2.496507561203881664e+02 2.792678521583501805e+01 5.766501650165016457e+01
2.496664367929330126e+02 2.797539530072410230e+01 5.758621085989195620e+01
2.496926341887920273e+02 2.800014777597162663e+01 5.757661363151240153e+01
2.497489204144295059e+02 2.804687782211057012e+01 5.758580858085808529e+01
2.497387238723872258e+02 2.805708257392903349e+01 5.755336354530975740e+01
2.497462932860450167e+02 2.807121159877181782e+01 5.754252664072377144e+01
2.497452095955864309e+02 2.812848299755348691e+01 5.750978605323219028e+01
2.497158103870088439e+02 2.805915143753181340e+01 5.755348669195277722e+01
2.496794821273172147e+02 2.807526722821535969e+01 5.744067615716795672e+01
2.497060571728814580e+02 2.813451718306158966e+01 5.740334630477973121e+01
2.497335517133802796e+02 2.812700523783721707e+01 5.748476265537001240e+01
2.497802653399668316e+02 2.811089765692987186e+01 5.760428057731146367e+01
2.497659639098238245e+02 2.810543815575587345e+01 5.757108845212879800e+01
2.497550859563568224e+02 2.811291726187544171e+01 5.757314910595537327e+01
2.497761029834326791e+02 2.817530335123064589e+01 5.754276472423362065e+01
2.498259855836329848e+02 2.823221351985944949e+01 5.761773640050571998e+01
2.498501059061129865e+02 2.828756383100996530e+01 5.761343447777613846e+01
2.499220071260857310e+02 2.835132095299082167e+01 5.771824048076449287e+01
2.499804196837594077e+02 2.839994745743231164e+01 5.779379505114690829e+01
2.500231269395596314e+02 2.842003677979738185e+01 5.782762753887328699e+01
2.500760389471782901e+02 2.849651905489056247e+01 5.786164885145230841e+01
2.500953401310280242e+02 2.851180565817775658e+01 5.785935832389208855e+01
2.500712033889956274e+02 2.846462407434773212e+01 5.786031065793146411e+01
2.501027617687141742e+02 2.855052296274403645e+01 5.787380753000672939e+01
2.501363808022593389e+02 2.858897755447186384e+01 5.786882419585241877e+01
2.501067517199481074e+02 2.857824737697650264e+01 5.783275864899923135e+01
2.501337783032034565e+02 2.858686764198807850e+01 5.787982529596243353e+01
2.501539825624353455e+02 2.863198036221532661e+01 5.787519498218478731e+01
2.502040375679358988e+02 2.866101834064003384e+01 5.792557837873339821e+01
2.502453409520056482e+02 2.869209234356271310e+01 5.796446808859990796e+01
2.502643794230169192e+02 2.875227821289591645e+01 5.795040474196673586e+01
2.502580743148941735e+02 2.874618655895440256e+01 5.795771144278607068e+01
2.502443393593090661e+02 2.871588427499466434e+01 5.797660213782572214e+01
2.499951644418173089e+02 2.843685861123425695e+01 5.778253123819844461e+01
2.495783212649623124e+02 2.797236589330574930e+01 5.740739372444706845e+01
2.491856969279017449e+02 2.755756695072492235e+01 5.708192535671477685e+01
2.488155181189760867e+02 2.716121537526887053e+01 5.679264568247869249e+01
2.486286389833013288e+02 2.689263254683677218e+01 5.665655222238641642e+01
2.485583058305830662e+02 2.684410455970970233e+01 5.664132308753263345e+01
2.485901351329162878e+02 2.686969443212977993e+01 5.663435298753756086e+01
2.486536377518348786e+02 2.694978079897542145e+01 5.670017076334499251e+01
2.487564159401014763e+02 2.710093098862125061e+01 5.674843603763361699e+01
2.488556064561680046e+02 2.720545785921875748e+01 5.682555046549430955e+01
2.489633515590365107e+02 2.731904832274272366e+01 5.690521813375367088e+01
2.490837232977029032e+02 2.747321150025450365e+01 5.703828218642760106e+01
2.490627883683890786e+02 2.746608541451159979e+01 5.705452933353036826e+01
2.490418616488514658e+02 2.743166182289870747e+01 5.700192929740735082e+01
2.490015844868068768e+02 2.738987406203306918e+01 5.696846624961003869e+01
2.488790207378946775e+02 2.727297505869989891e+01 5.682924486478498949e+01
2.488011838497282611e+02 2.723520187839679352e+01 5.673997996814606637e+01
2.486897853964501053e+02 2.716435971955404582e+01 5.663439403641856984e+01
2.486109140764822882e+02 2.709675221253468536e+01 5.654468581186476683e+01
2.485751112424675284e+02 2.708653925094002091e+01 5.655457859218757477e+01
2.485776891121948040e+02 2.712021575291857545e+01 5.651147726712969899e+01
2.485536180483719875e+02 2.711510106234504036e+01 5.646621677093082781e+01
2.485565653580283367e+02 2.710839367518841314e+01 5.642791816495082458e+01
2.486051179744840169e+02 2.715527149729898326e+01 5.651331625699883432e+01
2.486204292070998179e+02 2.715968014711918954e+01 5.654882353907032666e+01
2.486999819384923569e+02 2.727013447613418151e+01 5.661057747565801179e+01
2.487845097942630161e+02 2.736214964780059944e+01 5.671802702658325757e+01
2.489342068535211752e+02 2.751404692708076638e+01 5.683889135182175067e+01
2.491379981281710343e+02 2.769847133967127917e+01 5.708594814705351439e+01
2.492207855113869641e+02 2.778835196952531206e+01 5.716275881319474905e+01
2.493003054036746846e+02 2.785913665993464861e+01 5.723071934059077392e+01
2.493892583288179594e+02 2.794554455445544505e+01 5.728773623631019518e+01
2.494435249495098788e+02 2.799846477185031901e+01 5.731464788269871491e+01
2.495098517314418132e+02 2.803937408666239861e+01 5.735053281447547846e+01
2.495951430963991982e+02 2.813771078600397502e+01 5.741874784493374761e+01
2.496324483194588026e+02 2.816370293745792353e+01 5.746112670968589242e+01
2.496503948902353045e+02 2.816260282744692489e+01 5.745483802111554184e+01
2.496699587869234733e+02 2.821715679030589641e+01 5.742905111406663110e+01
2.497143654663973962e+02 2.825484787284698740e+01 5.750169942367371334e+01
2.497126167840664550e+02 2.825605470994860724e+01 5.752855360162882192e+01
2.497075267228215409e+02 2.828712871287128650e+01 5.747860532321888627e+01
2.497009671116365439e+02 2.829180828530614278e+01 5.743621824869054393e+01
2.496443196558461750e+02 2.819976027453491696e+01 5.742403494080751614e+01
2.496398371180401625e+02 2.825601366106759826e+01 5.735219939904438036e+01
2.496301824212272038e+02 2.823310838546541390e+01 5.737320000656782071e+01
2.496106349440914300e+02 2.825606291972480832e+01 5.726927244963302144e+01
2.496474311610265602e+02 2.838781340820649390e+01 5.734061540482406372e+01
2.496680130699637061e+02 2.842505295305650037e+01 5.731514867904700594e+01
2.496575784444115982e+02 2.841916654352002425e+01 5.732461455100733616e+01
2.496933812784263580e+02 2.847135609083296259e+01 5.733765167561531939e+01
2.497267458089092429e+02 2.848825181025565101e+01 5.739855179547805619e+01
2.497557181091243592e+02 2.857053018734709227e+01 5.736453869267523942e+01
2.497923829696402436e+02 2.858459353398026437e+01 5.738952104165640122e+01
2.497934584503226461e+02 2.862739930709488689e+01 5.744171058896934312e+01
2.498665829269494054e+02 2.872112211221122280e+01 5.744364809615289857e+01
2.499155624517675562e+02 2.881213569118105866e+01 5.749085430931152985e+01
2.498898494327044659e+02 2.878854079437794411e+01 5.747110158777071831e+01
2.498986338932400599e+02 2.876664532124854290e+01 5.752545030622465561e+01
2.499580069947293168e+02 2.881760340213125815e+01 5.755419273270610603e+01
2.499800830829351526e+02 2.881142965042772985e+01 5.759041426530712471e+01
2.500278968195326854e+02 2.890556294435413776e+01 5.761205523537428519e+01
2.500539300198676642e+02 2.897083887493226939e+01 5.760393576671099680e+01
2.499948606800978723e+02 2.885003201812718743e+01 5.758305830583058338e+01
2.498098862125018513e+02 2.865274288622892129e+01 5.748310428057730803e+01
2.493927885325846034e+02 2.815363775183488571e+01 5.716375219611513359e+01
2.488327422294468363e+02 2.752510549562418873e+01 5.667493391130157931e+01
2.483314779239117911e+02 2.696081473819023699e+01 5.627877116069815600e+01
2.479358570185376607e+02 2.652368520434133004e+01 5.593595553585209501e+01
2.476776759765528766e+02 2.619433361246572289e+01 5.578845869661593326e+01
2.476310526575045685e+02 2.612636487529350049e+01 5.574360868922713053e+01
2.477244388617966138e+02 2.625282005812521646e+01 5.581742278705482363e+01
2.478149352248657635e+02 2.638600725744216291e+01 5.589665533717550971e+01
2.479508480698816015e+02 2.655544882846493593e+01 5.595621726351739511e+01
2.480722788696780015e+02 2.666564865441768006e+01 5.606983235636996454e+01
2.481801553289657249e+02 2.678331116693759029e+01 5.617396515770980159e+01
2.482581974615372076e+02 2.690276341066942578e+01 5.619959607901088816e+01
2.483029325320591738e+02 2.695025696599510567e+01 5.625027502750275232e+01
2.483018242122719812e+02 2.692389537461208704e+01 5.621212419749437572e+01
2.483067829170976779e+02 2.688869185426005259e+01 5.626929707896162824e+01
2.483108878051984334e+02 2.692058683480288295e+01 5.628386122194309138e+01
2.483285470338078653e+02 2.695400883371919321e+01 5.629216130568280363e+01
2.483115199579659418e+02 2.691176132538626931e+01 5.631615027174359511e+01
2.483295157873996288e+02 2.695388568707616983e+01 5.628539645009276882e+01
2.483374792703151002e+02 2.698573961873799476e+01 5.626912467366139481e+01
2.483707452834835863e+02 2.703496543684219233e+01 5.630682396597868689e+01
2.484190926555342003e+02 2.708071851961315701e+01 5.636558133425283046e+01
2.484619394775298531e+02 2.710524112112703676e+01 5.640734446578986194e+01
2.484894175984762796e+02 2.719009736794575005e+01 5.635251137054003578e+01
2.485381179909035723e+02 2.726718716647784291e+01 5.642479024021805145e+01
2.485809155542419830e+02 2.732522207444625195e+01 5.643166182289871102e+01
2.486541795970641715e+02 2.738283007405217973e+01 5.650050900612449567e+01
2.487379357338718933e+02 2.750717534440011036e+01 5.656108073493916777e+01
2.488060686665681374e+02 2.755944698947506666e+01 5.662757171239511678e+01
2.488845130781734838e+02 2.765107630166001584e+01 5.667905521895472987e+01
2.489149631381048664e+02 2.767805362625814780e+01 5.670794542140781402e+01
2.489450601776595704e+02 2.774413411490402837e+01 5.668705975075119596e+01
2.489898198775101434e+02 2.781391721261678285e+01 5.673602285601694462e+01
2.490518201073838611e+02 2.787977603730522347e+01 5.685082836641873172e+01
2.491296077368930924e+02 2.794830303925914805e+01 5.692126003645140742e+01
2.492340032510713854e+02 2.808456890465165756e+01 5.694776119402985159e+01
2.492561942761440434e+02 2.811687437400456346e+01 5.693514276800814145e+01
2.492749043561072426e+02 2.810911613549414767e+01 5.692403494080751614e+01
2.493054447235768407e+02 2.816954829811339422e+01 5.698881007503735674e+01
2.493147217706845424e+02 2.826210531500911216e+01 5.696800650214274953e+01
2.493208134246260386e+02 2.821278918936669911e+01 5.706261596308884521e+01
2.493894307341181786e+02 2.827487151700244539e+01 5.709310707190122258e+01
2.494299377698963838e+02 2.833432671625371668e+01 5.711867231499269337e+01
2.494561269559791867e+02 2.840209020902090131e+01 5.705859317275010767e+01
2.494592959295929688e+02 2.845345056893749103e+01 5.700491765594470195e+01
2.494092409240924155e+02 2.842976536459616099e+01 5.694346748107646761e+01
2.493503521993990546e+02 2.839576868134574639e+01 5.682993448598590902e+01
2.493157397829335196e+02 2.837040047288310873e+01 5.684875129303975427e+01
2.492804049061622607e+02 2.829425479861419035e+01 5.683561565111735092e+01
2.492665468039341192e+02 2.829614304714053574e+01 5.677576638260840980e+01
2.493201238034251048e+02 2.838470190302612295e+01 5.681305518611562633e+01
2.493496133195409072e+02 2.844752311052000593e+01 5.688712378700556371e+01
2.494410784362018205e+02 2.851508135888215634e+01 5.697215243912450688e+01
2.495160583222501316e+02 2.861550334137891483e+01 5.701848020622957591e+01
2.495444395185787130e+02 2.864278442769650113e+01 5.704508809089864485e+01
2.496121209135839081e+02 2.870928361492865832e+01 5.707290281266932652e+01
2.496521189432376104e+02 2.875652266719209393e+01 5.712955026845968121e+01
2.496744741638343044e+02 2.879805592499548439e+01 5.710832799697880091e+01
2.496934880055169685e+02 2.877999441735218156e+01 5.714996798187281257e+01
2.497960034809451031e+02 2.883451554110634873e+01 5.729410702264256372e+01
2.498181698766891543e+02 2.885599231564947686e+01 5.730950856279658012e+01
2.496571351164967325e+02 2.867271727172717277e+01 5.722501354613073232e+01
2.493124558724529152e+02 2.830118384972825751e+01 5.691523406071950575e+01
2.488361246572418395e+02 2.776478991182700184e+01 5.650385859481470874e+01
2.485020113951693759e+02 2.735743723626093882e+01 5.628039669638605602e+01
2.482765052624665429e+02 2.713091309130913231e+01 5.610914076482275448e+01
2.481691213897509272e+02 2.696855655714825062e+01 5.599141257409323202e+01
2.481589741063658607e+02 2.690011986273254152e+01 5.604835558182683997e+01
2.482430257951168358e+02 2.699862075759814672e+01 5.613017421145099917e+01
2.482930151224077520e+02 2.709315633055842909e+01 5.611450174868232921e+01
2.483833965486100794e+02 2.720173062082327675e+01 5.616032050966290967e+01
2.484617834917820005e+02 2.733403116431045987e+01 5.620294566770110123e+01
2.485029226803277425e+02 2.737188644237557966e+01 5.628795790026764223e+01
2.485746925438812411e+02 2.748766070636914449e+01 5.628846690639213080e+01
2.485937720637735424e+02 2.758719603303613965e+01 5.626848431111768178e+01
2.486239347815378551e+02 2.760556951217509791e+01 5.628329474738518456e+01
2.486694333612465755e+02 2.768640296865507366e+01 5.633381771012922457e+01
2.486943171929133314e+02 2.773578477250710250e+01 5.637548232435183593e+01
2.486608705646684143e+02 2.774098977061885307e+01 5.628305666387534245e+01
2.486224323924929820e+02 2.769441571022774085e+01 5.629051114066630390e+01
2.485647505049012409e+02 2.769774066958934711e+01 5.621980854801898175e+01
2.484822012051951390e+02 2.760028241630133294e+01 5.615601037715711641e+01
2.484728010114444317e+02 2.760692412524834438e+01 5.614501748682330629e+01
2.484316207740176878e+02 2.753428402541746678e+01 5.616314467267622490e+01
2.483363299016468773e+02 2.749276718716647849e+01 5.603575357535753909e+01
2.483754412754708198e+02 2.754485000738879918e+01 5.607734430159433714e+01
2.484421621266604348e+02 2.762656190992233718e+01 5.615872781307981398e+01
2.485269444854933170e+02 2.779690655632727569e+01 5.617596013332676819e+01
2.486408551302891397e+02 2.794966586210859916e+01 5.618169876689161413e+01
2.487288967702740479e+02 2.802370162389373220e+01 5.629236655008784140e+01
2.487908723708191587e+02 2.808291873963515783e+01 5.627588952925142962e+01
2.488675516805411974e+02 2.817342331248050158e+01 5.631736531862141248e+01
2.489457826379652943e+02 2.823968441620281311e+01 5.638259199054233761e+01
2.490486839728748976e+02 2.833795543733477729e+01 5.649866180647915570e+01
2.491502881631446655e+02 2.838724693364858709e+01 5.659415792325501116e+01
2.491822816610019231e+02 2.846311347552665794e+01 5.665330936078682811e+01
2.492352265077254003e+02 2.846351575456053240e+01 5.670677963318719605e+01
2.492581892517609958e+02 2.854246917229036384e+01 5.671686944813884423e+01
2.492866032871943958e+02 2.857048913846608684e+01 5.676068502372625346e+01
2.492683447449222456e+02 2.856546475543076724e+01 5.677227722772277474e+01
2.492839597392575115e+02 2.860685844703873215e+01 5.674165476249117290e+01
2.492707502093493019e+02 2.862665221746055266e+01 5.668220777301610980e+01
2.492771045761292612e+02 2.862459977341017847e+01 5.672018619772425296e+01
2.492759716270134618e+02 2.862251449025499639e+01 5.672910201467907854e+01
2.492864473014465716e+02 2.857135116496724336e+01 5.677678439485739403e+01
2.492819155049833455e+02 2.857708158875589177e+01 5.683632169187067973e+01
2.493086957949526266e+02 2.864203733806216334e+01 5.683279148810403569e+01
2.493279969788023607e+02 2.861776102983432679e+01 5.690059602975222930e+01
2.493772802653399765e+02 2.864674974960182752e+01 5.696846624961003869e+01
2.494149220892238361e+02 2.872524341986437335e+01 5.698128171026057487e+01
2.494396827742475864e+02 2.884096842520072812e+01 5.689563732492652548e+01
2.494795740768106782e+02 2.886736285568855465e+01 5.697327717846411588e+01
2.495265832553404550e+02 2.891158071030983834e+01 5.704747713577327772e+01
2.495543487184539231e+02 2.891901055777219653e+01 5.706680294895161154e+01
2.495985829926276267e+02 2.893894389438943904e+01 5.714019834819303156e+01
2.496752458827972418e+02 2.903148449173275480e+01 5.723190154836379406e+01
2.496680623286209197e+02 2.901151831601070441e+01 5.718186296241564293e+01
2.495866870269116475e+02 2.893290149910513520e+01 5.708556228757203854e+01
2.493197625732722429e+02 2.866466348127350017e+01 5.682673267326732969e+01
2.487551598443426428e+02 2.790053035154261707e+01 5.643271267425249960e+01
2.482735907919150122e+02 2.731522256703282281e+01 5.611373002971939172e+01
2.479443541369062416e+02 2.696826100520499736e+01 5.580194735891499391e+01
2.476610019210876317e+02 2.660284386647619925e+01 5.563205425020113637e+01
2.475373298523882113e+02 2.648806298540301896e+01 5.552360310657931564e+01
2.475688225538971778e+02 2.649640411802374373e+01 5.555503012987865930e+01
2.476049045203027674e+02 2.655757516050112343e+01 5.554942285273303781e+01
2.477259905094987005e+02 2.670150074708963572e+01 5.566615766054217573e+01
2.478729783426103666e+02 2.687411950150238837e+01 5.577043823785363941e+01
2.480211976421522877e+02 2.703421013743165346e+01 5.593855803490797030e+01
2.481654516197888540e+02 2.722693463376188205e+01 5.602889020245308416e+01
2.482611119320887383e+02 2.736150928525688286e+01 5.608246720194407686e+01
2.482976864850664072e+02 2.739645830254667302e+01 5.615449156855984114e+01
2.483433656798515585e+02 2.749080505065431979e+01 5.617048421260036406e+01
2.483492028307308317e+02 2.754890563683234106e+01 5.613151240497184347e+01
2.483392690015270148e+02 2.759988834704365956e+01 5.607788614682363715e+01
2.483431850647751276e+02 2.761180073231203735e+01 5.612703807694202141e+01
2.482686567164179223e+02 2.755937310148925334e+01 5.605182010738387532e+01
2.482430504244454426e+02 2.756378175130945962e+01 5.601343940364185414e+01
2.481791126873881410e+02 2.755875736827414002e+01 5.590746761243288177e+01
2.480877953466988401e+02 2.745965715974582366e+01 5.579257179449287918e+01
2.480776480633138021e+02 2.741716335812685656e+01 5.579759617752819878e+01
2.480687897147923877e+02 2.742127645600380959e+01 5.582046040424938127e+01
2.480626652217460446e+02 2.747658571827331997e+01 5.580331839154064966e+01
2.480572796085578773e+02 2.745946012511699053e+01 5.576112014186493582e+01
2.480751358717961352e+02 2.752863569939083632e+01 5.583229069175574466e+01
2.480767121488268288e+02 2.756390489795248300e+01 5.583439239446332891e+01
2.481085086120552319e+02 2.762223535786414530e+01 5.584724069421867654e+01
2.482014596982086232e+02 2.773777974812406555e+01 5.588932400702756809e+01
2.482275011083197853e+02 2.777033972053921929e+01 5.596757959378027181e+01
2.482949690491437309e+02 2.782124854276472448e+01 5.595306470945602229e+01
2.483521911892681828e+02 2.791394512585586796e+01 5.601253632825969220e+01
2.483935848808761477e+02 2.801384989245193324e+01 5.602875884603385970e+01
2.484356599839088346e+02 2.806758287769075366e+01 5.607825558675270372e+01
2.484687864308818916e+02 2.817361213733313718e+01 5.606783738075299794e+01
2.484929970609001089e+02 2.816733165853898768e+01 5.609779485411227995e+01
2.485264272695926309e+02 2.819435003201812862e+01 5.615219283122342375e+01
2.485384792210564342e+02 2.825109600512289987e+01 5.614759535655058187e+01
2.485699637127891890e+02 2.828139828908263809e+01 5.615931070719012297e+01
2.486142718749486846e+02 2.827134952301200244e+01 5.619427614403231530e+01
2.486319393133343283e+02 2.834821765758665535e+01 5.619307751670689299e+01
2.486385646027289340e+02 2.836081966405595622e+01 5.620705876557804714e+01
2.486631118335714064e+02 2.840717206048963206e+01 5.626089847790748877e+01
2.486804755102375850e+02 2.846130732476232694e+01 5.629952547493555670e+01
2.487044480567459743e+02 2.853350409667832466e+01 5.623112161962465194e+01
2.487560711295010094e+02 2.857215572303498874e+01 5.628862289213996206e+01
2.487955683628064207e+02 2.864711097975469301e+01 5.632429436973548320e+01
2.488193192453573772e+02 2.866050933451554172e+01 5.636490813260430599e+01
2.488178250660886874e+02 2.869787202600857157e+01 5.631594502733855734e+01
2.488492931382690472e+02 2.874980707025926563e+01 5.632720063051080928e+01
2.488907196689818306e+02 2.877396023184407881e+01 5.636517905521895244e+01
2.489795248181534646e+02 2.889218100914569121e+01 5.644608639968474506e+01
2.490006321527675084e+02 2.894031492701509123e+01 5.646857297670065634e+01
2.489151848020622992e+02 2.879919708388749200e+01 5.640149910513439124e+01
2.485950938377419845e+02 2.849061622580168418e+01 5.613674203241219374e+01
2.480895029801487510e+02 2.779694760520828112e+01 5.571254289608065591e+01
2.475464837528529074e+02 2.714214406515278455e+01 5.526495410735103064e+01
2.471781849826773794e+02 2.666215949953204145e+01 5.504334761834392253e+01
2.469579905751769218e+02 2.630043676009391973e+01 5.498900710966618988e+01
2.468591284501584369e+02 2.612400045974746732e+01 5.496365532075595439e+01
2.468997586325796760e+02 2.609329589675385463e+01 5.496706237787957861e+01
2.469775544718650906e+02 2.612741572664729262e+01 5.509851731441801093e+01
2.470972858479877914e+02 2.630387665632234828e+01 5.515074791061195469e+01
2.472093410833620624e+02 2.642548807119517917e+01 5.522425003694399237e+01
2.473015779189859416e+02 2.650174868233091985e+01 5.532940906030901829e+01
2.473379143884537825e+02 2.654819959607901225e+01 5.535517133802932221e+01
2.473561400916211142e+02 2.663272745184966084e+01 5.534233124805017923e+01
2.473646454197658500e+02 2.659299213503440029e+01 5.534502405464427000e+01
2.474197740669589223e+02 2.666220875818925151e+01 5.532838283828382941e+01
2.474248066597704678e+02 2.674404380736581288e+01 5.535410406712313147e+01
2.474579002676387063e+02 2.677256456988982336e+01 5.541724545588887452e+01
2.475132998374464250e+02 2.683139582614978025e+01 5.541834556589987670e+01
2.475390785347191525e+02 2.686160780257130298e+01 5.546530548577246122e+01
2.475489056368323304e+02 2.686347963154524265e+01 5.546199694596325003e+01
2.475298753755972712e+02 2.688185311068420447e+01 5.544107843620182763e+01
2.475011575784444062e+02 2.691478252302842122e+01 5.541910907508661666e+01
2.474665780010836897e+02 2.690404413575685894e+01 5.535297111800732495e+01
2.474521205851928585e+02 2.684994992036516948e+01 5.541013578969837283e+01
2.474734167446595450e+02 2.694975616964681464e+01 5.538846198052640801e+01
2.474825624353480009e+02 2.699252089388043174e+01 5.535412869645173117e+01
2.475011575784444062e+02 2.702341428172668003e+01 5.542042263927885415e+01
2.475354333940856861e+02 2.709502815953237231e+01 5.542868988391376206e+01
2.475289640904389046e+02 2.714374497151207777e+01 5.537388141799254271e+01
2.475445708749979588e+02 2.715155246867970362e+01 5.539405283811963443e+01
2.475952416137135970e+02 2.723548922056384569e+01 5.540600627226901764e+01
2.475686090997159283e+02 2.723897837544948430e+01 5.546211188283007232e+01
2.475829023200827521e+02 2.731828481355598370e+01 5.539622842881303200e+01
2.476110618524539007e+02 2.744522437318358854e+01 5.542222058026698051e+01
2.476255603172257622e+02 2.746913124148235852e+01 5.543047961512569088e+01
2.476158317324269831e+02 2.751229824474984653e+01 5.542132571466101609e+01
2.476544669392312414e+02 2.761062673431522185e+01 5.550066499187231983e+01
2.477297013283417755e+02 2.771489089207428336e+01 5.545291693348439566e+01
2.477545933697847431e+02 2.771821585143588962e+01 5.552182979491978898e+01
2.477747155312546283e+02 2.777166149450766142e+01 5.554443130880252255e+01
2.478226524144951668e+02 2.777776956800157748e+01 5.553173078501880155e+01
2.478619526131717521e+02 2.784555769009736892e+01 5.560229381147070171e+01
2.478890120355319198e+02 2.791535720736252557e+01 5.562794115232419045e+01
2.479238050670738858e+02 2.799957309163752228e+01 5.557708979853209286e+01
2.480079306438106528e+02 2.800997487808482234e+01 5.572577705531747227e+01
2.480548495148022141e+02 2.807827200630510944e+01 5.580655304336404043e+01
2.481243534801241424e+02 2.818915324368257558e+01 5.581461504359391057e+01
2.481824869054069609e+02 2.825681000935914611e+01 5.584811914027223878e+01
2.482167791406006359e+02 2.833883388338833953e+01 5.582425332085447423e+01
2.482255800206886249e+02 2.834594354957883766e+01 5.583630527231827756e+01
2.482553486691952855e+02 2.832297259576704107e+01 5.587681230809648270e+01
2.482295617621463748e+02 2.831032133064052658e+01 5.595486265044414864e+01
2.482488218971150786e+02 2.834884981035417084e+01 5.595171009638277582e+01
2.482988933221680270e+02 2.843873044020820018e+01 5.595240792735989999e+01
2.483186542534850503e+02 2.853825755709899425e+01 5.594382871122932954e+01
2.482809631709439486e+02 2.848388420931645371e+01 5.588226359949428002e+01
2.482671871664778394e+02 2.850270922614649649e+01 5.583543503604091995e+01
2.482582549299706045e+02 2.850158448680689105e+01 5.583919511354120147e+01
2.482692067714233985e+02 2.846872896244848405e+01 5.584499121553946566e+01
2.483058798417155231e+02 2.856590808334564713e+01 5.587204242812340738e+01
2.483402952235522037e+02 2.862462440273878173e+01 5.590077664482866027e+01
2.483262893453524498e+02 2.858227837709144126e+01 5.587741162175919385e+01
2.481556901958852563e+02 2.839830550219200944e+01 5.575963417237245778e+01
2.476028028175952045e+02 2.786572090044825245e+01 5.531661001921087717e+01
2.470646027289296001e+02 2.701622251777416395e+01 5.497830156149943548e+01
2.467514818646043580e+02 2.651001592696583131e+01 5.467961348373643204e+01
2.464882107613746314e+02 2.614690573534965523e+01 5.448919593451882548e+01
2.463576342708897755e+02 2.590301791373167006e+01 5.445652923501305054e+01
2.463382181501732191e+02 2.588993974024268141e+01 5.437332315321084053e+01
2.464041016041902594e+02 2.583920332331740610e+01 5.450933451554110576e+01
2.464923238592515986e+02 2.599114165147858202e+01 5.454719800338242663e+01
2.466402065579692362e+02 2.620284715038668111e+01 5.471258394496165778e+01
2.467898707781225767e+02 2.629898362970625314e+01 5.485548330952498475e+01
2.468455741096497604e+02 2.641703200170763211e+01 5.486018751128844428e+01
2.469115068223240144e+02 2.648060850861205395e+01 5.487687798630609137e+01
2.469191008653104120e+02 2.651493358291052971e+01 5.484296340081769472e+01
2.468898083838234641e+02 2.650020524440503777e+01 5.482972924158087125e+01
2.468953335632070605e+02 2.651643597195540281e+01 5.488589232057534417e+01
2.469181321117186485e+02 2.648725021755906894e+01 5.488980838382345695e+01
2.469150370260906584e+02 2.654402081999244700e+01 5.488842093164540614e+01
2.469162767022970968e+02 2.658250825082508229e+01 5.490631003398847554e+01
2.468726745808909300e+02 2.653728880350721653e+01 5.492272137661527154e+01
2.468580365499236393e+02 2.651203553191140116e+01 5.490332167545112441e+01
2.468285470338078653e+02 2.652451439173768222e+01 5.485833210186689968e+01
2.468082442572615491e+02 2.641427351690392911e+01 5.494418173160599395e+01
2.467783524621118829e+02 2.641917475329622533e+01 5.486811815509908996e+01
2.467767351362001875e+02 2.646433673218067995e+01 5.480095397599461648e+01
2.467809878002725554e+02 2.645019949756169808e+01 5.483820994039702157e+01
2.467876541385481914e+02 2.650517215900694623e+01 5.479312184949838382e+01
2.468438172175426359e+02 2.659772096612646308e+01 5.482475411720276526e+01
2.468816889151601686e+02 2.665317800436760010e+01 5.484085348833390583e+01
2.469651248706960303e+02 2.685412048667553364e+01 5.489990640855130266e+01
2.470224126890300909e+02 2.694299952383298091e+01 5.493020048273483980e+01
2.470946587196033022e+02 2.698851452309409993e+01 5.501728978868035824e+01
2.471527675155575139e+02 2.713179153736269100e+01 5.501162504310132562e+01
2.472333300494228467e+02 2.719613976323005389e+01 5.506553864341658056e+01
2.472860860712937097e+02 2.726089847790749232e+01 5.509320558921563560e+01
2.473543831995139897e+02 2.735551614862978909e+01 5.511345910710473817e+01
2.474819631216853111e+02 2.751104214899102018e+01 5.523305912680820029e+01
2.475529120076186587e+02 2.756842848463950801e+01 5.531494343464196817e+01
2.476628901696139735e+02 2.772802653399668316e+01 5.538308457711443111e+01
2.477078140649885825e+02 2.780992726138285320e+01 5.546777662840911205e+01
2.477746826921498098e+02 2.788754248559184390e+01 5.551180565817775658e+01
2.478357962661937961e+02 2.798164294041344391e+01 5.549965518939954023e+01
2.479456348619936534e+02 2.812875392016813691e+01 5.557294386155033550e+01
2.480449321051508207e+02 2.810831978720259983e+01 5.570705055580184961e+01
2.481240825575094959e+02 2.819282301364464871e+01 5.578945207953631069e+01
2.482081178267080475e+02 2.826633334975288747e+01 5.583821815017322621e+01
2.482682133885030282e+02 2.829342561121783817e+01 5.587755939773082048e+01
2.483052394791718029e+02 2.841251662479680817e+01 5.596226786857790358e+01
2.484074758222090793e+02 2.848531271037551349e+01 5.607504556425791975e+01
2.484742705613844862e+02 2.854448877723593370e+01 5.611579889332216453e+01
2.485736170631988671e+02 2.863879447646257148e+01 5.624525885424363025e+01
2.486292793458450205e+02 2.872240283729865595e+01 5.625277900924420749e+01
2.486559446989475077e+02 2.875066088698422107e+01 5.625688389734495587e+01
2.486574717173209876e+02 2.883236457974155798e+01 5.628169384102589134e+01
2.487008029161125080e+02 2.889155706615437680e+01 5.630000164195524093e+01
2.487491338686107554e+02 2.894254798614189639e+01 5.629733346468974986e+01
2.487328703019555576e+02 2.897879414807152187e+01 5.635075447843291840e+01
2.486946948426185884e+02 2.889150780749716674e+01 5.630742327964139804e+01
2.486889644188299542e+02 2.896879464065809628e+01 5.625995435364431785e+01
2.486950724923238454e+02 2.900169942367370979e+01 5.631413887657422634e+01
2.487579922171321698e+02 2.908586604929149644e+01 5.632589527609477642e+01
2.487909626783573742e+02 2.910227739191829599e+01 5.645235866870269348e+01
2.487760865638802557e+02 2.915069865195474819e+01 5.635525343579134017e+01
2.486887673842010997e+02 2.900995024875621908e+01 5.623626093952678673e+01
2.483186460437088385e+02 2.863072426645649671e+01 5.588336370950528220e+01
2.478528561811405098e+02 2.804835558182683997e+01 5.543957604715695453e+01
2.474941628491207268e+02 2.751623893732656967e+01 5.516915422885572440e+01
2.472316716746301495e+02 2.708396959098894996e+01 5.500222484935060407e+01
2.470755381508299990e+02 2.679066712641413517e+01 5.492661281053478461e+01
2.470081440979919023e+02 2.676415775905948635e+01 5.479823654007191891e+01
2.469641889562090569e+02 2.669583600151059954e+01 5.474531632267704140e+01
2.469628261333596129e+02 2.670787153342199716e+01 5.472530088829778805e+01
2.469331149532863776e+02 2.670195228478071670e+01 5.469660772047353703e+01
2.468656634320148555e+02 2.667375991330476381e+01 5.461552797070751808e+01
2.467691903518710035e+02 2.662682462276078255e+01 5.449619887361870241e+01
2.465137513751375025e+02 2.642880482078058435e+01 5.430177495361476758e+01
2.462739027634106606e+02 2.624842782785741235e+01 5.408878872961923179e+01
2.461069569643531452e+02 2.610194900087023484e+01 5.397594535572959984e+01
2.460058699899840633e+02 2.601013086383265360e+01 5.392515147037092049e+01
2.459670049094461604e+02 2.592708076777827131e+01 5.399567344794181167e+01
2.459549529579823570e+02 2.595184966257819781e+01 5.401253632825969220e+01
2.459317931793179355e+02 2.588719767499138058e+01 5.404579413165197366e+01
2.459013102802817627e+02 2.590748403198528749e+01 5.399761095512536002e+01
2.458271595816298145e+02 2.585160829515787384e+01 5.396812143900957182e+01
2.456768632087089372e+02 2.565885916949903844e+01 5.384434264321954799e+01
2.455334384184687053e+02 2.554090110503587496e+01 5.375743395235046052e+01
2.454741720440700874e+02 2.549397402426809833e+01 5.369601661658703051e+01
2.454483440881401464e+02 2.538765742245866264e+01 5.369114000952333754e+01
2.454707239380654471e+02 2.545000246293286139e+01 5.368820090964320002e+01
2.456027289296093841e+02 2.550598492685089269e+01 5.382260315583797450e+01
