2.444940573770491881e+02 1.669790202966432346e+01 5.222141881342700742e+01
2.445146272443403461e+02 1.671847189695550284e+01 5.224198868071818680e+01
2.445304352068696403e+02 1.673427985948477925e+01 5.225779664324745966e+01
2.448364949258391903e+02 1.704057377049180388e+01 5.256385636221701674e+01
2.450956772053083625e+02 1.728158665105386405e+01 5.281140710382513959e+01
2.453195355191256795e+02 1.746375878220140621e+01 5.304795081967213122e+01
2.455494242779078888e+02 1.763207455113192879e+01 5.331913544106166825e+01
2.456838212334114075e+02 1.771576893052302992e+01 5.342660031225604911e+01
2.458475117096018607e+02 1.787143832943013422e+01 5.361773028883684589e+01
2.458816647150663641e+02 1.785369828259172564e+01 5.381437353629976883e+01
2.458870804059328634e+02 1.783488485558157777e+01 5.392087236533957650e+01
2.459413934426229389e+02 1.785534738485558037e+01 5.401807181889149234e+01
2.459127634660421506e+02 1.788897345823575336e+01 5.410384465261514464e+01
2.459072794691647061e+02 1.790874316939890676e+01 5.406110460577673393e+01
2.458759270101483310e+02 1.795006830601093029e+01 5.399852654176424949e+01
2.459369437939110128e+02 1.795550351288056135e+01 5.406555425448868135e+01
2.459472189695550242e+02 1.803808548009367740e+01 5.406944769711163445e+01
2.459325331772053005e+02 1.797734192037470891e+01 5.407609289617486326e+01
2.459051131928181064e+02 1.797620999219359916e+01 5.404966822794691694e+01
2.459506147540983534e+02 1.807458040593286341e+01 5.401798399687744023e+01
2.459621682279469042e+02 1.801786690085870291e+01 5.407965456674472904e+01
2.460131830601092986e+02 1.804556010928961740e+01 5.410580601092895847e+01
2.460101971116315269e+02 1.809643832943013209e+01 5.407128220140515396e+01
2.460026639344262378e+02 1.813176229508196613e+01 5.407584894613582804e+01
2.459639246682279463e+02 1.810879195940671238e+01 5.404928766588602684e+01
2.459211163153786117e+02 1.812728337236534060e+01 5.394033957845433491e+01
2.458713797814207567e+02 1.813076697892271838e+01 5.392653200624511811e+01
2.458822989851678358e+02 1.806432474629195895e+01 5.395165886026541813e+01
2.458478239656518269e+02 1.802044301327088149e+01 5.398876854020296889e+01
2.458026444184231138e+02 1.801579820452771230e+01 5.388217213114754145e+01
2.458551912568306079e+02 1.803823185011709640e+01 5.392451209992193384e+01
2.458790202966432616e+02 1.804555035128805685e+01 5.398284543325527096e+01
2.458995316159250706e+02 1.815677205308352882e+01 5.393106947697111764e+01
2.458866120218579283e+02 1.813577283372365301e+01 5.389953161592505637e+01
2.458484679937548663e+02 1.804680913348946092e+01 5.387649297423887873e+01
2.455888661202185688e+02 1.785535714285714448e+01 5.367762490241998563e+01
2.452286885245901544e+02 1.752406323185011772e+01 5.329937548790007895e+01
2.447231362217017931e+02 1.684723848555815806e+01 5.294729703356752282e+01
2.441627829820452860e+02 1.614176424668227838e+01 5.251036299765807769e+01
2.437856557377049285e+02 1.544527712724434032e+01 5.234525761124121601e+01
2.437125097580015733e+02 1.505909445745511377e+01 5.226547619047619264e+01
2.437024687743950153e+02 1.493285519125683081e+01 5.235153200624512237e+01
2.437604313036690087e+02 1.495006830601092851e+01 5.240847970335675399e+01
2.438599043715846904e+02 1.510090749414519884e+01 5.246326112412177878e+01
2.439747950819672155e+02 1.521290983606557390e+01 5.261039227166276078e+01
2.440518149882904027e+02 1.540511319281810998e+01 5.262597580015612664e+01
2.441549375487900022e+02 1.551994535519125762e+01 5.271219750195160003e+01
2.441919886807181967e+02 1.556616900858704078e+01 5.264472092115534707e+01
2.441302595628415304e+02 1.552817135050741548e+01 5.266847189695550213e+01
2.441185792349726853e+02 1.555230288836846242e+01 5.277970335675253466e+01
2.441507416081186648e+02 1.555971896955503553e+01 5.281085089773614527e+01
2.441937353629976712e+02 1.562322404371584739e+01 5.276957455113193163e+01
2.442296252927400531e+02 1.568378220140515289e+01 5.288462138953942571e+01
2.442393052302888350e+02 1.564791178766588686e+01 5.296471506635440818e+01
2.442484484777517650e+02 1.574622365339578423e+01 5.287561475409835765e+01
2.441839773614363764e+02 1.571774004683840786e+01 5.282550741608118727e+01
2.442132806401249070e+02 1.574866315378610437e+01 5.287842505854801090e+01
2.442282982045277038e+02 1.575331772053083590e+01 5.291693989071038118e+01
2.443057767369242868e+02 1.585899687743950004e+01 5.292661982825917022e+01
2.443650858704137363e+02 1.587843481654957145e+01 5.299943403590944513e+01
2.444580308352849443e+02 1.601525175644028209e+01 5.295849921935987226e+01
2.445109387197501860e+02 1.612967408274785441e+01 5.303560694769711148e+01
2.445606069476971243e+02 1.626324160811865838e+01 5.304565768930523006e+01
2.445837822014051426e+02 1.626100702576112411e+01 5.314135441061670662e+01
2.446533079625292828e+02 1.639214480874316848e+01 5.312411202185792547e+01
2.446782591725214786e+02 1.647812256049961022e+01 5.311748633879781067e+01
2.447036982825917164e+02 1.649485753317720693e+01 5.314081772053083341e+01
2.447475019516002988e+02 1.655729898516783649e+01 5.312759562841529970e+01
2.447239754098360720e+02 1.658102068696330988e+01 5.312869828259172778e+01
2.448129293520686929e+02 1.671562256049961093e+01 5.306406128024980262e+01
2.448661397345823616e+02 1.666211943793911132e+01 5.312304839968774672e+01
2.448900175644027968e+02 1.671078259172521641e+01 5.313611436377829733e+01
2.448343384074941582e+02 1.670201990632318356e+01 5.313714871194379441e+01
2.448136124121779744e+02 1.672510733801717464e+01 5.312075526932084557e+01
2.448670667447306926e+02 1.682309718969554879e+01 5.319401834504293447e+01
2.448987704918032762e+02 1.685091725214676117e+01 5.314972677595628170e+01
2.449786202185792376e+02 1.693906128024980617e+01 5.320684035909445697e+01
2.449614168618267058e+02 1.692236533957845523e+01 5.322070647931303711e+01
2.449611436377829818e+02 1.689750195160031154e+01 5.327160421545667646e+01
2.450228434816549452e+02 1.696363192818110832e+01 5.330121975019515901e+01
2.450040593286495039e+02 1.699002732240437297e+01 5.334242779078844876e+01
2.450383099141295986e+02 1.705819672131147513e+01 5.332484387197501974e+01
2.450627634660421563e+02 1.707722482435597300e+01 5.338832943013270693e+01
2.450865827478532424e+02 1.712858118657299045e+01 5.341933060109289499e+01
2.450785519125683152e+02 1.718499219359875241e+01 5.339139344262294884e+01
2.450582845433255272e+02 1.713492388758782070e+01 5.338767564402809995e+01
2.450813427010148189e+02 1.709217408274785299e+01 5.340573770491803174e+01
2.450861338797814142e+02 1.719368657298985070e+01 5.336958430913348650e+01
2.451279274004683941e+02 1.722864949258391931e+01 5.341102654176424380e+01
2.451113973458235762e+02 1.726379781420764914e+01 5.338715846994535497e+01
2.451012295081967238e+02 1.724053473848555740e+01 5.333682669789227049e+01
2.451124316939890662e+02 1.730470335675253679e+01 5.330923106947697221e+01
2.451157786885245855e+02 1.737698087431693850e+01 5.339189110070257271e+01
2.451730288836846228e+02 1.737798594847775036e+01 5.342537080405932670e+01
2.451487802498048438e+02 1.741382708821233294e+01 5.335272248243559545e+01
2.451539715066354290e+02 1.735609875097580002e+01 5.339920960187353671e+01
2.451956088992974117e+02 1.744750195160031225e+01 5.340642076502732039e+01
2.452451697892271625e+02 1.747942037470726007e+01 5.339259367681498958e+01
2.452358216237314537e+02 1.750537665886026417e+01 5.343896370023418996e+01
2.452150175644028138e+02 1.748736338797814227e+01 5.345918227946916801e+01
2.452510441061670576e+02 1.757151639344262151e+01 5.349349141295862609e+01
2.452781128024980433e+02 1.755235167837626875e+01 5.357128220140515396e+01
2.452931206088993008e+02 1.760075136612021751e+01 5.359464285714285836e+01
2.453615534738485451e+02 1.764108118657298974e+01 5.361007025761124112e+01
2.453926229508196855e+02 1.768678766588602613e+01 5.368626073380171704e+01
2.454717310694769594e+02 1.774961943793910990e+01 5.372372170179546913e+01
2.455119633099141367e+02 1.775398126463700166e+01 5.372351678376268325e+01
2.454961943793911132e+02 1.773071818891490992e+01 5.370872365339578636e+01
2.453721896955503610e+02 1.760466432474629173e+01 5.357519516003122817e+01
2.451752439500390324e+02 1.743066939890710287e+01 5.334347189695550639e+01
2.448855386416861961e+02 1.714717017954722778e+01 5.303251366120218790e+01
2.444522443403591012e+02 1.658097189695550355e+01 5.268069867291178809e+01
2.440344555035128735e+02 1.586136807181889097e+01 5.249983411397345634e+01
2.437076112412177906e+02 1.522820062451209999e+01 5.236596409055425738e+01
2.435849141295862523e+02 1.500934816549570705e+01 5.231816939890710216e+01
2.435916959406713431e+02 1.498656323185011630e+01 5.235406908665105163e+01
2.437085577673692569e+02 1.511236338797814227e+01 5.247666861826697726e+01
2.439101971116315326e+02 1.532061865729898464e+01 5.263057181889148950e+01
2.439904761904761870e+02 1.546717408274785299e+01 5.263856362217018159e+01
2.440552985948477840e+02 1.558572404371584774e+01 5.267858118657299116e+01
2.442059621389539359e+02 1.572358508977361424e+01 5.268351873536299479e+01
2.442053571428571388e+02 1.579319867291178703e+01 5.271413934426229275e+01
2.442673594847775291e+02 1.586511514441842330e+01 5.275955308352849471e+01
2.442892174082747943e+02 1.595242974238875888e+01 5.275432279469164598e+01
2.443660909445745517e+02 1.606361241217798508e+01 5.280906518345042855e+01
2.443782396565183319e+02 1.614898516783762616e+01 5.286368071818891679e+01
2.443723458235753299e+02 1.615657689305230349e+01 5.289139344262294884e+01
2.444071818891491148e+02 1.620124902419984281e+01 5.283659250585480294e+01
2.444263075722092253e+02 1.618307962529274135e+01 5.286514441842310674e+01
2.444003122560499719e+02 1.621996487119437802e+01 5.289894613583138039e+01
2.444871682279469098e+02 1.628254293520686957e+01 5.287916666666666998e+01
2.444993462138953930e+02 1.637216042154566864e+01 5.285317135050741655e+01
2.445634465261514379e+02 1.635526932084309237e+01 5.302691256830600963e+01
2.446499219359875212e+02 1.641381733021077238e+01 5.308854410616705621e+01
2.447948380171740723e+02 1.665453747072599455e+01 5.308488485558157777e+01
2.448237509758001522e+02 1.680443013270881991e+01 5.313491412958626370e+01
2.449284933645589319e+02 1.690703551912568159e+01 5.321382708821233365e+01
2.449653103044496447e+02 1.692011124121779986e+01 5.326552498048399542e+01
2.450754683840749522e+02 1.703028883684621420e+01 5.339463309914129496e+01
2.451513368462138942e+02 1.711316354410616825e+01 5.344813622170179457e+01
2.452651639344262264e+02 1.720897736143637857e+01 5.344295472287275572e+01
2.453045960187353671e+02 1.727448282591725359e+01 5.355389344262295026e+01
2.453238485558157720e+02 1.735368852459016509e+01 5.352334113973458329e+01
2.453576112412177963e+02 1.739441842310694852e+01 5.359117876658860524e+01
2.453747170179547368e+02 1.745875292740046802e+01 5.356800351288056561e+01
2.454133587041373801e+02 1.753736338797814298e+01 5.356222677595628312e+01
2.454752537080405830e+02 1.759147150663543968e+01 5.356139734582357192e+01
2.454879293520687042e+02 1.756408079625292729e+01 5.358238680718189073e+01
2.454738192818110747e+02 1.757992779078844592e+01 5.361117291178766919e+01
2.455090261514441750e+02 1.765670374707259782e+01 5.356410031225605195e+01
2.455390612802497969e+02 1.770976775956284044e+01 5.363223067915691189e+01
2.455239851678376226e+02 1.765581576893052329e+01 5.367398516783762830e+01
2.455288739266198377e+02 1.772873731459797142e+01 5.364757025761124254e+01
2.455244242779078832e+02 1.769200819672131075e+01 5.365373731459796858e+01
2.455239754098360550e+02 1.772099921935987510e+01 5.359713114754098484e+01
2.455370999219359760e+02 1.769405737704918025e+01 5.365865534738485820e+01
2.455013466042154562e+02 1.761514441842310674e+01 5.373104996096799368e+01
2.454849336455893933e+02 1.761840359094457398e+01 5.379223263075721917e+01
2.454840651834504399e+02 1.765664519906323093e+01 5.371634465261514180e+01
2.454998341139734634e+02 1.766343676814988228e+01 5.372926424668227696e+01
2.454417935206869572e+02 1.762362412177985860e+01 5.362005269320842871e+01
2.454726775956284257e+02 1.769274004683840573e+01 5.366063622170179315e+01
2.454277224824355983e+02 1.769387197501951547e+01 5.366305620608899574e+01
2.454200722092115541e+02 1.768714871194379512e+01 5.360543520686963603e+01
2.453837822014051540e+02 1.766647150663544252e+01 5.360107338017174072e+01
2.453746389539422239e+02 1.766540788446526022e+01 5.364565768930523149e+01
2.453670081967213150e+02 1.771527127244340249e+01 5.359163739266197979e+01
2.453961065573770384e+02 1.781566159250585457e+01 5.358806596409055345e+01
2.454480483996877354e+02 1.790136612021857943e+01 5.364106167056986862e+01
2.455223165495706610e+02 1.799394028103044363e+01 5.365401053864168546e+01
2.456066647150663584e+02 1.804768735362997489e+01 5.374999024199843944e+01
2.456276639344262378e+02 1.807026736924277799e+01 5.375935792349726938e+01
2.456533762685401996e+02 1.809738485558157706e+01 5.377148711943793558e+01
2.456828454332552667e+02 1.816518345042935323e+01 5.382800546448087431e+01
2.457396760343481787e+02 1.823786104605776615e+01 5.385095628415300695e+01
2.457701112412177906e+02 1.825401053864168688e+01 5.390668423106947671e+01
2.457696916471506654e+02 1.829153005464480941e+01 5.389841920374707485e+01
2.457272150663544039e+02 1.824351092896174720e+01 5.388260148321623433e+01
2.456913836846213997e+02 1.823703161592505850e+01 5.383685597189695216e+01
2.455058255269320853e+02 1.808687548790007682e+01 5.360941647150663414e+01
2.452422033567525261e+02 1.769784348165495658e+01 5.336933060109289784e+01
2.450555132708821304e+02 1.759358899297424017e+01 5.323588017174082410e+01
2.448816744730679034e+02 1.732012099921935899e+01 5.311836455893833175e+01
2.447551522248243430e+02 1.711122170179547197e+01 5.300940671350507216e+01
2.446843481654957202e+02 1.705876268540203000e+01 5.295987509758001721e+01
2.447454527712724541e+02 1.708704137392662048e+01 5.296649102263856435e+01
2.448087724434035977e+02 1.712561475409836120e+01 5.304776541764246645e+01
2.448891393442623041e+02 1.714505269320843084e+01 5.313687548790007753e+01
2.448935889929742302e+02 1.714146174863387984e+01 5.317044301327088363e+01
2.448550644028103136e+02 1.716292935206869785e+01 5.312801522248243913e+01
2.448485850897736213e+02 1.714821428571428541e+01 5.312973263075721775e+01
2.447901444184230968e+02 1.712911787665886010e+01 5.302008196721311606e+01
2.447468579234972594e+02 1.712314597970335583e+01 5.300161982825917306e+01
2.447796155347384968e+02 1.706466627634660327e+01 5.304093481654957287e+01
2.448054742388758882e+02 1.715719164715066469e+01 5.302756635441061661e+01
2.447757806401249070e+02 1.711571038251366161e+01 5.300708430913348934e+01
2.447432377049180445e+02 1.713215261514441679e+01 5.302372170179547339e+01
2.447442915690866414e+02 1.711084113973458187e+01 5.300518149882903884e+01
2.446666081186573081e+02 1.698233801717408298e+01 5.295591334894613311e+01
2.446434035909445868e+02 1.696922326307572249e+01 5.302494145199063524e+01
2.446848067915690876e+02 1.694395979703356758e+01 5.301751561280249803e+01
2.446318208430913330e+02 1.697598555815768862e+01 5.294944379391100853e+01
2.446025273224043701e+02 1.692401444184230996e+01 5.300201990632318427e+01
2.445965261514441806e+02 1.689666276346604334e+01 5.299055425448867851e+01
2.445903395784543193e+02 1.697790788446526022e+01 5.292472677595628738e+01
2.446440476190476261e+02 1.700241998438719904e+01 5.302839578454332781e+01
2.446571038251366019e+02 1.705644028103044363e+01 5.296959406713504848e+01
2.446949063231850232e+02 1.711772053083528533e+01 5.300158079625293084e+01
2.447193501170960133e+02 1.718211358313817172e+01 5.299757025761124396e+01
2.447235265417642438e+02 1.715030249804840068e+01 5.302532201405152534e+01
2.447491022638563720e+02 1.718819281811084920e+01 5.304834113973458187e+01
2.447787861046057856e+02 1.721770101483216209e+01 5.313858313817330270e+01
2.448001268540203057e+02 1.731140710382513603e+01 5.312003317720530760e+01
2.448190671350507444e+02 1.736883294301327041e+01 5.305175644028103221e+01
2.449018930523028814e+02 1.738829039812646471e+01 5.317179937548790036e+01
2.449378512880562084e+02 1.757374121779859522e+01 5.314058352849336586e+01
2.449466334894613624e+02 1.765699648711943937e+01 5.318488485558157919e+01
2.449598555815769032e+02 1.771450039032006174e+01 5.322523419203746897e+01
2.449495804059328634e+02 1.769971701795472185e+01 5.318669984387197758e+01
2.449726190476190482e+02 1.772293130366900726e+01 5.320415690866510516e+01
2.449927205308352711e+02 1.776826697892271767e+01 5.323608508977361709e+01
2.450271857923497407e+02 1.775294691647150813e+01 5.324443793911007106e+01
2.450403981264637139e+02 1.779841920374707342e+01 5.324765807962529607e+01
2.450219847775175595e+02 1.784335480093676907e+01 5.325172716627634628e+01
2.450041471506635560e+02 1.782309718969554879e+01 5.330344457455112916e+01
2.449899980483996842e+02 1.780030249804839926e+01 5.326942818110850908e+01
2.450250097580015733e+02 1.780564988290398176e+01 5.325959211553473693e+01
2.449669886807182024e+02 1.777272638563622209e+01 5.321230483996877325e+01
2.449002634660421620e+02 1.778859289617486183e+01 5.315432279469164456e+01
2.449781615925058418e+02 1.784100312256050103e+01 5.316738875878220227e+01
2.450245608899297451e+02 1.788322599531615964e+01 5.323943208430913643e+01
2.449971701795472256e+02 1.786612021857923338e+01 5.322285323965651571e+01
2.449991022638563720e+02 1.784338407494145073e+01 5.322740046838407579e+01
2.450088114754098285e+02 1.783174277907884431e+01 5.321415886026542097e+01
2.449578259172521371e+02 1.781914519906323235e+01 5.322137002341920464e+01
2.449358508977361453e+02 1.780432279469164669e+01 5.322912763466042207e+01
2.449503415300546578e+02 1.779828259172521498e+01 5.326196330991412964e+01
2.449943501170960189e+02 1.789896565183450505e+01 5.329242779078844450e+01
2.450616705698672888e+02 1.789954137392662048e+01 5.329764832162373267e+01
2.450763270882123379e+02 1.790183450429352163e+01 5.333038641686182757e+01
2.450250097580015733e+02 1.793519711163153829e+01 5.326173887587822264e+01
2.450357338017174129e+02 1.798229898516783720e+01 5.331930132708821191e+01
2.450593091334894496e+02 1.795731850117095973e+01 5.334683840749414685e+01
2.450954039812646386e+02 1.804678961748633981e+01 5.339103239656518696e+01
2.451226385636221607e+02 1.806910616705698658e+01 5.337658079625293084e+01
2.450517857142857281e+02 1.798646565183450363e+01 5.331603239656518411e+01
2.449162177985948574e+02 1.781994535519125833e+01 5.322062841530054556e+01
2.447133489461358238e+02 1.756895003903200703e+01 5.298614363778298042e+01
2.443692525370803992e+02 1.717255074160812001e+01 5.266741803278688394e+01
2.439196038251366190e+02 1.658324551131928004e+01 5.230223458235753498e+01
2.433915495706479248e+02 1.587972287275565897e+01 5.181498829039812648e+01
2.430967993754879046e+02 1.531165105386416947e+01 5.166284153005464219e+01
2.429562743950039021e+02 1.500254683840749337e+01 5.160373731459797142e+01
2.429503708040593324e+02 1.487408274785324025e+01 5.165040983606557035e+01
2.430913056206088925e+02 1.502173106947697079e+01 5.167588797814207879e+01
2.431954527712724428e+02 1.515651834504293483e+01 5.175470335675253608e+01
2.432440573770491881e+02 1.515555230288836874e+01 5.179155932864949108e+01
2.432606362217017875e+02 1.520659640905542531e+01 5.174264246682279378e+01
2.432667740046838389e+02 1.529185206869633085e+01 5.184881928181108179e+01
2.433334504293520695e+02 1.529051522248243522e+01 5.187911787665886010e+01
2.432779371584699390e+02 1.527549765807962601e+01 5.192200429352068625e+01
2.432786592505854912e+02 1.529271077283372371e+01 5.197545862607338307e+01
2.432712822014051426e+02 1.527996682279469098e+01 5.190075136612021822e+01
2.432649297423887447e+02 1.535214676034348180e+01 5.188916861826697868e+01
2.433339968774394890e+02 1.534346213895394229e+01 5.198985167837626875e+01
2.433283762685402110e+02 1.533112802498048488e+01 5.199205698672911780e+01
2.433077380952381077e+02 1.537514637002341900e+01 5.192930327868852203e+01
2.432872365339578380e+02 1.530421545667447347e+01 5.202542935206869856e+01
2.432882220921155465e+02 1.531267564402810244e+01 5.194464285714285978e+01
2.432647053083528590e+02 1.530953356752537076e+01 5.188519711163154113e+01
2.432535226385636236e+02 1.538740241998438663e+01 5.188285519125683010e+01
2.433024004683840644e+02 1.537439500390320113e+01 5.199233021077283468e+01
2.433280835284933517e+02 1.549555035128805613e+01 5.194119828259172778e+01
2.433258099141295929e+02 1.552881537861046013e+01 5.197424863387978178e+01
2.433307474629195895e+02 1.564499414519906395e+01 5.185002927400468309e+01
2.433701990632318370e+02 1.569793130366900868e+01 5.190255659640905606e+01
2.434269906323185069e+02 1.576276346604215384e+01 5.195930913348946234e+01
2.434780347384855475e+02 1.581322209211553442e+01 5.199602849336456245e+01
2.435229996096799425e+02 1.588328454332552653e+01 5.201773028883684447e+01
2.434910909445745517e+02 1.586011904761904745e+01 5.194331576893052471e+01
2.434816647150663584e+02 1.585518149882904027e+01 5.195051717408274783e+01
2.434518540202966506e+02 1.592490241998438805e+01 5.198581186572990021e+01
2.434927107728337319e+02 1.599276932084309166e+01 5.194794106167056924e+01
2.434495999219359987e+02 1.598439695550351303e+01 5.193223067915690905e+01
2.434589090554254369e+02 1.604347189695550213e+01 5.192042349726776251e+01
2.434251854020296548e+02 1.601021662763465869e+01 5.193451405152224964e+01
2.434048692427790854e+02 1.596456869633099096e+01 5.192005269320843297e+01
2.433966920374707286e+02 1.599491608118657382e+01 5.188072794691647260e+01
2.434639539422326209e+02 1.606654957064793265e+01 5.190345433255269114e+01
2.434532396565183490e+02 1.610558157689305148e+01 5.181209992193598879e+01
2.434783079625292714e+02 1.611197306791569162e+01 5.189247658079625580e+01
2.434672814207650333e+02 1.614645784543325391e+01 5.187813231850117290e+01
2.434295667447306926e+02 1.617603434816549424e+01 5.180353239656518127e+01
2.434174863387978007e+02 1.617218969555035102e+01 5.184539422326307800e+01
2.434059621389539529e+02 1.620826502732240471e+01 5.184226190476190510e+01
2.433932279469164826e+02 1.626233411397345918e+01 5.184564793130366667e+01
2.434095335675253580e+02 1.631733996877439452e+01 5.191741803278688394e+01
2.434004976580796153e+02 1.636255854800936760e+01 5.183995901639344339e+01
2.434104703356752566e+02 1.629308157689305148e+01 5.190477166276346566e+01
2.435088212334113962e+02 1.636824746291959443e+01 5.197523419203746897e+01
2.435176814988290346e+02 1.643108899297423875e+01 5.195967993754879188e+01
2.435320745511319274e+02 1.649364754098360564e+01 5.206240241998438734e+01
2.435737021857923423e+02 1.659300351288056063e+01 5.206694964871194031e+01
2.436188231850117063e+02 1.650108313817330341e+01 5.212206284153005242e+01
2.436173497267759558e+02 1.655048790007806403e+01 5.207933255269320938e+01
2.435951502732240499e+02 1.653783177205308519e+01 5.210342505854801232e+01
2.436123731459797170e+02 1.653144028103044505e+01 5.219035909445745602e+01
2.436374121779859365e+02 1.659781420765027349e+01 5.225318110850897568e+01
2.436322599531615936e+02 1.658136221701795421e+01 5.220290788446526165e+01
2.436653786104605786e+02 1.654709211553473835e+01 5.230685011709601895e+01
2.437091627634660540e+02 1.662817135050741513e+01 5.228500195160031438e+01
2.437944086651053794e+02 1.671048985167837486e+01 5.231696916471506853e+01
2.437741803278688622e+02 1.672991803278688394e+01 5.230376658860265593e+01
2.438602166276346566e+02 1.680910421545667432e+01 5.236681303669008258e+01
2.438557181889149206e+02 1.686949648711943794e+01 5.238360655737704974e+01
2.438711943793911132e+02 1.693282591725214559e+01 5.239457455113193163e+01
2.439411885245901601e+02 1.692161397345823559e+01 5.243248438719750482e+01
2.438431596409055544e+02 1.683150858704137320e+01 5.240654761904762182e+01
2.436298985167837543e+02 1.659498438719750268e+01 5.216647150663543897e+01
2.433354800936768072e+02 1.619551131928180965e+01 5.195175644028103079e+01
2.428236338797814255e+02 1.550577673692427716e+01 5.154455503512880910e+01
2.422201600312256176e+02 1.454475019516003087e+01 5.105374707259953482e+01
2.419311280249804952e+02 1.377671740827478608e+01 5.097222872755659751e+01
2.418433157689305233e+02 1.355114168618266923e+01 5.088984192037470677e+01
2.418474824355971862e+02 1.358655347384855538e+01 5.100708430913348934e+01
2.419981947697111764e+02 1.370338602654176441e+01 5.106197306791568735e+01
2.421296740827478402e+02 1.378523614363778371e+01 5.122850312256049676e+01
2.422650175644027968e+02 1.398381147540983527e+01 5.126333918813426749e+01
2.423278786104605729e+02 1.411076307572209210e+01 5.132979117876659103e+01
2.423764637002341829e+02 1.423866120218579212e+01 5.131740827478532196e+01
2.424033469945355250e+02 1.427272638563622209e+01 5.131349531615924775e+01
2.424174863387978007e+02 1.430080015612802491e+01 5.137080405932864835e+01
2.424914617486338670e+02 1.439239851678376247e+01 5.139095433255269540e+01
2.425825331772053062e+02 1.452601483216237277e+01 5.129931693989070851e+01
2.426442330210772695e+02 1.473127439500390246e+01 5.130102459016393368e+01
2.426393247462919476e+02 1.476898907103825209e+01 5.124761904761904674e+01
2.425880952380952351e+02 1.491436377829820437e+01 5.116174863387978178e+01
2.426520784543325533e+02 1.492582943013270835e+01 5.122190671350507074e+01
2.426778590944574603e+02 1.496304644808743234e+01 5.121505659640905606e+01
2.427200136612021879e+02 1.500504488680718218e+01 5.128777322404371830e+01
2.427592310694769822e+02 1.510195160031225647e+01 5.129631147540983704e+01
2.428130854800936902e+02 1.511792544886807121e+01 5.135317135050741655e+01
2.428384562841530112e+02 1.519112997658079678e+01 5.135680132708821333e+01
2.428882416081186477e+02 1.529479898516783720e+01 5.138375292740046518e+01
2.429070257611241175e+02 1.535969945355191335e+01 5.141686182669788963e+01
2.429786690085870475e+02 1.540917252146760319e+01 5.145681108508977530e+01
2.429503805620609000e+02 1.556562256049960880e+01 5.141724238875877973e+01
2.429852556596408988e+02 1.564917056986729094e+01 5.147584894613583373e+01
2.430213602654176555e+02 1.562391686182669837e+01 5.154782396565183689e+01
2.430805230288836754e+02 1.570454722872755582e+01 5.155979703356752708e+01
2.431061182669789105e+02 1.574134465261514393e+01 5.160401053864168830e+01
2.431092701014832187e+02 1.576606167056986685e+01 5.161358313817330412e+01
2.431470140515222624e+02 1.580731850117095938e+01 5.168856362217017875e+01
2.431708138173302132e+02 1.580090749414519991e+01 5.167684426229508432e+01
2.431914032006245066e+02 1.584618462138953987e+01 5.165818696330991600e+01
2.432048204527712585e+02 1.594607728337236452e+01 5.170427400468383894e+01
2.432424960967993854e+02 1.601212919594066975e+01 5.173845628415300268e+01
2.432600312256049904e+02 1.604857533177205298e+01 5.169824355971896779e+01
2.432955991412958667e+02 1.607563427010148160e+01 5.176378805620608858e+01
2.433039032006245179e+02 1.610031225604996052e+01 5.173805620608899147e+01
2.433107825917252285e+02 1.612175058548009332e+01 5.172791764246682078e+01
2.433474531615925116e+02 1.616009953161592350e+01 5.177551717408275067e+01
2.433865827478532537e+02 1.626105581576893044e+01 5.181933060109289357e+01
2.434137782982045337e+02 1.627697111631538007e+01 5.191448087431693637e+01
2.434428766588602571e+02 1.631387587822014140e+01 5.199877049180327759e+01
2.434216725214675989e+02 1.623465066354410524e+01 5.207780054644808843e+01
2.434243657298985113e+02 1.625108313817330341e+01 5.210348360655737565e+01
2.434148614363778336e+02 1.627020882123341039e+01 5.211048985167837344e+01
2.434819281811085148e+02 1.631641295862607421e+01 5.210733801717407943e+01
2.435157884465261589e+02 1.635355191256830665e+01 5.210087822014051540e+01
2.435161007025761251e+02 1.640671350507416193e+01 5.212976190476190652e+01
2.435362997658079678e+02 1.642515612802498026e+01 5.215706479313036681e+01
2.435543130366900755e+02 1.647183840749414685e+01 5.215357142857143202e+01
2.434904957064793223e+02 1.652345823575331707e+01 5.212687353629976883e+01
2.435005366900858803e+02 1.647604410616705550e+01 5.217387782982045508e+01
2.435380074160812001e+02 1.649224238875878257e+01 5.214706284153005811e+01
2.435874414519906281e+02 1.653609484777517480e+01 5.221402224824355898e+01
2.436314305230288824e+02 1.657247267759562703e+01 5.224173497267759814e+01
2.436948087431694034e+02 1.661678376268540092e+01 5.231649102263856577e+01
2.437159933645589263e+02 1.669142271662763477e+01 5.224452576112412316e+01
2.437224531615925116e+02 1.676534933645589476e+01 5.229173497267759529e+01
2.437799960967993798e+02 1.680903590944574688e+01 5.231625683060109111e+01
2.438104898516783692e+02 1.683730483996877325e+01 5.233753903200624791e+01
2.437770491803278787e+02 1.682880562060890028e+01 5.230091725214676046e+01
2.438063427010148416e+02 1.689389149102263943e+01 5.235251756440280957e+01
2.438287958626073362e+02 1.694530640124902376e+01 5.237247267759563130e+01
2.438758196721311435e+02 1.699225214676034312e+01 5.236563231850117006e+01
2.438918227946916488e+02 1.703368462138953987e+01 5.239986338797814369e+01
2.438602068696330889e+02 1.700667447306791402e+01 5.232617096018735481e+01
2.438903493364558983e+02 1.699657494145198910e+01 5.233968579234972651e+01
2.438564890710382542e+02 1.697108704137392721e+01 5.226347580015612948e+01
2.437576405152224766e+02 1.689567720530835260e+01 5.220350312256049818e+01
2.435625878220140521e+02 1.672527322404371475e+01 5.204541373926619485e+01
2.432753220140515111e+02 1.635422521467603474e+01 5.185401053864168830e+01
2.429443598750975752e+02 1.597548790007806474e+01 5.155731850117096116e+01
2.426534250585480095e+02 1.551866705698672888e+01 5.132149687743950039e+01
2.424320452771272585e+02 1.509822404371584703e+01 5.122209211553473551e+01
2.424732825917252228e+02 1.488056206088992894e+01 5.119986338797814085e+01
2.425457552693208356e+02 1.487118462138954023e+01 5.126472482435597300e+01
2.426291373926619883e+02 1.502470725995316236e+01 5.132675644028103079e+01
2.427056108508977275e+02 1.513556791569086712e+01 5.138051327088212616e+01
2.427991120218579226e+02 1.521134855581576950e+01 5.149809718969554950e+01
2.428976775956284087e+02 1.527267759562841576e+01 5.158979313036689973e+01
2.429689793130366979e+02 1.541341725214676117e+01 5.160572794691647402e+01
2.430675936768149938e+02 1.547303864168618226e+01 5.161870608899297252e+01
2.430816451990632459e+02 1.554762880562060978e+01 5.164315964090554445e+01
2.430799277907884459e+02 1.557253122560499570e+01 5.167739071038251097e+01
2.431223848555815721e+02 1.566284153005464397e+01 5.162086260733801879e+01
2.431195647931303654e+02 1.571052888368462064e+01 5.165832357533177088e+01
2.430880074160811830e+02 1.578525565964090482e+01 5.162571233411397031e+01
2.431684035909445640e+02 1.587283372365339496e+01 5.158136221701795421e+01
2.432553278688524472e+02 1.583544106167057031e+01 5.165052693208431123e+01
2.432167154566744784e+02 1.587782006245121025e+01 5.164048594847775320e+01
2.431679352068696289e+02 1.592271662763466011e+01 5.165759172521467946e+01
2.432199258391881358e+02 1.594779469164715024e+01 5.173177205308353166e+01
2.433088700234192174e+02 1.601150468384074799e+01 5.176659836065573472e+01
2.433612021857923366e+02 1.611352459016393368e+01 5.186717408274785157e+01
2.433911299765807996e+02 1.615030249804840068e+01 5.200479117876658819e+01
2.433659055425448798e+02 1.623261124121779986e+01 5.193147931303668940e+01
2.433906225604996223e+02 1.625789422326307587e+01 5.198800741608118869e+01
2.434220042935207005e+02 1.623535323965651855e+01 5.200155152224824207e+01
2.434604898516783749e+02 1.626402224824355969e+01 5.204979508196721127e+01
2.436001561280249916e+02 1.637740046838407437e+01 5.214430132708821475e+01
2.435543520686963177e+02 1.644289617486338884e+01 5.203120608899297395e+01
2.435283860265417673e+02 1.643839773614363864e+01 5.200984582357533270e+01
2.435763856362217155e+02 1.644775565964090447e+01 5.200050741608118443e+01
2.435874804839968704e+02 1.645959211553473978e+01 5.203884660421545760e+01
2.436249609679937578e+02 1.648083528493364724e+01 5.207121389539422296e+01
2.437208528493364668e+02 1.656349531615925130e+01 5.217780054644808985e+01
2.436929839968774445e+02 1.659411592505854927e+01 5.217374121779859308e+01
2.437141783762685350e+02 1.655746487119438015e+01 5.217774199843871941e+01
2.437192818110850965e+02 1.658706088992974159e+01 5.222072599531615822e+01
2.438530932864949250e+02 1.660660616705698800e+01 5.220365925058548129e+01
2.438335187353629863e+02 1.669598946135831241e+01 5.225974824355972004e+01
2.439747267759562703e+02 1.671522248243559616e+01 5.231504683840749692e+01
2.440133391881342675e+02 1.674712138953942286e+01 5.227333138173302274e+01
2.440202966432474625e+02 1.678163544106167038e+01 5.227622950819672099e+01
2.440928083528493460e+02 1.683531420765027420e+01 5.234515027322404279e+01
2.441381830601092986e+02 1.686353434816549424e+01 5.233410421545667646e+01
2.441376561280249859e+02 1.689329625292739934e+01 5.235164910226385615e+01
2.441345433255269199e+02 1.687943013270882275e+01 5.240995316159250450e+01
2.440832943013271006e+02 1.691241217798594931e+01 5.233251366120218506e+01
2.441239461358313747e+02 1.689841920374707129e+01 5.240329820452771514e+01
2.441667935206869515e+02 1.691579820452771443e+01 5.236831576893052187e+01
2.441872658079625182e+02 1.695955308352849400e+01 5.233939305230288852e+01
2.442243950039031972e+02 1.696309523809523867e+01 5.242361436377829875e+01
2.443087626854020300e+02 1.704133489461358408e+01 5.247414129586260856e+01
2.443527322404371489e+02 1.704254488680718183e+01 5.246288056206088868e+01
2.444043911007025827e+02 1.709469164715066469e+01 5.253959797033567725e+01
2.444861241217798522e+02 1.721003122560499676e+01 5.260778688524590052e+01
2.444966334894613453e+02 1.723195745511319288e+01 5.262512685402029433e+01
2.445597384855581709e+02 1.735173692427790826e+01 5.274076893052303205e+01
2.446835870413739258e+02 1.741108508977361424e+01 5.287542935206869288e+01
2.447920472287275686e+02 1.760570843091334936e+01 5.286960382513661472e+01
2.448698575331771963e+02 1.769710187353630104e+01 5.296244145199063524e+01
2.448436475409835964e+02 1.768728532396565356e+01 5.300262490241998137e+01
2.447698185011709597e+02 1.756755464480874451e+01 5.291244145199063098e+01
2.446330503512880625e+02 1.734827283372365514e+01 5.274971701795472256e+01
2.444820647931303768e+02 1.719018345042935181e+01 5.268975409836065893e+01
2.444580698672911865e+02 1.705894808743169477e+01 5.256263661202185489e+01
2.444874414519906338e+02 1.711088017174082765e+01 5.259017369242778983e+01
2.446004195940671480e+02 1.714456479313036752e+01 5.271950624512099637e+01
2.446523321623731420e+02 1.717153590944574404e+01 5.275330796252927712e+01
2.447402712724434082e+02 1.727633684621389420e+01 5.284573575331771877e+01
2.447944769711163246e+02 1.737913739266198121e+01 5.290158079625292942e+01
2.448569184231069471e+02 1.746298790007806545e+01 5.294380366900858803e+01
2.449406713505074151e+02 1.752000390320062451e+01 5.299843871975019738e+01
2.449385148321623831e+02 1.761944769711163161e+01 5.304565768930523006e+01
2.449522248243559659e+02 1.764355971896955566e+01 5.312076502732240613e+01
2.450166569086651123e+02 1.764747267759562988e+01 5.317024785323965830e+01
2.449816354410616839e+02 1.756608118657299045e+01 5.323647540983606774e+01
2.449595921155347469e+02 1.752963505074160722e+01 5.320319086651053908e+01
2.448876658860265536e+02 1.756731069476971285e+01 5.315031225604995768e+01
2.448435694769711120e+02 1.755241022638563564e+01 5.311511514441842507e+01
2.447881830601092759e+02 1.753383099141295887e+01 5.305801131928181036e+01
2.447767857142857224e+02 1.745871389539422225e+01 5.303699258391880988e+01
2.446747950819672042e+02 1.739667252146760390e+01 5.299034933645589263e+01
2.446826014832162457e+02 1.740524004683840786e+01 5.293433840749414543e+01
2.446353629976580919e+02 1.742535128805620559e+01 5.292782982045277151e+01
2.446580893832943104e+02 1.736716432474629102e+01 5.290840163934426243e+01
2.445901834504293504e+02 1.736713505074160935e+01 5.288444574551132149e+01
2.446452283372365457e+02 1.737018930523028715e+01 5.295463505074160793e+01
2.446824551131928160e+02 1.742876658860265593e+01 5.297624902419984494e+01
2.446771077283372335e+02 1.755532786885245855e+01 5.294962919594067330e+01
2.446949258391881301e+02 1.761973067915690905e+01 5.297896174863387841e+01
2.447150370804059207e+02 1.762403395784543392e+01 5.292748829039812364e+01
2.446537275565964080e+02 1.765302498048399826e+01 5.289568696330991315e+01
2.446524980483996785e+02 1.763834894613583160e+01 5.289059328649492642e+01
2.446584113973458159e+02 1.764119828259172351e+01 5.283711943793910848e+01
2.446641003122560392e+02 1.767307767369242910e+01 5.287684426229508006e+01
2.446985753317720480e+02 1.773309914129586318e+01 5.290202966432474341e+01
2.447184718969554922e+02 1.770344457455113130e+01 5.290045862607338023e+01
2.446790690866510545e+02 1.766786690085870504e+01 5.284798009367681715e+01
2.446682181889149206e+02 1.763504098360655803e+01 5.289612607338017369e+01
2.446196330991412822e+02 1.767259953161592634e+01 5.281793520686963461e+01
2.446351580796252847e+02 1.770933840749414401e+01 5.280077088212333791e+01
2.446609875097580016e+02 1.769389149102264014e+01 5.284500390320062735e+01
2.446863485558157549e+02 1.781296838407494221e+01 5.295371779859484462e+01
2.447478239656518326e+02 1.782661007025761180e+01 5.300254683840749692e+01
2.448066451990632402e+02 1.787346799375487905e+01 5.301911592505854998e+01
2.448281128024980546e+02 1.796421740827478430e+01 5.305092701014832102e+01
2.448399199843871941e+02 1.797731264637002369e+01 5.296691061670569667e+01
2.448653981264637025e+02 1.801908665105386476e+01 5.305825526932084557e+01
2.449054156908665050e+02 1.806043130366900940e+01 5.309085675253707848e+01
2.449569574551131836e+02 1.816445160031225470e+01 5.315084894613583089e+01
2.449638758782201364e+02 1.818544106167056995e+01 5.310681108508977388e+01
2.449411397345823502e+02 1.817230679156908835e+01 5.306188524590164235e+01
2.449101483216237227e+02 1.813766588602654295e+01 5.303848555815768862e+01
2.449144125683060054e+02 1.815121975019516043e+01 5.308236729117876962e+01
2.449288934426229503e+02 1.816991608118657453e+01 5.308049375487900079e+01
2.449511514441842337e+02 1.817460967993755006e+01 5.306258782201405211e+01
2.449322501951600373e+02 1.814809718969555163e+01 5.310941647150663414e+01
2.448560792349726682e+02 1.806285128805620488e+01 5.306708626073380231e+01
2.447190085870413725e+02 1.791926229508196755e+01 5.297287275565964393e+01
2.444461358313817243e+02 1.754391100702576267e+01 5.269521857923497521e+01
2.440533762685402053e+02 1.703013270882123464e+01 5.235712334113973299e+01
2.437012880562060957e+02 1.658534348165495587e+01 5.208645589383294094e+01
2.435416471506635503e+02 1.618797814207650276e+01 5.183996877439500395e+01
2.434706772053083625e+02 1.599630171740827400e+01 5.180455698672911780e+01
2.435777127244340363e+02 1.601785714285714235e+01 5.186533957845433207e+01
2.437311768149882880e+02 1.616355386416861961e+01 5.201622755659641228e+01
2.438354898516783749e+02 1.625141491022638718e+01 5.207756635441061377e+01
2.439243754879000790e+02 1.641315378610460485e+01 5.214080796252927286e+01
2.439298985167837657e+02 1.646278298204527601e+01 5.211073380171740865e+01
2.439251073380171704e+02 1.650927985948477783e+01 5.214435011709601753e+01
2.439848848555815835e+02 1.661513466042154619e+01 5.219770686963310169e+01
2.440593286494925849e+02 1.664701405152224822e+01 5.224910226385636491e+01
2.441043423106947614e+02 1.670463505074160793e+01 5.232311670569867346e+01
2.441893149882903913e+02 1.675036104605776899e+01 5.238675839188134375e+01
2.441700331772053119e+02 1.674185206869633191e+01 5.242301912568306221e+01
2.441384465261514549e+02 1.679771662763466011e+01 5.233485558157689610e+01
2.440974336455893763e+02 1.683999804839968917e+01 5.231144613583138181e+01
2.440658469945355193e+02 1.688218188914910201e+01 5.229875097580015364e+01
2.440333235753317638e+02 1.682124316939890818e+01 5.231743754879001074e+01
2.439977068696331060e+02 1.688835870413739215e+01 5.230149297423887589e+01
2.439694086651053908e+02 1.683234777517564495e+01 5.226609094457455029e+01
2.439612119437938986e+02 1.684237900078063888e+01 5.220625487900078099e+01
2.439570843091334780e+02 1.689843871975019596e+01 5.220657689305230065e+01
2.439579430132708922e+02 1.690483996877439665e+01 5.224638953942232433e+01
2.439349824355971919e+02 1.690030249804840068e+01 5.224556010928962024e+01
2.438744437939110128e+02 1.689634074941452013e+01 5.210738680718188931e+01
2.439283957845433122e+02 1.692369242779078675e+01 5.216522248243559545e+01
2.439569964871194259e+02 1.698004488680718183e+01 5.219401834504293447e+01
2.440331967213114694e+02 1.703198672911787526e+01 5.227060889929742160e+01
2.439907689305230178e+02 1.708286494925839349e+01 5.234841920374707058e+01
2.440481557377049171e+02 1.710767954722872730e+01 5.234347189695550639e+01
2.440754195940671423e+02 1.719665300546447995e+01 5.235754293520687241e+01
2.441139051522248167e+02 1.720805035128805471e+01 5.236294886807181825e+01
2.440784836065573700e+02 1.729682864949258558e+01 5.235303473848556166e+01
2.440581772053083398e+02 1.729771662763466011e+01 5.239744340359094110e+01
2.440847970335675257e+02 1.729326697892271625e+01 5.240614754098360351e+01
2.440873536299765760e+02 1.731049960967993684e+01 5.243407494145198910e+01
2.441322989851678358e+02 1.736137782982045152e+01 5.246922326307571893e+01
2.441811963309914120e+02 1.737604410616705763e+01 5.242538056206088726e+01
2.442423887587821980e+02 1.747808352849336444e+01 5.252238485558157777e+01
2.441941451990632288e+02 1.743725604996096834e+01 5.249711163153786231e+01
2.441660714285714278e+02 1.742362412177985931e+01 5.247815183450429544e+01
2.441913641686182643e+02 1.745492779078844592e+01 5.246780835284933886e+01
2.441176229508196798e+02 1.741192427790788599e+01 5.242550741608118869e+01
2.441372365339578323e+02 1.741239266198282465e+01 5.242521467603435070e+01
2.441478727556596482e+02 1.742540983606557248e+01 5.242519516003122249e+01
2.441226385636221607e+02 1.743737314597970212e+01 5.250825526932084131e+01
2.441218286494925849e+02 1.736142661982825786e+01 5.239239851678376425e+01
2.440685304449648640e+02 1.736997462919594071e+01 5.237774199843872225e+01
2.439854898516783805e+02 1.733954918032786807e+01 5.234505269320843013e+01
2.439317135050741570e+02 1.735474238875878328e+01 5.225548399687743739e+01
2.438992291178766720e+02 1.735787470725995263e+01 5.232924473067915727e+01
2.438817427790788486e+02 1.739378415300546621e+01 5.230699648711943439e+01
2.439453649492583907e+02 1.743010343481654800e+01 5.228709016393442965e+01
2.439509074941452127e+02 1.748800741608118514e+01 5.229973653395784794e+01
2.438900956284153096e+02 1.747216042154566651e+01 5.229140320062451508e+01
2.438789227166276419e+02 1.745513270882123180e+01 5.229560889929742729e+01
2.438548887587822094e+02 1.745728922716627807e+01 5.227360460577673962e+01
2.439056889149102290e+02 1.749450624512099850e+01 5.231894028103044292e+01
2.439297619047619037e+02 1.751450039032006245e+01 5.231096799375487905e+01
2.439550741608118756e+02 1.755503512880562056e+01 5.232101873536299763e+01
2.439008782201405268e+02 1.748237704918032875e+01 5.229666276346604548e+01
2.437552790788446657e+02 1.732139929742388773e+01 5.221519320843091094e+01
2.434904566744730801e+02 1.700839188134269975e+01 5.197570257611241118e+01
2.432001854020296605e+02 1.661493950039032086e+01 5.175654761904761614e+01
2.428565768930523063e+02 1.612119437939109901e+01 5.147896174863387841e+01
2.426383879781420774e+02 1.571366120218579177e+01 5.117687353629976599e+01
2.425109972677595636e+02 1.533978337236533918e+01 5.118648516783762403e+01
2.425341822794691780e+02 1.528201600312256048e+01 5.112621975019516185e+01
2.425550448868071953e+02 1.530498633879781423e+01 5.113759758001561551e+01
2.425611631537861115e+02 1.535891881342701026e+01 5.115402029664324601e+01
2.425641783762685293e+02 1.544003708040593281e+01 5.113291373926620054e+01
2.426515612802498083e+02 1.553052302888368530e+01 5.120015612802497884e+01
2.426984582357533213e+02 1.556828649492583949e+01 5.122972287275565861e+01
2.426964578454332582e+02 1.566564207650273310e+01 5.121954527712724570e+01
2.427134270101483082e+02 1.566943793911006999e+01 5.118477751756440597e+01
2.426850800156128116e+02 1.570826502732240471e+01 5.115260538641685883e+01
2.425887782982045167e+02 1.579139344262295097e+01 5.114873145979703395e+01
2.425924960967993798e+02 1.580931889149102254e+01 5.111306596409055203e+01
2.426070940671350513e+02 1.581322209211553442e+01 5.110939695550351303e+01
2.425668227946916602e+02 1.583464090554254433e+01 5.113643637782981699e+01
2.426252439500390210e+02 1.582918618266978861e+01 5.115069281811084778e+01
2.426677693208430924e+02 1.582516588602654117e+01 5.119298399687743739e+01
2.426776639344262207e+02 1.589298399687744023e+01 5.121872560499609506e+01
2.426532786885245798e+02 1.584558938329430156e+01 5.117523419203747181e+01
2.425375975800156141e+02 1.581835480093676871e+01 5.103919789227166603e+01
2.425943891491022555e+02 1.591089968774394947e+01 5.109189110070257556e+01
2.426507513661202324e+02 1.590853825136612087e+01 5.111335870413739002e+01
2.427217310694769594e+02 1.607629781420764914e+01 5.118582162373145650e+01
2.427449355971897091e+02 1.612288251366120306e+01 5.121687158469945444e+01
2.427421838407494192e+02 1.616804254488680570e+01 5.127641491022638576e+01
2.427867096018735253e+02 1.622170179547228841e+01 5.123987119437938986e+01
2.427817915690866641e+02 1.629873145979703253e+01 5.138069867291179094e+01
2.428377049180327845e+02 1.636881342701014930e+01 5.137624902419984352e+01
2.429395686963309799e+02 1.645447892271662838e+01 5.147116510538641876e+01
2.429971896955503610e+02 1.650281030444964969e+01 5.150969945355191015e+01
2.429949258391881415e+02 1.649570647931303569e+01 5.144486729117876678e+01
2.429626268540203000e+02 1.650005854800936689e+01 5.148631928181108464e+01
2.429463407494145315e+02 1.649450624512099850e+01 5.147217993754878762e+01
2.429652224824355926e+02 1.656124121779859593e+01 5.148793911007025770e+01
2.429991900858704241e+02 1.660590359094457469e+01 5.145336651053864330e+01
2.429832455113192680e+02 1.663968579234972722e+01 5.155045862607337881e+01
2.429707259953161724e+02 1.665046838407494079e+01 5.146459797033567440e+01
2.429526541764246588e+02 1.664174473067915727e+01 5.145068306010929149e+01
2.429294398907103698e+02 1.671339773614363722e+01 5.150734777517564567e+01
2.428803083528493403e+02 1.671208040593286626e+01 5.143479703356752708e+01
2.428447306791568963e+02 1.672650273224043715e+01 5.144797033567525091e+01
2.428140417642466957e+02 1.675756245120999210e+01 5.144878024980484099e+01
2.428147053083528419e+02 1.669046643247462924e+01 5.134530640124902590e+01
2.428108313817330099e+02 1.674658469945355321e+01 5.133073770491803600e+01
2.428148321623731363e+02 1.676994535519125762e+01 5.137583918813427175e+01
2.427579234972677682e+02 1.678788056206089152e+01 5.135560109289617259e+01
2.428103434816549679e+02 1.685560109289617614e+01 5.144248633879781352e+01
2.428428766588602628e+02 1.681282201405152321e+01 5.146695940671350655e+01
2.428030542544886714e+02 1.677559523809523867e+01 5.141833528493364724e+01
2.427794886807182024e+02 1.684816549570647837e+01 5.133540202966432275e+01
2.427620218579234859e+02 1.688678766588602542e+01 5.133585089773614385e+01
2.427801327088212417e+02 1.691500780640124901e+01 5.141801327088212048e+01
2.428524004683840758e+02 1.692886416861826859e+01 5.144629195940671451e+01
2.428616705698673002e+02 1.698149882903981123e+01 5.149884855581576915e+01
2.428655835284933744e+02 1.697672716627634770e+01 5.149755074160811574e+01
2.428311670569867431e+02 1.700491803278688607e+01 5.152708821233411385e+01
2.428314207650273318e+02 1.698116705698672746e+01 5.150478142076502763e+01
2.428553571428571445e+02 1.704823380171740865e+01 5.152824941451990526e+01
2.428925448868071726e+02 1.712894223263075588e+01 5.157874707259953340e+01
2.429389344262295083e+02 1.717978142076502834e+01 5.159071038251366303e+01
2.429372365339578437e+02 1.713729508196721341e+01 5.160450819672131217e+01
2.428151541764246701e+02 1.695689890710382386e+01 5.149721896955503553e+01
2.425936085089773542e+02 1.666275370804059364e+01 5.134792154566744671e+01
2.422982240437158339e+02 1.627892271662763335e+01 5.104847775175643676e+01
2.419363973458235648e+02 1.579195940671350584e+01 5.073981264637002653e+01
2.415911104605776814e+02 1.516774980483996949e+01 5.045348360655737707e+01
2.414913153786104658e+02 1.473905152224824278e+01 5.028799765807962530e+01
2.414457943013270835e+02 1.450849921935987474e+01 5.030020491803279015e+01
2.415707747853239766e+02 1.443289422326307658e+01 5.042079430132708495e+01
2.417055620608899176e+02 1.451245120999219296e+01 5.056643247462919533e+01
2.417544106167057123e+02 1.471498829039812684e+01 5.065780640124902590e+01
2.419184426229508063e+02 1.484004683840749372e+01 5.071598360655737991e+01
2.419730971896955509e+02 1.497897150663544075e+01 5.074354996096799653e+01
2.420188719750195219e+02 1.499744340359094430e+01 5.081887197501951903e+01
2.420639539422326436e+02 1.507654176424668258e+01 5.087679547228727728e+01
2.421013953942232604e+02 1.514563817330210860e+01 5.084323770491803174e+01
2.420575331772053005e+02 1.526569086651053908e+01 5.088235753317720622e+01
2.421146955503512856e+02 1.533157689305230242e+01 5.086042154566744955e+01
2.421474531615924946e+02 1.541972092115534743e+01 5.092780054644808985e+01
2.421105483996877581e+02 1.551121194379391177e+01 5.088603629976580578e+01
2.421421155347384797e+02 1.548985167837626875e+01 5.095003903200624507e+01
2.421538348946135955e+02 1.551181693989071064e+01 5.098826112412177736e+01
2.421322209211553513e+02 1.565087822014051611e+01 5.090126854020296321e+01
2.421365534738485508e+02 1.564125683060109218e+01 5.089765807962529465e+01
2.420953161592505865e+02 1.568967603434816560e+01 5.090622560499609506e+01
2.421482533177205312e+02 1.579454527712724499e+01 5.087688329430132939e+01
2.421780347384855645e+02 1.581999414519906288e+01 5.093874902419984352e+01
2.422130464480874252e+02 1.590760148321623646e+01 5.095894808743169335e+01
2.422961748633879893e+02 1.594398907103825103e+01 5.093028883684621633e+01
2.423108021077283354e+02 1.602042349726776038e+01 5.101255854800936618e+01
2.423129781420765028e+02 1.610874316939890605e+01 5.107416081186573109e+01
2.422943110850897597e+02 1.612337041373926638e+01 5.098324551131928217e+01
2.423621779859484775e+02 1.616621779859484676e+01 5.108335284933645681e+01
2.423931206088992951e+02 1.627151639344262435e+01 5.111086065573770298e+01
2.424422716627634600e+02 1.630515222482435433e+01 5.106448087431694205e+01
2.424734972677595692e+02 1.632464871194379441e+01 5.112371194379391426e+01
2.424357338017174186e+02 1.634898516783762545e+01 5.114032006245120954e+01
2.424481264637002482e+02 1.639395003903200632e+01 5.112993754879001074e+01
2.424130269320843070e+02 1.642739071038251453e+01 5.105358118657299116e+01
2.424678083528493460e+02 1.651376854020296747e+01 5.109218384074941355e+01
2.424515905542544942e+02 1.652596604215456821e+01 5.118513856362216785e+01
2.424584699453552048e+02 1.653592896174863469e+01 5.122351678376268325e+01
2.424008879781420660e+02 1.661577868852458906e+01 5.122182864949258629e+01
2.424191744730679261e+02 1.660362021857923409e+01 5.113168423106947813e+01
2.424722092115534622e+02 1.662636612021858085e+01 5.120107338017174214e+01
2.424955405932865062e+02 1.672729313036690257e+01 5.129548204527712585e+01
2.425139637002341999e+02 1.677992779078844521e+01 5.133570452771272130e+01
2.425496877439500452e+02 1.674759953161592563e+01 5.130642076502731896e+01
2.425349336455893763e+02 1.676291959406713517e+01 5.132900078064012206e+01
2.425823185011709597e+02 1.680727946916471538e+01 5.133456284153005811e+01
2.426421740827478573e+02 1.681920374707259924e+01 5.142220921155347213e+01
2.427163641686182700e+02 1.688234777517564567e+01 5.145639149102263588e+01
2.427469457455113115e+02 1.693342115534738568e+01 5.140906518345042997e+01
2.427737704918032762e+02 1.691453942232630681e+01 5.145040983606557461e+01
2.428138173302107816e+02 1.700645979703356758e+01 5.151414910226385757e+01
2.427964188134270103e+02 1.698984192037470820e+01 5.153496291959406506e+01
2.428552985948477669e+02 1.705949453551912498e+01 5.148775370804059293e+01
2.429691549570648021e+02 1.712842505854801090e+01 5.157335089773614101e+01
2.429861826697892297e+02 1.716295862607337952e+01 5.164139344262294884e+01
2.429811182669789105e+02 1.717136026541764338e+01 5.159766783762685094e+01
2.430457064793130257e+02 1.723971506635441031e+01 5.161087041373926354e+01
2.429767661982826041e+02 1.723748048399687605e+01 5.162292154566744529e+01
2.429665788446526165e+02 1.721632513661202069e+01 5.157448282591725075e+01
2.429616608118657268e+02 1.726105581576893044e+01 5.155426424668227980e+01
2.429691256830600992e+02 1.728690476190476133e+01 5.162839578454332212e+01
2.430333528493364668e+02 1.735967993754879046e+01 5.164117876658860240e+01
2.430863192818110861e+02 1.738060109289617472e+01 5.168212334113973583e+01
2.430563914910226515e+02 1.728228922716627736e+01 5.159669203747072430e+01
2.428854508196721440e+02 1.713910031225605124e+01 5.146454918032787162e+01
2.426710675253708018e+02 1.689905347384855716e+01 5.131931108508977246e+01
2.424430523028883613e+02 1.659207650273224033e+01 5.119254488680718396e+01
2.423135148321623831e+02 1.640028298204527601e+01 5.111519320843091663e+01
2.423009270101483139e+02 1.628943208430913359e+01 5.116357338017174072e+01
2.424599531615924946e+02 1.620392271662763406e+01 5.114787275565964109e+01
2.424882513661202097e+02 1.629125683060109253e+01 5.117201405152224680e+01
2.425787275565964194e+02 1.626975019516003229e+01 5.119078844652614890e+01
2.426067525370804105e+02 1.630327868852458906e+01 5.121264637002342113e+01
2.426907201405152250e+02 1.640363973458235591e+01 5.135348360655737565e+01
2.427440573770491881e+02 1.650362021857923622e+01 5.145248829039812932e+01
2.427638368462139056e+02 1.650798204527712798e+01 5.133456284153005811e+01
2.428313231850117120e+02 1.655271272443403419e+01 5.138507025761123970e+01
2.429014734582357562e+02 1.657986924277907903e+01 5.148707064793130428e+01
2.429769320843091407e+02 1.660460577673692484e+01 5.148600702576112553e+01
2.429872853239656649e+02 1.667641491022638434e+01 5.153744145199063098e+01
2.430566451990632402e+02 1.675161007025761251e+01 5.163853434816549282e+01
2.430552693208430810e+02 1.675981654957064748e+01 5.161492974238876030e+01
2.431190378610460527e+02 1.680477166276346779e+01 5.161597384855581794e+01
2.431481459797033438e+02 1.679439890710382599e+01 5.159847775175644102e+01
2.431626854020296662e+02 1.683077673692427823e+01 5.166891100702576267e+01
2.431676229508196627e+02 1.687449258391881202e+01 5.170907494145198768e+01
2.431384562841529942e+02 1.691078259172521570e+01 5.168927595628415617e+01
2.430957747853239539e+02 1.689394028103044576e+01 5.165229313036689973e+01
2.430606947697111764e+02 1.699012490241998563e+01 5.161077283372365088e+01
2.430394711163153829e+02 1.696913544106167038e+01 5.165008782201405069e+01
2.430581479313036652e+02 1.693580210772833894e+01 5.155516198282591489e+01
2.430698380171740780e+02 1.696923302107728304e+01 5.157920569867291505e+01
2.431009953161592421e+02 1.698680718188914796e+01 5.163239656518344844e+01
2.430554156908665107e+02 1.700428376268540376e+01 5.166259758001561408e+01
2.431261124121779744e+02 1.711627634660421649e+01 5.176608118657298974e+01
2.431456088992974287e+02 1.714279859484777546e+01 5.177328259172521285e+01
2.432278981264637139e+02 1.722134074941451942e+01 5.185725019516003442e+01
2.433420472287275516e+02 1.728904176424668293e+01 5.188322599531615964e+01
2.434097677595628397e+02 1.735036104605776686e+01 5.196187548790008037e+01
2.434406128024980376e+02 1.738407494145199195e+01 5.195421545667447560e+01
2.434323185011709541e+02 1.738292349726776109e+01 5.194763856362217069e+01
2.434309231069476880e+02 1.743047423887587755e+01 5.195291764246682220e+01
2.434610362997657944e+02 1.746370999219359987e+01 5.195211748633879978e+01
2.435524882903981165e+02 1.750715261514441679e+01 5.203271857923497379e+01
2.435369828259172493e+02 1.755302498048399684e+01 5.200895784543325817e+01
2.434935694769711176e+02 1.755922131147540810e+01 5.209645784543325675e+01
2.435388758782201535e+02 1.755187353629976599e+01 5.207201405152224538e+01
2.435036690085870532e+02 1.758075722092115711e+01 5.204160811865730096e+01
2.434603142076502706e+02 1.761909640905542673e+01 5.198915886026541955e+01
2.434514929742388745e+02 1.759655542544886941e+01 5.198863192818110690e+01
2.434054742388758825e+02 1.758785128805620701e+01 5.200658665105386547e+01
2.434431010928961712e+02 1.760246877439500324e+01 5.195734777517564140e+01
2.434026151444184336e+02 1.763198672911787668e+01 5.190189305230288852e+01
2.433199160811865625e+02 1.758671935987509727e+01 5.184577478532396810e+01
2.433616900858704071e+02 1.757560499609679994e+01 5.188590944574551145e+01
2.433909055425448855e+02 1.758503122560499676e+01 5.193948087431694205e+01
2.433779566744730687e+02 1.754390124902419856e+01 5.184909250585479867e+01
2.432925546448087459e+02 1.753771467603434786e+01 5.183601678376268751e+01
2.432039812646370081e+02 1.751081186572989878e+01 5.175327868852458835e+01
2.431658567525370813e+02 1.751019711163153758e+01 5.173673887587821696e+01
2.431063817330210668e+02 1.751448087431694134e+01 5.165421545667447134e+01
2.430397540983606461e+02 1.747982045277127128e+01 5.163969555035129133e+01
2.429971799375487933e+02 1.743373341139734478e+01 5.155559133489461487e+01
2.429719359875097666e+02 1.741910616705698800e+01 5.153592896174863114e+01
2.428676327088212474e+02 1.734185206869632978e+01 5.150079039812646187e+01
2.428368071818891565e+02 1.735310304449648555e+01 5.134201795472286989e+01
2.428323965651834442e+02 1.733846604215456821e+01 5.137980093676814874e+01
2.427878220140515282e+02 1.726387587822014069e+01 5.129701405152224680e+01
2.426353239656518213e+02 1.708608508977361495e+01 5.119982435597189863e+01
2.423766100702576125e+02 1.683416276346604334e+01 5.103517759562841860e+01
2.421284055425448969e+02 1.656858899297423804e+01 5.091433450429352092e+01
2.419118169398907128e+02 1.627186768149882923e+01 5.072268735362997916e+01
2.417771174863387955e+02 1.607149687743950039e+01 5.068199648711943439e+01
2.417431693989070993e+02 1.600839188134269975e+01 5.071092896174863540e+01
2.417727166276346509e+02 1.599990241998438734e+01 5.072630757220920827e+01
2.419280347384855645e+02 1.596480288836846206e+01 5.085043911007025486e+01
2.419071038251366019e+02 1.602146760343481802e+01 5.088110850897736270e+01
2.420140905542544942e+02 1.608110850897736199e+01 5.088142076502732181e+01
2.420628024980483985e+02 1.621539812646370038e+01 5.094154957064792910e+01
2.420681498829039811e+02 1.628799765807962530e+01 5.095604996096799510e+01
2.421111729117876621e+02 1.635159055425448926e+01 5.091181693989071277e+01
2.421880952380952294e+02 1.641656908665105519e+01 5.087176034348165388e+01
2.422118169398907241e+02 1.646148516783762616e+01 5.093790983606557177e+01
2.422378512880562198e+02 1.649591139734582512e+01 5.100557181889148950e+01
2.422677010148321699e+02 1.650421545667447276e+01 5.100575722092115427e+01
2.422834211553473835e+02 1.655315183450429473e+01 5.104419398907104011e+01
2.422637002341920436e+02 1.658370413739266169e+01 5.091976971116315553e+01
2.422519223263075787e+02 1.655916276346604121e+01 5.092520491803279015e+01
2.422587138953942372e+02 1.652828844652615103e+01 5.092904957064793336e+01
2.422698087431693921e+02 1.651902810304449787e+01 5.094357923497268104e+01
2.423424375487900022e+02 1.656449063231850261e+01 5.097625878220140550e+01
2.423719945355191214e+02 1.660323965651834399e+01 5.103559718969555092e+01
2.424572404371584753e+02 1.666235362997658243e+01 5.103971506635441102e+01
2.424933548009367712e+02 1.672801522248243700e+01 5.110662568306010911e+01
2.425751658860265536e+02 1.675057572209211543e+01 5.113164519906322880e+01
2.426326697892271795e+02 1.686161202185792263e+01 5.123612412177985931e+01
2.426893735362997688e+02 1.691985753317720409e+01 5.125186377829820117e+01
2.427772053083528476e+02 1.697968384074941284e+01 5.133128415300546266e+01
2.428376463700234069e+02 1.703501170960187494e+01 5.126596409055425596e+01
2.428675546448087346e+02 1.713888563622170125e+01 5.134887782982045223e+01
2.428873536299765874e+02 1.718346994535519201e+01 5.138745120999219296e+01
2.429040690866510488e+02 1.722177010148321585e+01 5.142407298985168040e+01
2.428989949258391903e+02 1.727161397345823701e+01 5.140635245901639649e+01
2.429541861826697868e+02 1.733324551131928004e+01 5.144917056986729165e+01
2.429945647931303654e+02 1.737961553473848397e+01 5.148018149882904027e+01
2.429861143637782845e+02 1.738911982825917235e+01 5.147817135050741655e+01
2.429211553473848539e+02 1.737328259172521427e+01 5.140294691647150671e+01
2.428917447306791644e+02 1.735222482435597158e+01 5.138653395784543676e+01
2.428110265417642495e+02 1.731459797033567583e+01 5.126963309914129496e+01
2.427756342701014773e+02 1.726468579234972722e+01 5.124044691647150529e+01
2.427045862607338051e+02 1.722665886026541671e+01 5.116912568306010911e+01
2.426828259172521598e+02 1.722699063231850047e+01 5.113210382513661045e+01
2.427282201405152193e+02 1.725224434035909482e+01 5.113667056986729165e+01
2.427943989071038118e+02 1.733575331772053119e+01 5.124699453551912853e+01
2.428138758782201307e+02 1.734274004683840786e+01 5.121077283372365230e+01
2.428250195160031240e+02 1.735657689305230278e+01 5.119112021857923622e+01
2.428588700234192004e+02 1.737664910226385473e+01 5.114109094457455029e+01
2.428988290398126537e+02 1.739951209992193526e+01 5.113382123341139618e+01
2.428922423887587740e+02 1.741833528493364724e+01 5.122079430132708922e+01
2.429720335675253580e+02 1.745023419203747039e+01 5.126549570647931375e+01
2.429448770491803202e+02 1.744212529274004808e+01 5.125508391881342618e+01
2.429317135050741570e+02 1.745343481654957074e+01 5.124843871975019738e+01
2.429208626073380231e+02 1.746276346604215490e+01 5.124523809523809348e+01
2.429604703356752395e+02 1.748882708821233578e+01 5.119815573770491568e+01
2.429611631537861172e+02 1.751079234972677767e+01 5.132765417642466588e+01
2.429618559718969664e+02 1.751560304449648697e+01 5.131839383294301626e+01
2.429535909445745574e+02 1.750306401249024191e+01 5.128222092115534991e+01
2.429523126463700180e+02 1.750069281811084920e+01 5.131228532396565356e+01
2.428563231850117177e+02 1.742859094457455171e+01 5.122921545667447418e+01
2.426850409836065694e+02 1.724934621389539302e+01 5.110922131147540881e+01
2.424722189695550298e+02 1.706501756440281170e+01 5.091872560499609790e+01
2.422332357533177287e+02 1.678052302888368530e+01 5.071654957064793479e+01
2.419410031225604882e+02 1.645238095238095255e+01 5.054531615925058219e+01
2.417517564402810422e+02 1.622230679156908550e+01 5.041344652615144639e+01
2.416725897736143622e+02 1.610568891491022470e+01 5.038156713505074435e+01
2.417499609679937578e+02 1.605727946916471538e+01 5.042176034348165814e+01
2.418411202185792490e+02 1.616170960187353600e+01 5.055476190476190368e+01
2.419224726775956356e+02 1.625063427010148231e+01 5.073798790007806048e+01
2.420440768930523063e+02 1.630912373145979544e+01 5.077559523809523512e+01
2.420773614363778279e+02 1.639164715066354461e+01 5.078735362997657887e+01
2.421651151444184222e+02 1.648285519125683152e+01 5.090650858704137249e+01
2.422054547228727586e+02 1.650184426229508361e+01 5.084153981264636712e+01
2.423093091334894496e+02 1.660655737704918167e+01 5.099246682279468956e+01
2.423442818110850965e+02 1.667386807181889097e+01 5.106270491803278588e+01
2.423788836846213997e+02 1.671967213114754003e+01 5.099363778298204863e+01
2.424284543325526897e+02 1.680827478532396668e+01 5.103155737704918238e+01
2.424959992193598737e+02 1.688938329430132868e+01 5.112076502732240613e+01
2.424580698672911865e+02 1.689091530054644963e+01 5.110773809523809774e+01
2.425154566744730573e+02 1.699627244340359056e+01 5.114658469945355534e+01
2.425740437158469831e+02 1.695271272443403632e+01 5.116625683060109253e+01
2.425932279469164712e+02 1.694234972677595508e+01 5.113840749414519848e+01
2.426337919594067216e+02 1.696854996096799439e+01 5.122413153786104800e+01
2.426968188914910343e+02 1.703856362217018017e+01 5.127872755659640802e+01
2.427895882123341096e+02 1.709354996096799439e+01 5.142352654176424664e+01
2.428517369242779012e+02 1.717660031225604911e+01 5.145161982825917590e+01
2.429314012490241907e+02 1.728104996096799439e+01 5.149849726775956071e+01
2.430300936768149995e+02 1.735005854800936831e+01 5.156178766588602969e+01
2.431250292740046746e+02 1.741737900078064172e+01 5.161862802498048097e+01
2.431844652615144469e+02 1.752412177985948460e+01 5.170023419203747039e+01
2.433023809523809575e+02 1.756092896174863327e+01 5.177021857923497095e+01
2.434240729898516804e+02 1.770369828259172351e+01 5.187434621389539302e+01
2.435143735362997575e+02 1.783361631537860958e+01 5.191694964871194173e+01
2.435526932084309237e+02 1.794783372365339602e+01 5.190626463700234439e+01
2.436136221701795534e+02 1.800261514441842436e+01 5.202935206869633333e+01
2.436701307572209316e+02 1.807298009367681502e+01 5.203349921935987510e+01
2.436923790007806474e+02 1.812034543325527025e+01 5.211866705698673030e+01
2.436934816549570542e+02 1.813251366120218577e+01 5.213007416081186562e+01
2.436455210772833766e+02 1.807891295862607350e+01 5.205627439500390352e+01
2.435731850117095973e+02 1.805517174082747900e+01 5.197792740046838134e+01
2.435176717408274669e+02 1.798314793130366951e+01 5.190598165495706695e+01
2.434213212334113905e+02 1.790424473067915656e+01 5.174979508196721412e+01
2.433188719750195048e+02 1.783569476971116430e+01 5.166139734582357335e+01
2.432733899297423932e+02 1.780525956284153111e+01 5.162856167056986578e+01
2.432433548009367712e+02 1.777772248243559616e+01 5.161909640905542318e+01
2.432255757220921168e+02 1.777344847775175651e+01 5.159598946135831454e+01
2.431971213895394328e+02 1.777725409836065751e+01 5.150034153005464788e+01
2.431699941451990696e+02 1.776755464480874380e+01 5.149261319281811211e+01
2.432256537861046013e+02 1.783211358313817385e+01 5.151404176424668435e+01
2.432560597189695670e+02 1.786423692427790755e+01 5.150338602654176157e+01
2.433165788446526108e+02 1.791289032006245208e+01 5.161886221701795563e+01
2.434535714285714221e+02 1.801128024980484099e+01 5.171209992193598737e+01
2.435272931303668997e+02 1.806439305230288994e+01 5.179897540983606774e+01
2.435637002341920265e+02 1.814313036690085923e+01 5.186366120218579567e+01
2.435844945355191271e+02 1.811765222482435433e+01 5.185929937548790036e+01
2.436124121779859593e+02 1.812970335675253608e+01 5.189071038251366019e+01
2.436184133489461487e+02 1.814969750195160003e+01 5.194790202966432702e+01
2.437032103825136744e+02 1.822844457455113343e+01 5.206958430913348934e+01
2.437726873536299763e+02 1.829194964871194529e+01 5.212282396565183262e+01
2.437399395003903066e+02 1.826171935987509798e+01 5.210773809523809774e+01
2.436754683840749465e+02 1.818873926619828296e+01 5.201055815768930302e+01
2.434584601873536371e+02 1.796236338797814369e+01 5.181337822014051397e+01
2.432032494145199166e+02 1.773295277127244418e+01 5.162514637002342255e+01
2.430134465261514549e+02 1.750374707259953055e+01 5.149000780640125186e+01
2.428916569086651123e+02 1.733402615144418490e+01 5.138742193598751129e+01
2.428631049960968085e+02 1.723896370023419067e+01 5.146675448868072067e+01
2.429182474629195951e+02 1.721098750975800229e+01 5.143530444964871151e+01
