2.453280198888564030e+02 1.371983767183387037e+01 5.525595934483767024e+01
2.453517719606122682e+02 1.374358974358974272e+01 5.527971141659354259e+01
2.453598761821195353e+02 1.375169396509700626e+01 5.528781563810080968e+01
2.456845447011796750e+02 1.407636248415716018e+01 5.561248415716096360e+01
2.460018889538851568e+02 1.439370673686263125e+01 5.592982840986643112e+01
2.461819854733352884e+02 1.457380325631276285e+01 5.610992492931656273e+01
2.464554085015111582e+02 1.479913717461245959e+01 5.632843424003119992e+01
2.465212537779077593e+02 1.487804669981476025e+01 5.634609291215755178e+01
2.461158355269571985e+02 1.463299454031393232e+01 5.567491712976504203e+01
2.448900628838841840e+02 1.350767768353319731e+01 5.418125426537974221e+01
2.444205298820317864e+02 1.250465535731695432e+01 5.377221653504923182e+01
2.439926147996490329e+02 1.171603539046504849e+01 5.345929609047480113e+01
2.437187652334990844e+02 1.140411426342985202e+01 5.326373452276494191e+01
2.437052622599200618e+02 1.126780491371746074e+01 5.317655016086575159e+01
2.437660743882226768e+02 1.131042215072633361e+01 5.329198352344739931e+01
2.438856025153553730e+02 1.151606220142341819e+01 5.342511211855318010e+01
2.440335502583601510e+02 1.183227308179779591e+01 5.362051525787267536e+01
2.442537047869747369e+02 1.206331042215072635e+01 5.374797699132300011e+01
2.443963634591011100e+02 1.230153797406649119e+01 5.384305839914205194e+01
2.446013941698352312e+02 1.245122842936531171e+01 5.399288290923271916e+01
2.447144754801599049e+02 1.253715755094082063e+01 5.418040118943160621e+01
2.447259676318611810e+02 1.274343131519937522e+01 5.432329141074388446e+01
2.447601394169835203e+02 1.289279272691820211e+01 5.427264307302330337e+01
2.448053036950375372e+02 1.294807204835722025e+01 5.421548698449839065e+01
2.448317734230281815e+02 1.301146777810275879e+01 5.426623281661304787e+01
2.448961197231159304e+02 1.297678414741152331e+01 5.427305742419810741e+01
2.447614677781027694e+02 1.280945939358486818e+01 5.423221945988105830e+01
2.446797187286730946e+02 1.268286292288193451e+01 5.409114507165838148e+01
2.446687871697377261e+02 1.269428195378765700e+01 5.408357706931851538e+01
2.445500755581554131e+02 1.251898703324558859e+01 5.407759335088232433e+01
2.445840036072925727e+02 1.261048552208248097e+01 5.403635322218972448e+01
2.446843740859900436e+02 1.274575899385785327e+01 5.416753192941406070e+01
2.447784561762698559e+02 1.286154577361801721e+01 5.420280052646972990e+01
2.449138393292385558e+02 1.303153943648240265e+01 5.433584381398069496e+01
2.450448961684703022e+02 1.314130593740859965e+01 5.437435409963926958e+01
2.450281271326898604e+02 1.335879155698547294e+01 5.438541971336648118e+01
2.452383128595105859e+02 1.355135517207760643e+01 5.458405235448961434e+01
2.453248269474505321e+02 1.380487715706346918e+01 5.464663156868480343e+01
2.453290435799941633e+02 1.401544067466120680e+01 5.464514477917519741e+01
2.453658599005557051e+02 1.423659452081505350e+01 5.461164326801208801e+01
2.454388832017158961e+02 1.431315199376035885e+01 5.469841327873647430e+01
2.453889538851516079e+02 1.455336599395534769e+01 5.465179877157063260e+01
2.454644754801599049e+02 1.470220337330603577e+01 5.473219508628253749e+01
2.455326484352149805e+02 1.490864775275421650e+01 5.488084966364434081e+01
2.455519157648435282e+02 1.508400360729257983e+01 5.498708199278541287e+01
2.455700740957394999e+02 1.527099785512332986e+01 5.491588671151409073e+01
2.456135809690942722e+02 1.541585015111631130e+01 5.500860388027688685e+01
2.455784342400311857e+02 1.546742468558057837e+01 5.501572097104416770e+01
2.455951423418153468e+02 1.553073510773130472e+01 5.492489275616652122e+01
2.455516354684605744e+02 1.555250073120795484e+01 5.496647411523837690e+01
2.455015599103051613e+02 1.554473774007994535e+01 5.494954665106756408e+01
2.455511114360924125e+02 1.559107195086282616e+01 5.495239836209417916e+01
2.455075070683435570e+02 1.563555376815833142e+01 5.488188554158136157e+01
2.454616603295310426e+02 1.566720288583406528e+01 5.486472652822462948e+01
2.455597884371648547e+02 1.585929121575509448e+01 5.491905527932144082e+01
2.456913571219654955e+02 1.598648483962172229e+01 5.501829238568782188e+01
2.458530637613337149e+02 1.615710002924831912e+01 5.511442185824314777e+01
2.459640123817880522e+02 1.634611728575606904e+01 5.530363410353904641e+01
2.461133859803061341e+02 1.657290143316759412e+01 5.546548698449839065e+01
2.461907234084040113e+02 1.675694647557765293e+01 5.555374378473237584e+01
2.463841279126450274e+02 1.693168080335380665e+01 5.572433460076045719e+01
2.465719386760261216e+02 1.714421858243150965e+01 5.589301208930486808e+01
2.466977064443794347e+02 1.729585892561177829e+01 5.603450082870234894e+01
2.467161328848591211e+02 1.737361070488447012e+01 5.610196694940040629e+01
2.463861752949205481e+02 1.702985765818465325e+01 5.578312372038607947e+01
2.454404918592180991e+02 1.597420054596860695e+01 5.495043628741347419e+01
2.446358462513405527e+02 1.496033196841181656e+01 5.433678219752363958e+01
2.439713610217412452e+02 1.424852539728965617e+01 5.399758701374670977e+01
2.436527980891098650e+02 1.378240469922979372e+01 5.389760651262552216e+01
2.434940894023593785e+02 1.355749731890416321e+01 5.394504972214097904e+01
2.434751754899093328e+02 1.361248415716096360e+01 5.386720044847421462e+01
2.435988958759871252e+02 1.372918494686555491e+01 5.390705128205128460e+01
2.437583845178902209e+02 1.388813736960124778e+01 5.395342205323193951e+01
2.439240274934191177e+02 1.405892317441747075e+01 5.407314516915277380e+01
2.441058057911670005e+02 1.421459734815248055e+01 5.409537389100126603e+01
2.442040923271911765e+02 1.434142536804133705e+01 5.421040508920737011e+01
2.442859632446134412e+02 1.436743199766013390e+01 5.423989714341425383e+01
2.443314565662474536e+02 1.434492297942868255e+01 5.420919859608072500e+01
2.444103904650482662e+02 1.434023106171395057e+01 5.425230330505996079e+01
2.445329043579994277e+02 1.433583162718143633e+01 5.425519157648434998e+01
2.446412328166130408e+02 1.437525592278444009e+01 5.431706395632251372e+01
2.446339085502583544e+02 1.439094033343082835e+01 5.436852880959344958e+01
2.445953251438042173e+02 1.442657453446426885e+01 5.444367261382470247e+01
2.445799088427415313e+02 1.439382860485522109e+01 5.444702398362094442e+01
2.445946548698449874e+02 1.432999415033635593e+01 5.449379691917715007e+01
2.446337744954664970e+02 1.415740469922979372e+01 5.445691966461928502e+01
2.445782270644438086e+02 1.423215852588476160e+01 5.438284829872281989e+01
2.446480086770010587e+02 1.432441259627571384e+01 5.450342449059179017e+01
2.447569342887783819e+02 1.458562445159403254e+01 5.442689139124500031e+01
2.449030052646972706e+02 1.488905137954567692e+01 5.464264648532709145e+01
2.450465413863702793e+02 1.514704591985960747e+01 5.473358438139806736e+01
2.451651433167592984e+02 1.538688212927756638e+01 5.478218533684313485e+01
2.453499805011211947e+02 1.567325972506580811e+01 5.511628643852978371e+01
2.455444452568977169e+02 1.598119576874329795e+01 5.515702690845276379e+01
2.457447474895193409e+02 1.617199229794286808e+01 5.534350931071463719e+01
2.459543969971726654e+02 1.639226869455006508e+01 5.539295115530857316e+01
2.460807984790874627e+02 1.657931168957784962e+01 5.549890318806668432e+01
2.461920883299210345e+02 1.673106171395144770e+01 5.560697572389587862e+01
2.462174124987813286e+02 1.683945110656137345e+01 5.570035097981865846e+01
2.463191478989957943e+02 1.697825875012186714e+01 5.584776250365604255e+01
2.463834210782879950e+02 1.708053036950375514e+01 5.593616554548113129e+01
2.464476333235838865e+02 1.714547382275519283e+01 5.595036316661791886e+01
2.464600151116310940e+02 1.720326362484157201e+01 5.594495222774690291e+01
2.464908964609535076e+02 1.724560056546748399e+01 5.604973432777615017e+01
2.465112240421175898e+02 1.728174661206980645e+01 5.604339719216144999e+01
2.465145510383152896e+02 1.731527249683143310e+01 5.603887588963634414e+01
2.465406917227259385e+02 1.733207809300965252e+01 5.604556644242956054e+01
2.465860753631666284e+02 1.741457053719411263e+01 5.607058594130837292e+01
2.465220093594618334e+02 1.733591693477625029e+01 5.603439114750901950e+01
2.465731573559520200e+02 1.736283757433947628e+01 5.606179925904260841e+01
2.466335551330798523e+02 1.743766452178999771e+01 5.612468314321926499e+01
2.466003461050989642e+02 1.747005703422053102e+01 5.607375450911572301e+01
2.465728526859705596e+02 1.746389051379545521e+01 5.604348249975626572e+01
2.466144706054401752e+02 1.744313639465730859e+01 5.608183435702446928e+01
2.466091693477625029e+02 1.746534074290728356e+01 5.605535244223457170e+01
2.465611411718826105e+02 1.745991761723700719e+01 5.611983279711416372e+01
2.466591961587208743e+02 1.760104075265672208e+01 5.618069367261382752e+01
2.466566978648727684e+02 1.760383152968704223e+01 5.614265867212635186e+01
2.463791313249488155e+02 1.730113580969094400e+01 5.598788632153651434e+01
2.455369138149556534e+02 1.642988934386272959e+01 5.517233352832212034e+01
2.445689894706054304e+02 1.510938871014916707e+01 5.426658623379155699e+01
2.439255142829287308e+02 1.417286974748951955e+01 5.394340450424100908e+01
2.433822755191576448e+02 1.356618650677586047e+01 5.360388027688407675e+01
2.430613970946670577e+02 1.317447840499171363e+01 5.330474310227162249e+01
2.429009091352247367e+02 1.293877352052257024e+01 5.319149117675733862e+01
2.429327532416886015e+02 1.282961635955932600e+01 5.321273276786584461e+01
2.430230208638003262e+02 1.293092522179974679e+01 5.331321292775665199e+01
2.431402456858730545e+02 1.314169591498488820e+01 5.335731695427512733e+01
2.432478673101296636e+02 1.332321828994832735e+01 5.353452520230086975e+01
2.434372623574144541e+02 1.351451447791751903e+01 5.362401286926002086e+01
2.435223627766403354e+02 1.357226771960612233e+01 5.365773374280978913e+01
2.436207102466608205e+02 1.366837281856293274e+01 5.370002193623866305e+01
2.436938310422150664e+02 1.380525494784049911e+01 5.367949936628643570e+01
2.437496222092229630e+02 1.386221604757726489e+01 5.373460807253582772e+01
2.438461172857560655e+02 1.398362094179584680e+01 5.378518328946085347e+01
2.438552695719995995e+02 1.398214633908550297e+01 5.375689772838061486e+01
2.438416569172272546e+02 1.394508628253875315e+01 5.377487325728770884e+01
2.437229574924441806e+02 1.383525884761626124e+01 5.366611826070001001e+01
2.436262186799258984e+02 1.365691722725943258e+01 5.363869796236716070e+01
2.435523057424198043e+02 1.359743346007604536e+01 5.372506580871599624e+01
2.435156356634493591e+02 1.352283806181144499e+01 5.373665545481134842e+01
2.435898898313346876e+02 1.354288534659257159e+01 5.374539338988007842e+01
2.436590742907282845e+02 1.363556595495759005e+01 5.375186458028663594e+01
2.437928487861947815e+02 1.378152724968314402e+01 5.384800623964122224e+01
2.438520156965974479e+02 1.389714341425368005e+01 5.390775811640830995e+01
2.439173369406259155e+02 1.404182509505703358e+01 5.396893584868870164e+01
2.441095836989373140e+02 1.422095885736570153e+01 5.407373013551720931e+01
2.442515720971044288e+02 1.439463293360631724e+01 5.418027932143901637e+01
2.444614653407429046e+02 1.462694988788144634e+01 5.429428682850736010e+01
2.446281563810080968e+02 1.480865506483377203e+01 5.441907965291995453e+01
2.447154869844983978e+02 1.493946816808033518e+01 5.446712001559910021e+01
2.449044920542068837e+02 1.506356634493516644e+01 5.460769474505215726e+01
2.450110290533294233e+02 1.520810178414741110e+01 5.469670712684020941e+01
2.450912547528517109e+02 1.534095008287023454e+01 5.465245685873062342e+01
2.451843131519937629e+02 1.550771424393097320e+01 5.475279077703032016e+01
2.453052671346397631e+02 1.568337476845081468e+01 5.490178658477137219e+01
2.454040045822365244e+02 1.578016232816612963e+01 5.492735448961684597e+01
2.454229672418835833e+02 1.581818514185434310e+01 5.492091985960806966e+01
2.455103953397679675e+02 1.592384469143024361e+01 5.499352880959344958e+01
2.456009554450619135e+02 1.599083552695720023e+01 5.511582334015793805e+01
2.457354855220824845e+02 1.614635127230184253e+01 5.517269913229988987e+01
2.457344496441454567e+02 1.623113483474700303e+01 5.520008287023495797e+01
2.458304694355074673e+02 1.634173003802281343e+01 5.537270888173929961e+01
2.459084283903675612e+02 1.644262454908842841e+01 5.546439017256507498e+01
2.460405089207370679e+02 1.654194696304962520e+01 5.553709661694452393e+01
2.461744052841961548e+02 1.670833333333333215e+01 5.561605488934386443e+01
2.463235960807253662e+02 1.683293116895778496e+01 5.569860826752461946e+01
2.464488276299112783e+02 1.698097640635663552e+01 5.583524666081700616e+01
2.465714390172564947e+02 1.709052354489616832e+01 5.593475187676708771e+01
2.467410670761431106e+02 1.725240079945402982e+01 5.613158087159987986e+01
2.469150823827629893e+02 1.739258555133080009e+01 5.622838061811445698e+01
2.470561933313834402e+02 1.758400360729257983e+01 5.639094033343082657e+01
2.471963293360631724e+02 1.778404991712976368e+01 5.664241493614117218e+01
2.473372940430925269e+02 1.795582285268596934e+01 5.669855952032757784e+01
2.474065150628838978e+02 1.799984157160963250e+01 5.670002193623866305e+01
2.469755289070878348e+02 1.756632056156771071e+01 5.631856293263137303e+01
2.458724407721556133e+02 1.641102417860972906e+01 5.535576923076923350e+01
2.449738836891878577e+02 1.523226820707809281e+01 5.473465681973286223e+01
2.444631349322413882e+02 1.457943355757043946e+01 5.456757580189139389e+01
2.441549551525787365e+02 1.410124792824412587e+01 5.432364482792239357e+01
2.441709564200058367e+02 1.378642634298527803e+01 5.420027785902310313e+01
2.442307448571707198e+02 1.398850784829872218e+01 5.421570634688505663e+01
2.443392926781710059e+02 1.414039192746417051e+01 5.432430291508238440e+01
2.445516232816613069e+02 1.442486838256800219e+01 5.448354782100029325e+01
2.447776640343180361e+02 1.468793263137369642e+01 5.458138344545188403e+01
2.449431242078580340e+02 1.490313931948912973e+01 5.471215998830066951e+01
2.451077800526469730e+02 1.516604513990445469e+01 5.485785317344252832e+01
2.452457711806571012e+02 1.535663449351662280e+01 5.497137320854050557e+01
2.453691381495563917e+02 1.549181047089792251e+01 5.504021643755483950e+01
2.455429706541873713e+02 1.571179438432290176e+01 5.514367017646485181e+01
2.457040192063956283e+02 1.584642195573754542e+01 5.520303207565564918e+01
2.456930389002632467e+02 1.590534513015501616e+01 5.528535390465048494e+01
2.456821560885249198e+02 1.587755922784439910e+01 5.528335526957199875e+01
2.455966169445256924e+02 1.582277956517500250e+01 5.523047674758701220e+01
2.454483279711416515e+02 1.564319489129375107e+01 5.507565564980013306e+01
2.453641537486594473e+02 1.553108852490981739e+01 5.496952081505313714e+01
2.453020010724383440e+02 1.545114312177049776e+01 5.494266110948620252e+01
2.452324510090669776e+02 1.542658672126352748e+01 5.490040947645510272e+01
2.453141269377010758e+02 1.557377888271424382e+01 5.501386857755679216e+01
2.454615993955347619e+02 1.572597981866042716e+01 5.508831773423028011e+01
2.456319221019791428e+02 1.587548747197036114e+01 5.524057960417275837e+01
2.457918129082577821e+02 1.604676074875694525e+01 5.539228088134932193e+01
2.460354757726430819e+02 1.631866042702544561e+01 5.558629472555328022e+01
2.462177537291605631e+02 1.657499756264014934e+01 5.574134737252607863e+01
2.464419299015306706e+02 1.682291361996685097e+01 5.593315540606415226e+01
2.466804986838256752e+02 1.707820269084527709e+01 5.618220483572194723e+01
2.468568904163010700e+02 1.728959491079262989e+01 5.626105342692795119e+01
2.470539631471190489e+02 1.747082480257385129e+01 5.646319586623769027e+01
2.471402334990738154e+02 1.767462464658282073e+01 5.659801842644048264e+01
2.473013064248805790e+02 1.777768840791654625e+01 5.668831042215072813e+01
2.474156186019303902e+02 1.787768109583699072e+01 5.678485424588086516e+01
2.475138320171590181e+02 1.805636394657307164e+01 5.691399775762893398e+01
2.476271448766696039e+02 1.819353855903285577e+01 5.698465681973286223e+01
2.476796334210782788e+02 1.825286389782587548e+01 5.705778980208638274e+01
2.477275275421663139e+02 1.829439650970069309e+01 5.710144291703227282e+01
2.478778517110266080e+02 1.845320269084527709e+01 5.723772789314614329e+01
2.479937725455786222e+02 1.856961099736765064e+01 5.736281320074095902e+01
2.480179145949107919e+02 1.871371989860583085e+01 5.739309739689967671e+01
2.480486984498391223e+02 1.877204591985960747e+01 5.742924344350199561e+01
2.481777810275909246e+02 1.886921127035195411e+01 5.754193477625036479e+01
2.482673661889441235e+02 1.894422101979136031e+01 5.763911231354197184e+01
2.483829214195183681e+02 1.904990494296577808e+01 5.771552354489617187e+01
2.485269450131617361e+02 1.917622111728575618e+01 5.783178560982743477e+01
2.486102661596958114e+02 1.935535487959442236e+01 5.794693867602612869e+01
2.486913814955640021e+02 1.946913083747684681e+01 5.793348444964414767e+01
2.487750194988788053e+02 1.956298137857073272e+01 5.794487910695134758e+01
2.488596933801306363e+02 1.964510821877741975e+01 5.812081992785414997e+01
2.489884225407039082e+02 1.975828702349614829e+01 5.824803792531929503e+01
2.491145559130349909e+02 1.998293848103734049e+01 5.820854050892073417e+01
2.491521887491469158e+02 2.015964707029345959e+01 5.814995856488251746e+01
2.492122574826947528e+02 2.028140538169055418e+01 5.811999122550453478e+01
2.493141269377010758e+02 2.032231646680315862e+01 5.814834990738032872e+01
2.493949132299892710e+02 2.036651798771570654e+01 5.811660329531051872e+01
2.494512528029638361e+02 2.034723847128790197e+01 5.823898313346982292e+01
2.495248001364921606e+02 2.045159403334308124e+01 5.814103782782490271e+01
2.496204908842741474e+02 2.047812469533001689e+01 5.826628156381008239e+01
2.497639904455493820e+02 2.060500146241590969e+01 5.840924490591790885e+01
2.498275689772838177e+02 2.072652822462708500e+01 5.851390513795456627e+01
2.499211635955932422e+02 2.077136345910110293e+01 5.855554743102271686e+01
2.499850589841084059e+02 2.084620259335088122e+01 5.858334552013258900e+01
2.500510383152968643e+02 2.096743687237983877e+01 5.862344008969484577e+01
2.500727308179779698e+02 2.099174953690162937e+01 5.864051379545676213e+01
2.501740396802183852e+02 2.122880715608852498e+01 5.869289265867212890e+01
2.503083625816515507e+02 2.131830700984693294e+01 5.883652627473919949e+01
2.502983937798576619e+02 2.154757726430730358e+01 5.899252949205421004e+01
2.504002997952617591e+02 2.175262016184069580e+01 5.913039875207175555e+01
2.504287437847323758e+02 2.183039631471190489e+01 5.920832114653407530e+01
2.502382397387150377e+02 2.160807253582919074e+01 5.916143852978454021e+01
2.495480525494783990e+02 2.081099493029150693e+01 5.864575411913814662e+01
2.484297309154723621e+02 1.922616262064931192e+01 5.779650482597250516e+01
2.472785536706639391e+02 1.798638734522764793e+01 5.681482158525884785e+01
2.467260041922589551e+02 1.710830408501511002e+01 5.618239982451009240e+01
2.464985985180852026e+02 1.678418397192161393e+01 5.595830895973481489e+01
2.464290118943160905e+02 1.674998781320073959e+01 5.594507409573949275e+01
2.465827239933703936e+02 1.691092668421565648e+01 5.611221604757726311e+01
2.468343204640733290e+02 1.713083747684508040e+01 5.626302768840791657e+01
2.471437067368626401e+02 1.745355610802378976e+01 5.656593058399142393e+01
2.474827434922491989e+02 1.781579652919957013e+01 5.689716778785219731e+01
2.478105196451203938e+02 1.805798479087452435e+01 5.709378960709759099e+01
2.480715608852490845e+02 1.825955445061908833e+01 5.733698937311104515e+01
2.482089792336940661e+02 1.841574046992298008e+01 5.744038217802476254e+01
2.483187335478210116e+02 1.858875645900360851e+01 5.751561128985083116e+01
2.484392975528907073e+02 1.869100370478697570e+01 5.762985034610510127e+01
2.484735058984108491e+02 1.873184166910402482e+01 5.777422735692697842e+01
2.485108462513405527e+02 1.869183240713659089e+01 5.769253924149361268e+01
2.483928414741152437e+02 1.860379496928926457e+01 5.760923028175879779e+01
2.482794554938091096e+02 1.849758701374670977e+01 5.748948279223944269e+01
2.481123988495661479e+02 1.826808521010041986e+01 5.734826216242566232e+01
2.479399190796529240e+02 1.812090523544896215e+01 5.720610314906893024e+01
2.478855415813590639e+02 1.808505167202885744e+01 5.712111241103636416e+01
2.478971190406551557e+02 1.805423125670273876e+01 5.708191966461928502e+01
2.479818294823047609e+02 1.813847859998050183e+01 5.716156039777713005e+01
2.480796772935556191e+02 1.828380618114458400e+01 5.734851808521010241e+01
2.481883104221507210e+02 1.837216047577264177e+01 5.744340450424100908e+01
2.483764136687140365e+02 1.860697572389587506e+01 5.764230525494784274e+01
2.486276323486399633e+02 1.885565954957590051e+01 5.786261821195281385e+01
2.488067295505508412e+02 1.906127522667446783e+01 5.795777274056741390e+01
2.489811470215462634e+02 1.925850638588281072e+01 5.810464804523739701e+01
2.491733572194598878e+02 1.945515257872672166e+01 5.831718582431510356e+01
2.493754874719703594e+02 1.961952812713268912e+01 5.847839280491371738e+01
2.495488446914302472e+02 1.978106415131129836e+01 5.860434337525592241e+01
2.497248830067271115e+02 1.993397192161450704e+01 5.877683533196841381e+01
2.498992517305254921e+02 2.019621965486984649e+01 5.887119771863117990e+01
2.500272740567417316e+02 2.031221361021741245e+01 5.909660475772643196e+01
2.501691893341132982e+02 2.047061762698644927e+01 5.914949546651067891e+01
2.502987228234376573e+02 2.051676903578044175e+01 5.927417860972994390e+01
2.503883567319878978e+02 2.065954957589938701e+01 5.930867943843229284e+01
2.504597835624451534e+02 2.072434678755971404e+01 5.937713268987032933e+01
2.505546090474797722e+02 2.083752559227844259e+01 5.937032026908453020e+01
2.506140318806668574e+02 2.090563761333723392e+01 5.944364824022618876e+01
2.506512991128010128e+02 2.097038607780052644e+01 5.948421809495953738e+01
2.507668543433752575e+02 2.102573852003509813e+01 5.957694745052159391e+01
2.508504923466900607e+02 2.118770108218777537e+01 5.961416593545870768e+01
2.509208589256117818e+02 2.127576289363361539e+01 5.966308374768451017e+01
2.509992809788437285e+02 2.131371258652627532e+01 5.976602564102564230e+01
2.510852101004192320e+02 2.144444038217802628e+01 5.980020961294725623e+01
2.511483864677780957e+02 2.153653602417860924e+01 5.984940772155601252e+01
2.512172540703909647e+02 2.158042068831042215e+01 5.986883347957492418e+01
2.513037437847323758e+02 2.170734620259334946e+01 6.002180218387442778e+01
2.513590596665691805e+02 2.174978063761333757e+01 6.009338744272204025e+01
2.514042483182217040e+02 2.179574924441844530e+01 6.004674856195768484e+01
2.514411377595788224e+02 2.186741981086087705e+01 6.011500682460758327e+01
2.515661255727795549e+02 2.199421127035195411e+01 6.016214536414155845e+01
2.516391732475382526e+02 2.202924831822170049e+01 6.028690162815637876e+01
2.517410427025446040e+02 2.211231354197133570e+01 6.044218582431510356e+01
2.517944086964999428e+02 2.214009944428195453e+01 6.053241688602905413e+01
2.518741712976503777e+02 2.219708491761723579e+01 6.060000487471970132e+01
2.519042848786194781e+02 2.224603929024081239e+01 6.060913278736472876e+01
2.519464512040557622e+02 2.231863605342692836e+01 6.064687530466998311e+01
2.519940772155601110e+02 2.235229599298040526e+01 6.070094813298235437e+01
2.520291751974261558e+02 2.242845130155016165e+01 6.071179438432289999e+01
2.521161280101394198e+02 2.249557619186896673e+01 6.073583893926099364e+01
2.521408793994345388e+02 2.247908745247148232e+01 6.082570439699717468e+01
2.521989860583016423e+02 2.258171248903187944e+01 6.082539972701570008e+01
2.522413961197231060e+02 2.266003704786974637e+01 6.080295164278054187e+01
2.522137442722043374e+02 2.262982597250658046e+01 6.088871014916642110e+01
2.521623769133274777e+02 2.257653309934678632e+01 6.086498245100906956e+01
2.518826898703324559e+02 2.232168275324168860e+01 6.059697036170420148e+01
2.511809374085989930e+02 2.147296967924344457e+01 6.006030028273374199e+01
2.503834210782879950e+02 2.039019693867602712e+01 5.928890026323486495e+01
2.497811494589060999e+02 1.933560007799551528e+01 5.850754362874134529e+01
2.494855220824802586e+02 1.869195427512918073e+01 5.814442575801891167e+01
2.493370137467095731e+02 1.843514185434337449e+01 5.802334990738032872e+01
2.494721409768938258e+02 1.836199668519060069e+01 5.799600272984303473e+01
2.497338524909817750e+02 1.848903188066686099e+01 5.817027395924734634e+01
2.499549332163400663e+02 1.892723262162425613e+01 5.837542653797406444e+01
2.502134030418251029e+02 1.921468265574729628e+01 5.867252851711026551e+01
2.504405040460173666e+02 1.953853465925709187e+01 5.887985034610510127e+01
2.505218631178707085e+02 1.982241396119723120e+01 5.899170078970459485e+01
2.505978721848493649e+02 1.996963049624646658e+01 5.915982987228234435e+01
2.506992054206883154e+02 2.015556449254167859e+01 5.929587111241103514e+01
2.507485863312859635e+02 2.032730086770010658e+01 5.936804133762309021e+01
2.508636784634883554e+02 2.041514331675928773e+01 5.948749634396022401e+01
2.509636711514087892e+02 2.054478648727697987e+01 5.959013356731988154e+01
2.509569684118163195e+02 2.055685141854343456e+01 5.961601832894608322e+01
2.508244857170712692e+02 2.055886224042117405e+01 5.956393194891293774e+01
2.507040801403919374e+02 2.045537194111338763e+01 5.944060154041142852e+01
2.506639855708296807e+02 2.031948912937506080e+01 5.937106366383932965e+01
2.505954591985960747e+02 2.013679682168275420e+01 5.928599980501121536e+01
2.506258287023496223e+02 2.010263722335965753e+01 5.937468314321926499e+01
2.505741322998927672e+02 2.027420298332845761e+01 5.935710977868772886e+01
2.506797674758701362e+02 2.029628546358584273e+01 5.945616408306522516e+01
2.508150287608462463e+02 2.045505508433265263e+01 5.951032221897241214e+01
2.508788510285658617e+02 2.064363361606707770e+01 5.965610071170907958e+01
2.510646265964707027e+02 2.089072097104416414e+01 5.984181534561762561e+01
2.512540582041532673e+02 2.104511553085697528e+01 6.002409330213512817e+01
2.513883201715901237e+02 2.124117675733645427e+01 6.018420347080042632e+01
2.515291751974261558e+02 2.135821877742029784e+01 6.027063225114555678e+01
2.516085843813980603e+02 2.153731597933118991e+01 6.037629180072146085e+01
2.517449059179097333e+02 2.163806424880569423e+01 6.049780637613337575e+01
2.518179170322706568e+02 2.174486935751194139e+01 6.057078093009651809e+01
2.518829701667154097e+02 2.189869113775957743e+01 6.063128838841766566e+01
2.519628302622599278e+02 2.203184410646387903e+01 6.072512674271229116e+01
2.520656381008091955e+02 2.215040947645510272e+01 6.079974651457541057e+01
2.520934483767183281e+02 2.221716876279613828e+01 6.090088476162620879e+01
2.521755995905235466e+02 2.232447353027200876e+01 6.090844057716681448e+01
2.521779028955835145e+02 2.234742127327678674e+01 6.083850053621916487e+01
2.522005703422053102e+02 2.240306619869357618e+01 6.085507458321146856e+01
2.522331212830262359e+02 2.245749244418446011e+01 6.086064395047284847e+01
2.522579336063176356e+02 2.256128741347372468e+01 6.087063712586526520e+01
2.523208174904943064e+02 2.258940235936433538e+01 6.089993419128400376e+01
2.523154552988203250e+02 2.263134932241396058e+01 6.097841717851223819e+01
2.523539412108803788e+02 2.266293750609339952e+01 6.100493565369990989e+01
2.523929999025056077e+02 2.272516330311007238e+01 6.109643414253680760e+01
2.524077824900068379e+02 2.278670663936823715e+01 6.108602661596957972e+01
2.524567977966266881e+02 2.280475528907087934e+01 6.115337086867505434e+01
2.525443965097007037e+02 2.293571463390854959e+01 6.116734912742517594e+01
2.525561689577849336e+02 2.293060836501901179e+01 6.125109681193331568e+01
2.525786048552208172e+02 2.294714585161353071e+01 6.128040606415131464e+01
2.526315321244028382e+02 2.301648873939748441e+01 6.131568684800623714e+01
2.526573803256312658e+02 2.304410402651847534e+01 6.137251389295115445e+01
2.526914424295603112e+02 2.303211221604757597e+01 6.140922053231939515e+01
2.527580311007117189e+02 2.315657599688017854e+01 6.140768499561275462e+01
2.527910938871014821e+02 2.317804913717461091e+01 6.149213951447791970e+01
2.528007945793116846e+02 2.327816369308764877e+01 6.140112849761138847e+01
2.528415228624353972e+02 2.336432436384907874e+01 6.138394511065613557e+01
2.528493102271619364e+02 2.338072779565175097e+01 6.145340986643267911e+01
2.528707955542556363e+02 2.340607633811055877e+01 6.154337281856292918e+01
2.529165326118748283e+02 2.349083552695719845e+01 6.147506580871599624e+01
2.529431607682558365e+02 2.357975041435117447e+01 6.143745734620259213e+01
2.529393828604855230e+02 2.360581797796626802e+01 6.140803841279126374e+01
2.529727746904553101e+02 2.365138442039582856e+01 6.144182022033733404e+01
2.530018645802866217e+02 2.372886809008481990e+01 6.143107146339085745e+01
2.529745052159500744e+02 2.368951691527737324e+01 6.136094862045432308e+01
2.527901555035585375e+02 2.336635955932533903e+01 6.122337184361899176e+01
2.522240421175782501e+02 2.268789607097592054e+01 6.066575265672224049e+01
2.513471287900945583e+02 2.147690601540411492e+01 6.013362825387540056e+01
2.508367334503266193e+02 2.053660914497416456e+01 5.957739836209417916e+01
2.504869844983913367e+02 1.965894023593643425e+01 5.893995564005069809e+01
2.503562079555425441e+02 1.928511016866530170e+01 5.867948717948718240e+01
2.503792044457443637e+02 1.920960076045627218e+01 5.874071365896460861e+01
2.504902627473920234e+02 1.931827044944915528e+01 5.882759335088232433e+01
2.505916447304279870e+02 1.956968411816320597e+01 5.896722969679243676e+01
2.507569830359754235e+02 1.983996295213025363e+01 5.925074339475479945e+01
2.508850419225894370e+02 2.005557180462123412e+01 5.940031198206103369e+01
2.509589304864970245e+02 2.027007165837964209e+01 5.952489763088622254e+01
2.510501852393487354e+02 2.043141269377010971e+01 5.964386516525299697e+01
2.511112898508335718e+02 2.053274592960904599e+01 5.979928341620356491e+01
2.511742712294042974e+02 2.067974310227161894e+01 5.985375840889148691e+01
2.512806010529394598e+02 2.077867553865652894e+01 5.997976991322998686e+01
2.512833796431705196e+02 2.095941795846738742e+01 5.999893974846446554e+01
2.512985643950472934e+02 2.096828994832797122e+01 6.001960856000779643e+01
2.512836843131519799e+02 2.095234961489714465e+01 6.004568831042215038e+01
2.512185702447109179e+02 2.083369893731110523e+01 5.995938139806960976e+01
2.511530783854928472e+02 2.072247002047382125e+01 5.985366091449741788e+01
2.510906210392902267e+02 2.067055425563030013e+01 5.980800916447304161e+01
2.510325143804231232e+02 2.060350248610705037e+01 5.979128887588963437e+01
2.510836258165155641e+02 2.063958759871307436e+01 5.983987764453544145e+01
2.511242687920444610e+02 2.072773471775373011e+01 5.990028760846251288e+01
2.512165228624353972e+02 2.085090669786487183e+01 5.991870186214292460e+01
2.513204275129180019e+02 2.103369649995125457e+01 6.000814078190504119e+01
2.514891537486594473e+02 2.122366432680120951e+01 6.014336550648337720e+01
2.516131056839231803e+02 2.141376620844301470e+01 6.031606463878326707e+01
2.517342790289558252e+02 2.164741152383738054e+01 6.043690894023593785e+01
2.518343692112703422e+02 2.185342936531149505e+01 6.052673783757433768e+01
2.519324729453056477e+02 2.204459149848883825e+01 6.058423515647849911e+01
2.520273959247343214e+02 2.216047577264307478e+01 6.065385834064541370e+01
2.520819440382178129e+02 2.230551087062493920e+01 6.071680315881836520e+01
2.521916739787462234e+02 2.241974992687920576e+01 6.082273081797796976e+01
2.523396826557472821e+02 2.254390903773033017e+01 6.098047674758701220e+01
2.523866871404894141e+02 2.264473042800038982e+01 6.103492736667641338e+01
2.524402724968314260e+02 2.272635760943745709e+01 6.108126157745929419e+01
2.524867285756068895e+02 2.285373403529296965e+01 6.110434337525592241e+01
2.525740348054986839e+02 2.294406259140099280e+01 6.127023008677001314e+01
2.527051891391245135e+02 2.307819050404601668e+01 6.129114263429853082e+01
2.527656234766500916e+02 2.320924734327776306e+01 6.124934191284000917e+01
2.528078629228819239e+02 2.327874865945208072e+01 6.132964073315784503e+01
2.528630203763283646e+02 2.341436336160670706e+01 6.125693428877839608e+01
2.529119138149556534e+02 2.347922150726333257e+01 6.136534805498683909e+01
2.529724090864775405e+02 2.361103392804913881e+01 6.133251681778298092e+01
2.529659988300672637e+02 2.355553524422345646e+01 6.144602466608169777e+01
2.530050697084917601e+02 2.365209125475285035e+01 6.149970751681778580e+01
2.530578629228819239e+02 2.374662425660524434e+01 6.154193477625036479e+01
2.530715365116505779e+02 2.375047528517110251e+01 6.158992639173247596e+01
2.531139953202690833e+02 2.387760797504143540e+01 6.159127912645023173e+01
2.531214658282148662e+02 2.385291751974261487e+01 6.164791118260699676e+01
2.531288754021643683e+02 2.391081700302232704e+01 6.162351321049039399e+01
2.531834478892463665e+02 2.400898167105391323e+01 6.164184215657599708e+01
2.532586770010724422e+02 2.404936872379838064e+01 6.174954908842741474e+01
2.532519255142829309e+02 2.411666422930681364e+01 6.172110509895681218e+01
2.532423223164668116e+02 2.417979184946865701e+01 6.158305303695037480e+01
2.532327191186506639e+02 2.411401969386760413e+01 6.162541435117480404e+01
2.532586038802768940e+02 2.417559959052354657e+01 6.163292141951837522e+01
2.533038047187286850e+02 2.419100370478697570e+01 6.179390903773033017e+01
2.532969191771473163e+02 2.422849029930778997e+01 6.174886662766891021e+01
2.532919835234474135e+02 2.424991469240518782e+01 6.178097884371648973e+01
2.533045968606805047e+02 2.428016232816613140e+01 6.181695427512917718e+01
2.532873525397289711e+02 2.426022472457833601e+01 6.187323291410744019e+01
2.533265696597445640e+02 2.438941698352344645e+01 6.180005118455688518e+01
2.533747684508140878e+02 2.445361704202008468e+01 6.184021887491469016e+01
2.533504679730915541e+02 2.444192990153066347e+01 6.182906795359266994e+01
2.533100931071463435e+02 2.441207224334600667e+01 6.169133274836696756e+01
2.531174685580579080e+02 2.407711806571122182e+01 6.158237057619187027e+01
2.526433898800818838e+02 2.324379691917714652e+01 6.114532758116408218e+01
2.519132909232719157e+02 2.219292921906990301e+01 6.062086867505118448e+01
2.513229501803646428e+02 2.130457248708199103e+01 6.011642049332163396e+01
2.511896753436677443e+02 2.066992054206883012e+01 5.972348152481232120e+01
2.510935336843131438e+02 2.039481573559520200e+01 5.956554060641513360e+01
2.511142756166520371e+02 2.039380423125670205e+01 5.958627035195475941e+01
2.512567149263917372e+02 2.052272838061811555e+01 5.968896850931071185e+01
2.514234547138539426e+02 2.081011748074485723e+01 5.995971044164960517e+01
2.516198327971141566e+02 2.115601540411426384e+01 6.021815589353612097e+01
2.517491591108511386e+02 2.138325046309837063e+01 6.036359315589353258e+01
2.519218338695525006e+02 2.153966803158818522e+01 6.052571414643657732e+01
2.519532270644438086e+02 2.172459052354489728e+01 6.065156722238471332e+01
2.520127839524227227e+02 2.180348786194793931e+01 6.072039826459978684e+01
2.520760700009749371e+02 2.201901140684410763e+01 6.069908355269571842e+01
2.521214780150141337e+02 2.210503802281368735e+01 6.078913181242078423e+01
2.521375402164375430e+02 2.214869113775957743e+01 6.082213366481427386e+01
2.521721019791361869e+02 2.221028322121478027e+01 6.084682412011309083e+01
2.521637296480452335e+02 2.226714682655747168e+01 6.087233109096226968e+01
2.521594520815053215e+02 2.219557375450911607e+01 6.087036901628156471e+01
2.521073657014721618e+02 2.220025348542458943e+01 6.073775226674466410e+01
2.520451520912547494e+02 2.214416983523447513e+01 6.064973920249585859e+01
2.520211562835137045e+02 2.207036657892171050e+01 6.061894316076825362e+01
2.520562786389782559e+02 2.212703519547626030e+01 6.075015842839037106e+01
2.521317758603880179e+02 2.221481671053914297e+01 6.083262649897631036e+01
2.522046285463585775e+02 2.234102320366578809e+01 6.088434727503168631e+01
2.522899239543726253e+02 2.248206103149069079e+01 6.094829141074388446e+01
2.523727576289363412e+02 2.262935068733547794e+01 6.106367602612849765e+01
2.524906892853661020e+02 2.276695183776932652e+01 6.108569757238958431e+01
2.525816028078385500e+02 2.289865457736180332e+01 6.115900116993272917e+01
2.526249512528029584e+02 2.301569659744564689e+01 6.120573754509116071e+01
2.527322072730817979e+02 2.312971629131325102e+01 6.133555133079848076e+01
2.528191478989957943e+02 2.324953690162815789e+01 6.143320415326118678e+01
2.528984717753729115e+02 2.340567417373501158e+01 6.141892122452959057e+01
2.529145705371941233e+02 2.351017597738130149e+01 6.130524276104124226e+01
2.529565662474407759e+02 2.360980306132397288e+01 6.136660329531051872e+01
2.530059593448376631e+02 2.364520571317149233e+01 6.146864336550648034e+01
2.530269693867602712e+02 2.369815735595203421e+01 6.148571707126840380e+01
2.530486497026421091e+02 2.374289509603197956e+01 6.156089743589743790e+01
2.530627742029833200e+02 2.376765867212635186e+01 6.159494735302720159e+01
2.531069513502973507e+02 2.383419859608072500e+01 6.157210929121575305e+01
2.531356390757531472e+02 2.386666422930681364e+01 6.162833918299697444e+01
2.531658014039192608e+02 2.391543579994150193e+01 6.169357511943063344e+01
2.531982426635468357e+02 2.397316466803158974e+01 6.168959003607292857e+01
2.532429072828312258e+02 2.406796577946768068e+01 6.174678268499561540e+01
2.532633932923857003e+02 2.406495564005069809e+01 6.179030174514965523e+01
2.532776762211172752e+02 2.411124110363654083e+01 6.173943404504240817e+01
2.533168080335380807e+02 2.413556595495758827e+01 6.181714926391732234e+01
2.533391586233791486e+02 2.423604611484839566e+01 6.181652773715511273e+01
2.534004582236521514e+02 2.436130203763283575e+01 6.191195037535342038e+01
2.534918226576971847e+02 2.444558594130837648e+01 6.201440479672418604e+01
2.535108706249390593e+02 2.450533781807546063e+01 6.204410402651847534e+01
2.535442868285073530e+02 2.458037194111338763e+01 6.207382762991127834e+01
2.535708784244905871e+02 2.464601004192259026e+01 6.210997367651359724e+01
2.535539875207175555e+02 2.469249049429657816e+01 6.212319635370965898e+01
2.535712684020668917e+02 2.469518377693282574e+01 6.218110802378863156e+01
2.536277176562347790e+02 2.481762454908842841e+01 6.211849224919566836e+01
2.536364921517012760e+02 2.485040703909525206e+01 6.218253387930194265e+01
2.536975480159890708e+02 2.487398849566150005e+01 6.228849809885931421e+01
2.537004972214097620e+02 2.494496441454616331e+01 6.229581017841474022e+01
2.537238349419908445e+02 2.491243784732377975e+01 6.238459101101686599e+01
2.537227381300575075e+02 2.502115628351369736e+01 6.228240469922979372e+01
2.537057741054889277e+02 2.508733060349030097e+01 6.224733109096226968e+01
2.537347177537291714e+02 2.500957882421760914e+01 6.246218436189919032e+01
2.537736302037632754e+02 2.509380179389685139e+01 6.240156722238471332e+01
2.537932509505703536e+02 2.514239056254265492e+01 6.240471141659354259e+01
2.537827581164083028e+02 2.513036219167397789e+01 6.239455981281076191e+01
2.537763844203958286e+02 2.518671395144779268e+01 6.228846153846154010e+01
2.536545286146046578e+02 2.497027639660719345e+01 6.211857755679048410e+01
2.533202203373305963e+02 2.434276591595983064e+01 6.166126791459490875e+01
2.526836428780345045e+02 2.323644827922394285e+01 6.127272838061811200e+01
2.520347689382860494e+02 2.229250755581553989e+01 6.063490786779760100e+01
2.517339256117773232e+02 2.168086428780345187e+01 6.041850687335477943e+01
2.516577337428097962e+02 2.148315784342400292e+01 6.036213073998245449e+01
2.516351394169835203e+02 2.144071122160475795e+01 6.026830457248708228e+01
2.517571292775665484e+02 2.152416642293067994e+01 6.044862045432387987e+01
2.519244540313931964e+02 2.175550843326508854e+01 6.062585307594813600e+01
2.521454616359559395e+02 2.201987666959149692e+01 6.078317246758311398e+01
2.522434191284001201e+02 2.224898849566150005e+01 6.097774690455298696e+01
2.523577922394462405e+02 2.249446719313639420e+01 6.105619333138344729e+01
2.524908111533586919e+02 2.263961197231159161e+01 6.119063810080920263e+01
2.526093887101491759e+02 2.277757872672321326e+01 6.126763429852783815e+01
2.526999366286438544e+02 2.292874378473237940e+01 6.133529540801404067e+01
2.527400677586038853e+02 2.301207711806571155e+01 6.142662328166130692e+01
2.527500487471970416e+02 2.309843277761528668e+01 6.143712830262259672e+01
2.527668299697767509e+02 2.314118406941600981e+01 6.144541532611874857e+01
2.527272716193818951e+02 2.313356731987910564e+01 6.134261967436872709e+01
2.526937822950180248e+02 2.307190211562835103e+01 6.137248951935264074e+01
2.526491542361314089e+02 2.305526713463975952e+01 6.117232134152285994e+01
2.526116676416106088e+02 2.297087354977088935e+01 6.118327727405674210e+01
2.526067076143121710e+02 2.292096860680510773e+01 6.125280296382958056e+01
2.526326167495369077e+02 2.298763039875207070e+01 6.124338256800233893e+01
2.527373988495661479e+02 2.315795310519645156e+01 6.128838841766598478e+01
2.528437774202983235e+02 2.328673101296675441e+01 6.143762796139221649e+01
2.529621478015014020e+02 2.345963732085404985e+01 6.157126840206688456e+01
2.530573023301160163e+02 2.361423905625426656e+01 6.170096031978161477e+01
2.531542605050209716e+02 2.381266452178999771e+01 6.178228283123720388e+01
2.532368991907965210e+02 2.396713220239836062e+01 6.187096616944525351e+01
2.532963098371843671e+02 2.408546602320366503e+01 6.193157112216047722e+01
2.533815077508043316e+02 2.420927171687628032e+01 6.205036804133762018e+01
2.534673881251827936e+02 2.425034123037925227e+01 6.222997708881739243e+01
2.534906527249683279e+02 2.431735643950472792e+01 6.221730281758799208e+01
2.535404114263429847e+02 2.443477625036560497e+01 6.223427902895583230e+01
2.535302720093594644e+02 2.450021936238666243e+01 6.220280052646972990e+01
2.535589353612167258e+02 2.445506727113190948e+01 6.229844252705469643e+01
2.535861850443599508e+02 2.461962562152676171e+01 6.219420883299210345e+01
2.536103880276884013e+02 2.467479526177244864e+01 6.223775226674466410e+01
2.536465097006922065e+02 2.474926879204445740e+01 6.222879496928926812e+01
2.536399775762893682e+02 2.476228429365311356e+01 6.223220727308179789e+01
2.536577581164083028e+02 2.484236375158428345e+01 6.221283026225992074e+01
2.536771473140294404e+02 2.482934824997562728e+01 6.226247928244126228e+01
2.536842278443989471e+02 2.484147411523837334e+01 6.228064980013649432e+01
2.537178390367553789e+02 2.484097445646875357e+01 6.236582334015793805e+01
2.536900896948425554e+02 2.489692405186701762e+01 6.230196451204055563e+01
2.536988885639075875e+02 2.486617675733645427e+01 6.237559715316369591e+01
2.537309398459588579e+02 2.493287510968119491e+01 6.236488495661499343e+01
2.537322925806766136e+02 2.499124987813200605e+01 6.236470215462610867e+01
2.537394584186409361e+02 2.505692453933898634e+01 6.242001803646290625e+01
2.537793458126157873e+02 2.508975577654284805e+01 6.245475041435117447e+01
2.538154796724188316e+02 2.516706883104221504e+01 6.250333918299697444e+01
2.538543311884566549e+02 2.523083016476552487e+01 6.252696938676026406e+01
2.538611557960417144e+02 2.535929121575509271e+01 6.238311640830652038e+01
2.538783026225991932e+02 2.533261431217704995e+01 6.247484644632933737e+01
2.539052354489616903e+02 2.538396948425465638e+01 6.251837769328263761e+01
2.539293409378960575e+02 2.539491322998927458e+01 6.261518962659646803e+01
2.539281466315686941e+02 2.544944915667349150e+01 6.256694208832992388e+01
2.539567368626304074e+02 2.553819342887783961e+01 6.263200740957395141e+01
2.539700082870234894e+02 2.556109242468557952e+01 6.268813980696109667e+01
2.539622696694939918e+02 2.554754070390952592e+01 6.265694160085794806e+01
2.539662791264502175e+02 2.559834747002047450e+01 6.271878960709759099e+01
2.539943818855415714e+02 2.567836599395534591e+01 6.275482597250658046e+01
2.539950521595008297e+02 2.574065272496831369e+01 6.272182412011309083e+01
2.540284927366676300e+02 2.574889100126742747e+01 6.278133226089499885e+01
2.540475041435117589e+02 2.578939992200448472e+01 6.271400019498878464e+01
2.540130886224042115e+02 2.579496928926586818e+01 6.273875158428390364e+01
2.540117115140879491e+02 2.580577898020863969e+01 6.262397630886223965e+01
2.539146558447889106e+02 2.554767475870137616e+01 6.243119333138344729e+01
2.536740031198206111e+02 2.490127473920249557e+01 6.211437311104611325e+01
2.532799551525787365e+02 2.421752217997465095e+01 6.155425563030125602e+01
2.527392024958564889e+02 2.328163693087647346e+01 6.110263722335965753e+01
2.524936750511845673e+02 2.274486935751194139e+01 6.086779760163790343e+01
2.524116335185726712e+02 2.256093399629521201e+01 6.090787998440089979e+01
2.524982329141074331e+02 2.262556059276591469e+01 6.102154626108998769e+01
2.526243662864385158e+02 2.282604562737642695e+01 6.114609534951740244e+01
2.528043287510968185e+02 2.312687676708589279e+01 6.137908257775178100e+01
2.529101711026615931e+02 2.333343082772740473e+01 6.153133226089499885e+01
2.530216803158818379e+02 2.346418299697767296e+01 6.163439602222872082e+01
2.531092424685580511e+02 2.368487374475967755e+01 6.169257580189139389e+01
2.531809983425953021e+02 2.383675782392512588e+01 6.165043385005362353e+01
2.532028127132689974e+02 2.393566588671151507e+01 6.164025787267232204e+01
2.532784196158720817e+02 2.411440967144389091e+01 6.161131422443209260e+01
2.532886565272496853e+02 2.415256653992395286e+01 6.159827434922492273e+01
2.532536194793799496e+02 2.418376474602710502e+01 6.153224627083942977e+01
2.532237618211952679e+02 2.411350784829872396e+01 6.154221507263332569e+01
2.531462537779077593e+02 2.398220727308179789e+01 6.151802427610412138e+01
2.530748025738519971e+02 2.387763234863995265e+01 6.141901871892365961e+01
2.530296870429950218e+02 2.376681778297747982e+01 6.143514185434337804e+01
2.530089329238568894e+02 2.371792434435019814e+01 6.142917032270644739e+01
2.530173052549478427e+02 2.376763429852783460e+01 6.141202349614896860e+01
2.530526104124012932e+02 2.381604026518475337e+01 6.142897533391830223e+01
2.531011991810470931e+02 2.387972847811250787e+01 6.148834941990835290e+01
2.531697011796821641e+02 2.404183728185629221e+01 6.145027785902310313e+01
2.532725090182314602e+02 2.417606268889538867e+01 6.156087306229891709e+01
2.532957492444184595e+02 2.429628546358584273e+01 6.167518523934873542e+01
2.533781929414058709e+02 2.442607487569464908e+01 6.179995369016281614e+01
2.534421370771180761e+02 2.457855610802378976e+01 6.185221068538559308e+01
2.535092863410353914e+02 2.467212635273471832e+01 6.190887930194013933e+01
2.535644681680803387e+02 2.470745588378668245e+01 6.204070390952519887e+01
2.535673564395047208e+02 2.473732572877059610e+01 6.215326118748171780e+01
2.535410085795066664e+02 2.466703227064443738e+01 6.225804328751096506e+01
2.535665764843521401e+02 2.474278541483864657e+01 6.221571853368430993e+01
2.536061713951447700e+02 2.480432875109681135e+01 6.228145412888758869e+01
2.536369674368723679e+02 2.486584771375645886e+01 6.229411621331773574e+01
2.536719435507458229e+02 2.495476260115043488e+01 6.229645607877547064e+01
2.536948303597543202e+02 2.509190065321244134e+01 6.226167495369016081e+01
2.536858974358974308e+02 2.510451399044555032e+01 6.226122404211757555e+01
2.537154747976991302e+02 2.516136540898898488e+01 6.235403870527444781e+01
2.537394340450424011e+02 2.518618991907965210e+01 6.238409135224724622e+01
2.537449424783075074e+02 2.513221458516135343e+01 6.252884615384615330e+01
2.537910573267037080e+02 2.526897484644632996e+01 6.246491420493321556e+01
2.538018426440479800e+02 2.533535634201033560e+01 6.247829531051964835e+01
2.538373184166910335e+02 2.536633518572682178e+01 6.252281368821292773e+01
2.538783635565955024e+02 2.541331529687042945e+01 6.255926440479672124e+01
2.539216754411621366e+02 2.552136345910110293e+01 6.256820951545286391e+01
2.539556522374963379e+02 2.555715608852490917e+01 6.262364726528224423e+01
2.539586014429170291e+02 2.553368431315199416e+01 6.275068246075850453e+01
2.540100297357901979e+02 2.560596421955737512e+01 6.288962415911085202e+01
2.540633104221507210e+02 2.573416934776250287e+01 6.303496392707419460e+01
2.541309959052354372e+02 2.595593253387930233e+01 6.303172223847128919e+01
2.541456688115433451e+02 2.598410841376620795e+01 6.320648093984596017e+01
2.541904796724188316e+02 2.598454713853953280e+01 6.329549332163400521e+01
2.542149263917324618e+02 2.604665106756361581e+01 6.323572925806766420e+01
2.542210807253582914e+02 2.608417422248220774e+01 6.316091449741639963e+01
2.542134517890221446e+02 2.605417032270644384e+01 6.317224822072731172e+01
2.542308545383640421e+02 2.606090962269669475e+01 6.325714146436580165e+01
2.542355098956809911e+02 2.614875207175587235e+01 6.328402554353124998e+01
2.542555449936628520e+02 2.612007653309934696e+01 6.332916544798673897e+01
2.542480866725163366e+02 2.624847665009261988e+01 6.326832894608560309e+01
2.542338037437847333e+02 2.619554938091059881e+01 6.331372477332553217e+01
2.542396899678268483e+02 2.623569269766988299e+01 6.329912498781320096e+01
2.542476357609437514e+02 2.626028565857463093e+01 6.333712342790289540e+01
2.542296846056351853e+02 2.628808374768450662e+01 6.326832894608560309e+01
2.541486545773618104e+02 2.617379594423320555e+01 6.313716242566052728e+01
2.540194501316174183e+02 2.580532806863605444e+01 6.282866578921711920e+01
2.537293677488544290e+02 2.501268645802866430e+01 6.243207078093009699e+01
2.532944452568977169e+02 2.408408891488739556e+01 6.196653504923467182e+01
2.529143146144096761e+02 2.344263673588768526e+01 6.155867943843229284e+01
2.528384761626206512e+02 2.313881983035975409e+01 6.156092180949595161e+01
2.529446841181631953e+02 2.307143901725650892e+01 6.160551330798479341e+01
2.531181022716193922e+02 2.341225504533489499e+01 6.183830554743101970e+01
2.532892536804133670e+02 2.369398947060544103e+01 6.211745637125865471e+01
2.534771984985863185e+02 2.408014039192746480e+01 6.232504630983718386e+01
2.536872867310129607e+02 2.435829189821585317e+01 6.258672126352734466e+01
2.537723993370381095e+02 2.465179877157063615e+01 6.268257043969971676e+01
2.538780101394169719e+02 2.491742224822072771e+01 6.285882811738324705e+01
2.539381276201618505e+02 2.507723993370381166e+01 6.294610997367651350e+01
2.539851442917032216e+02 2.514314614409671478e+01 6.303218533684313485e+01
2.540225333918299668e+02 2.522675977381300427e+01 6.313180023398654583e+01
2.540684166910402553e+02 2.530069708491761560e+01 6.327973579019206340e+01
2.540751438042312600e+02 2.543242419810860966e+01 6.321898459588573616e+01
2.541127644535439174e+02 2.544813298235351340e+01 6.323581456566247283e+01
2.541308009164472992e+02 2.542558740372428616e+01 6.325051184556888018e+01
2.541410987618211834e+02 2.546682753241688602e+01 6.319540313931948816e+01
2.541231963537096590e+02 2.545499415033635415e+01 6.322088573657014621e+01
2.541184800623964009e+02 2.551689090377303160e+01 6.314397484644632641e+01
2.541252681095836863e+02 2.550766549673393868e+01 6.320577410548893482e+01
2.541514819147899118e+02 2.557295018036462864e+01 6.321208686750512129e+01
2.541963293360631724e+02 2.574093302135127104e+01 6.325639806961099509e+01
2.542260651262552358e+02 2.578835185726820711e+01 6.337565808715999083e+01
2.542417860972994106e+02 2.583873208540508770e+01 6.348653358681875858e+01
2.542680486497026493e+02 2.596290338305547607e+01 6.352544603685288394e+01
2.542735083357706856e+02 2.606579652919957013e+01 6.345899142049331942e+01
2.543174661206980716e+02 2.613835673198791199e+01 6.354364092814662968e+01
2.543643974846446270e+02 2.621039290240811326e+01 6.364296334210782646e+01
2.543617773228039312e+02 2.630319537876572156e+01 6.364665594228331713e+01
2.543777420298332856e+02 2.637503656039777766e+01 6.367998683825680217e+01
2.544043214390172523e+02 2.644375792141951820e+01 6.374111582334015935e+01
2.543914034318026722e+02 2.650481378570732360e+01 6.374748951935264074e+01
2.544168738422540628e+02 2.658408891488739556e+01 6.376704933216340265e+01
2.544418811543336290e+02 2.657944574436969987e+01 6.390268840791654270e+01
2.544419420883299097e+02 2.659560544018718886e+01 6.397722287218484638e+01
2.544589061128985179e+02 2.669307546066101366e+01 6.400498440089694441e+01
2.544585770693185225e+02 2.674553963147118907e+01 6.397907526567222192e+01
2.544777834649507611e+02 2.680764356049527208e+01 6.395470166715413995e+01
2.544963927074193180e+02 2.684012138052062113e+01 6.400433850053622109e+01
2.545072145851613641e+02 2.692679389685093128e+01 6.406538217802476254e+01
2.545243979721166170e+02 2.699787949692892752e+01 6.410668324071366442e+01
2.545462976503850996e+02 2.707572877059569194e+01 6.416444866920151924e+01
2.545448108608754865e+02 2.704198352344740286e+01 6.420044847421273460e+01
2.545333674563712520e+02 2.707544847421273104e+01 6.414724090864775974e+01
2.545338183679438373e+02 2.715926927951642611e+01 6.419762113678463322e+01
2.545406429755288968e+02 2.715263966071950819e+01 6.422218972409086746e+01
2.545292361314224365e+02 2.717196792434435082e+01 6.420489665594227802e+01
2.545391196256215380e+02 2.716951837769328293e+01 6.423359656819732777e+01
2.545546943550745880e+02 2.717764697279906372e+01 6.429173978746221962e+01
2.545573388905137904e+02 2.722232377888271415e+01 6.430565711221605341e+01
2.545615798966559282e+02 2.723912937506093357e+01 6.433500292483182648e+01
2.545436896753436713e+02 2.723636297162913067e+01 6.425971287900945583e+01
2.545503071073413253e+02 2.723037925319294317e+01 6.429184946865555617e+01
2.545768377693282503e+02 2.727114409671444051e+01 6.435412401286926354e+01
2.545607268207077993e+02 2.734138880764356117e+01 6.416614263429852372e+01
2.545682582626498913e+02 2.733524666081700261e+01 6.421886272789313921e+01
2.545528785219849794e+02 2.726985229599297966e+01 6.428976552598226135e+01
2.545624817198010987e+02 2.727353270936920993e+01 6.427570195963731692e+01
2.545425806766110952e+02 2.732069562250170591e+01 6.426441698352344645e+01
2.545576679340937858e+02 2.733753777907770299e+01 6.425878668226576451e+01
2.545530735107731175e+02 2.734580042897533403e+01 6.422556546748562312e+01
2.545642609924929332e+02 2.738601686653017353e+01 6.422349371161158160e+01
2.545843570244711032e+02 2.740476016379058066e+01 6.436550648337720304e+01
2.545871599883006695e+02 2.745518913912449932e+01 6.430917909720190551e+01
2.546026615969581712e+02 2.746765623476650120e+01 6.430833820805302992e+01
2.545838695525007438e+02 2.744952227746904683e+01 6.422800282733743416e+01
2.545484547138539426e+02 2.730488934386272959e+01 6.410189382860485807e+01
2.544541654479867532e+02 2.698039143999220002e+01 6.382102466608169777e+01
2.542693526372233634e+02 2.643114458418640922e+01 6.342435653699912024e+01
2.541399532026908332e+02 2.578528078385492961e+01 6.308443014526664427e+01
2.539929194696304933e+02 2.540210344155211075e+01 6.284671443891976139e+01
2.539504850346105229e+02 2.516688602905333028e+01 6.296089256117772948e+01
2.539918226576971847e+02 2.523966559422833100e+01 6.306409037730330169e+01
2.541201009066978713e+02 2.549534464268304745e+01 6.325543531246952966e+01
2.542245783367456511e+02 2.584572730817977870e+01 6.338266549673393513e+01
2.543154065516232833e+02 2.603320902798089165e+01 6.358667251633031015e+01
2.543642999902505721e+02 2.620990543043775034e+01 6.367976747587013620e+01
2.543731597933118849e+02 2.641828751096812056e+01 6.370259335088232433e+01
2.543779979526177328e+02 2.641502144876669433e+01 6.376737837574339807e+01
2.544148386467778096e+02 2.643291167007896902e+01 6.381472409086477882e+01
2.544409793311884584e+02 2.650815296870429805e+01 6.378335526957199875e+01
2.544489129375060941e+02 2.657396168470312858e+01 6.381802671346397915e+01
2.544714950765331025e+02 2.659921273276786735e+01 6.388685775567904557e+01
2.544548966559422922e+02 2.664601004192259026e+01 6.386555523057424466e+01
2.544363605342692836e+02 2.666509456956224966e+01 6.380765574729453249e+01
2.544312177049819752e+02 2.659775031685678215e+01 6.381582090279808739e+01
2.544291093887101454e+02 2.664631471190406486e+01 6.373647265282246366e+01
2.544053816905527867e+02 2.655714390172565231e+01 6.369965633226089352e+01
2.543934995612752346e+02 2.660702447109291313e+01 6.366266939650969903e+01
2.543722579701667144e+02 2.656214048942185713e+01 6.364713122745442320e+01
2.543915131129959946e+02 2.660177196061226468e+01 6.364247587013746710e+01
2.544112191673978884e+02 2.660195476260114944e+01 6.368248513210490103e+01
2.544095739494979114e+02 2.664852052256995307e+01 6.375621526762211033e+01
2.544343009651944953e+02 2.669842546553573115e+01 6.380549868382568235e+01
2.544448791069513618e+02 2.679233694062591553e+01 6.381288388417665658e+01
2.544491932338890479e+02 2.690170127717656356e+01 6.380384127912645198e+01
2.544375060933996338e+02 2.697734474017743977e+01 6.384921273276786735e+01
2.545073364531539539e+02 2.706218923661889519e+01 6.398385249098176786e+01
2.545286267914594873e+02 2.711893097396899677e+01 6.412636492151700907e+01
2.545368772545578508e+02 2.721605976406356575e+01 6.412175831139710169e+01
2.545476747587013620e+02 2.728753534171785233e+01 6.414356049527151526e+01
2.545629691917714865e+02 2.729325095057034289e+01 6.412623086672516592e+01
2.545396436579896715e+02 2.727748123232914068e+01 6.410334405771668287e+01
2.545324046992298008e+02 2.725415569854733278e+01 6.409259530077019917e+01
2.545073973871502346e+02 2.729125231549186026e+01 6.401628156381008239e+01
2.544970386077800413e+02 2.726998635078482991e+01 6.409170566442429617e+01
2.545115530856975852e+02 2.733508823242663510e+01 6.405214731402944039e+01
2.545261041240128748e+02 2.729175197426148003e+01 6.402791995710246908e+01
2.545242639173247596e+02 2.724971970361704265e+01 6.404102076630593388e+01
2.545469313639465838e+02 2.730140391927464094e+01 6.403287998440089268e+01
2.545275665399239529e+02 2.726966949400409490e+01 6.406958662376912628e+01
2.545481622306717497e+02 2.727503168567807279e+01 6.416393682363263906e+01
2.545514892268694496e+02 2.731065369991225467e+01 6.413145900360729001e+01
2.545447743004777124e+02 2.735690260310032329e+01 6.410422150726333257e+01
2.545368650677586118e+02 2.732352295992980373e+01 6.414421858243150609e+01
2.545619455006337262e+02 2.733519791361996809e+01 6.417723262162425613e+01
2.545731451691527809e+02 2.738645559130349838e+01 6.414146436579896715e+01
2.545486253290435741e+02 2.736856536999122724e+01 6.414006288388416976e+01
2.545500877449546522e+02 2.741500926196743748e+01 6.402910207663059339e+01
2.545354635858438144e+02 2.738568782295018167e+01 6.402505605927659360e+01
2.544825972506580740e+02 2.739466949400409490e+01 6.399864726528224423e+01
2.545056912352539769e+02 2.739499853758409031e+01 6.397833187091742246e+01
2.544657307204835774e+02 2.735139416983523475e+01 6.388091059764063573e+01
2.544618918787169832e+02 2.736159452081505350e+01 6.382130496246465867e+01
2.544366042702544632e+02 2.732349858633128648e+01 6.380953251438042173e+01
2.544169225894511044e+02 2.736826070000974909e+01 6.371499951252803129e+01
2.543969971726625658e+02 2.742707419323388862e+01 6.363286048552208030e+01
2.543692356439504749e+02 2.746730281758798853e+01 6.357403480549868391e+01
2.543802037632836175e+02 2.739202495856488184e+01 6.356568684800623714e+01
2.543946085600078106e+02 2.735831627181437042e+01 6.353626791459490875e+01
2.543868090084820039e+02 2.738732085405089123e+01 6.351418543433752717e+01
2.543897825875012302e+02 2.732961635955932422e+01 6.349640489421858547e+01
2.544025299795261787e+02 2.733319927854148546e+01 6.348604611484839921e+01
2.543845057034220645e+02 2.735284439894705955e+01 6.353948522959930045e+01
2.544051257677683395e+02 2.745026567222384628e+01 6.354832065906210659e+01
2.544205542556302930e+02 2.749028712099054417e+01 6.361515306619869392e+01
2.544236497026421091e+02 2.745423856878229429e+01 6.361954031393194953e+01
2.543765599103051613e+02 2.726590377303304891e+01 6.349603929024080884e+01
2.542732402261869993e+02 2.683016476552598206e+01 6.311526274739202336e+01
2.540655527932143798e+02 2.586029053329433580e+01 6.279440869649994994e+01
2.538270449449156558e+02 2.509204689480354844e+01 6.260274690455298696e+01
2.536958662376913196e+02 2.465628351369796079e+01 6.255620551818270769e+01
2.536998635078483062e+02 2.463835673198791199e+01 6.266193818855415998e+01
2.538246197718631265e+02 2.480218387442722161e+01 6.284542263819830055e+01
2.540147947743004693e+02 2.514962952130252560e+01 6.313568782295018167e+01
2.541420127717656214e+02 2.547646729063079007e+01 6.336695671248903494e+01
2.542042020083845273e+02 2.573426684215657545e+01 6.332966510675635874e+01
2.542655869162523175e+02 2.594094277079068078e+01 6.351435604952715153e+01
2.543150896948425554e+02 2.613448132982353656e+01 6.350651993760358494e+01
2.543392439309739643e+02 2.616511894316076692e+01 6.357851954762600855e+01
2.543316271814370566e+02 2.627761528712099093e+01 6.353636540898898488e+01
2.543276664716778726e+02 2.627458077410548754e+01 6.352693282636248284e+01
2.543236204543238728e+02 2.632972604075265721e+01 6.338779613922199729e+01
2.542965291995710118e+02 2.630989811835819481e+01 6.339533976796334258e+01
2.542549844008969444e+02 2.626022472457833601e+01 6.336343472750316863e+01
2.542263819830359637e+02 2.617140733157843258e+01 6.334154723603392512e+01
2.541891878716973849e+02 2.614309739689967671e+01 6.315831870917422464e+01
2.541551257677683395e+02 2.605471872867310168e+01 6.313453007702057107e+01
2.541032709369211204e+02 2.601828019888856502e+01 6.306937944818172781e+01
2.541021497513893053e+02 2.603368431315199416e+01 6.301107780052647200e+01
2.541001754899093328e+02 2.599558837866822714e+01 6.300861606707614015e+01
2.540757531441942092e+02 2.603379399434532360e+01 6.306407819050404839e+01
2.541152261869942492e+02 2.610949839134249828e+01 6.303344057716681448e+01
2.541226113873452164e+02 2.612649897630886286e+01 6.308042068831042570e+01
2.541163595593253319e+02 2.619078434240031328e+01 6.304613922199473564e+01
2.541611704202008468e+02 2.623291410743882324e+01 6.314431607682558223e+01
2.541743077898020999e+02 2.635842595300770341e+01 6.310842595300770341e+01
2.541816564297552929e+02 2.645579847908745208e+01 6.313258018913912650e+01
2.542264551038315403e+02 2.648303597543141308e+01 6.321729063078873168e+01
2.542372891683728255e+02 2.656349322413961289e+01 6.325519157648434998e+01
2.542462830262259956e+02 2.657169494004094901e+01 6.325383884176660132e+01
2.542059447206785592e+02 2.665523544896168318e+01 6.315769718241200792e+01
2.542207029345812543e+02 2.663228770595690875e+01 6.323375499658769883e+01
2.542379106951350423e+02 2.667932875109681135e+01 6.319166179194696298e+01
2.542574705079457829e+02 2.670615189626596475e+01 6.320539631471190489e+01
2.542525714146436542e+02 2.679035049234668975e+01 6.309202252120503118e+01
2.542101491664229229e+02 2.673986058301647617e+01 6.305791167007897258e+01
2.542321950862825304e+02 2.671828994832797122e+01 6.304284878619479571e+01
2.541795846738812656e+02 2.669250268109583857e+01 6.307787364726528523e+01
2.541945135029735923e+02 2.670766305937408447e+01 6.304465243248512962e+01
2.542019596373208401e+02 2.677711562835137116e+01 6.300917665984206195e+01
2.541923076923076792e+02 2.680949595398264762e+01 6.289543726235741161e+01
2.542039217120015735e+02 2.663490786779760100e+01 6.309364336550648034e+01
2.542213244613434711e+02 2.673132982353514819e+01 6.297772253095447326e+01
2.542059447206785592e+02 2.674159110851126187e+01 6.305018523934873542e+01
2.542236155796041714e+02 2.676178463488349379e+01 6.311634737252607863e+01
