2.350587716242888519e+02 8.450566972406052813e+00 5.307725531173807099e+01
2.350652424629436155e+02 8.457037811060800436e+00 5.308372615039282039e+01
2.350739502302720609e+02 8.465745578389256565e+00 5.309243391772127296e+01
2.353271566237083618e+02 8.694376717365223328e+00 5.332844150315414566e+01
2.356229807655095101e+02 8.871589457796353884e+00 5.355203374743604883e+01
2.358142110762800314e+02 8.982507062966833544e+00 5.369807655095011256e+01
2.358899415612059158e+02 9.074043113123572368e+00 5.378917140756221471e+01
2.358747165137969830e+02 9.074468826192964244e+00 5.371115755253686075e+01
2.357104222299624610e+02 9.090274391423816880e+00 5.277855180154030990e+01
2.355876311002747912e+02 9.069042919617631426e+00 5.237670962498548732e+01
2.356801269398970646e+02 9.069429931498897091e+00 5.233842640969077564e+01
2.358495297805642679e+02 9.176918611401369219e+00 5.245326831533728296e+01
2.359897441851464919e+02 9.229977940322767083e+00 5.252165331475676169e+01
2.360827973218777913e+02 9.276233600371531551e+00 5.258287859437285050e+01
2.361777622973025359e+02 9.368412090251171165e+00 5.269547583110801270e+01
2.362303881729169177e+02 9.380479120709006580e+00 5.263928944618599814e+01
2.363054916985951479e+02 9.429544487015752097e+00 5.266957699601378096e+01
2.364113162274081787e+02 9.537242153334107186e+00 5.272142110762800371e+01
2.365034250551491937e+02 9.587592399086652506e+00 5.275540075080304803e+01
2.365266999496884637e+02 9.628383451371957946e+00 5.278881535663144575e+01
2.366172607299044159e+02 9.757150044506365916e+00 5.285172800804984661e+01
2.366002012461782442e+02 9.764441348349393479e+00 5.283067456170904563e+01
2.365430860327412006e+02 9.706784318278570467e+00 5.277877626843144299e+01
2.365638763110027583e+02 9.809466310615736262e+00 5.293765238592824574e+01
2.365762219900150853e+02 9.873609659816557027e+00 5.295521498510004221e+01
2.366791284492433931e+02 9.950911412980378401e+00 5.303586052091799274e+01
2.367705174348852495e+02 1.004979294864352291e+01 5.306483223034947372e+01
2.368602345292000564e+02 1.007765006385696083e+01 5.311352606525020548e+01
2.369361043384031973e+02 1.011782189713224156e+01 5.317029296799411497e+01
2.369920585161964368e+02 1.019979101358411633e+01 5.322861565850071486e+01
2.369872595688687511e+02 1.020194279964394823e+01 5.324782692828669894e+01
2.370769534424706819e+02 1.031464065946824604e+01 5.326420527110182235e+01
2.372009288285150319e+02 1.041253144471535208e+01 5.335547041294167769e+01
2.372852277564921337e+02 1.042795773830256501e+01 5.344447540539494668e+01
2.374060373853477302e+02 1.050858005340763945e+01 5.343736986725492244e+01
2.375322574403034253e+02 1.065268005727775780e+01 5.356555594256743547e+01
2.376367119470567673e+02 1.071830953210263537e+01 5.363719184178954436e+01
2.377869886605518843e+02 1.080892449398196575e+01 5.378855218855218823e+01
2.379625062889430751e+02 1.095758349781338303e+01 5.392459460505437363e+01
2.380792213320949031e+02 1.106612485003289592e+01 5.397420178799489321e+01
2.382683540384689707e+02 1.121788768915205736e+01 5.416415495955725845e+01
2.384603119315762854e+02 1.131504315182476184e+01 5.422149463988544227e+01
2.385681334416966592e+02 1.136767676767676782e+01 5.426665118619141737e+01
2.387328921397887029e+02 1.151936994465730102e+01 5.437249119547970366e+01
2.388176864429738089e+02 1.157879174890669205e+01 5.448100158674871096e+01
2.388562405665853987e+02 1.157740624637176374e+01 5.450085529625759762e+01
2.389699601377762406e+02 1.166810635086497072e+01 5.461878555671658830e+01
2.390587406633383694e+02 1.176722783389450022e+01 5.466468516583459092e+01
2.390994930144355521e+02 1.179305700685011082e+01 5.472765199891636456e+01
2.392055574906149502e+02 1.194913889856418621e+01 5.482202871628158647e+01
2.392650334765277194e+02 1.203281086729362670e+01 5.486594682456751570e+01
2.393227988699252933e+02 1.202806610162932088e+01 5.490739579705096673e+01
2.394662641743101403e+02 1.219431866558303312e+01 5.503325980107589288e+01
2.395676458067262615e+02 1.227479391617322690e+01 5.509186888037462637e+01
2.395935291613452591e+02 1.228601726072990452e+01 5.511529083942877350e+01
2.397078060296450985e+02 1.242014783853864301e+01 5.519366848562250993e+01
2.397459344401873125e+02 1.247716242888656701e+01 5.523870118812647689e+01
2.398399705870970138e+02 1.248659003831417635e+01 5.531163744726963216e+01
2.399220325864004053e+02 1.259518557219706558e+01 5.535280003096094958e+01
2.399052672317040162e+02 1.262339099810364118e+01 5.537749138898563928e+01
2.398081117690313135e+02 1.257541700530206263e+01 5.533400673400673497e+01
2.397143233097256143e+02 1.252498161693564072e+01 5.524630210147451237e+01
2.394268276636092594e+02 1.227601687371802264e+01 5.499377684894925977e+01
2.386536940284066759e+02 1.160253105770347126e+01 5.440674948720925386e+01
2.376660397074190314e+02 1.083829095553233479e+01 5.370361082085219806e+01
2.369562212159913202e+02 1.026489415225047352e+01 5.315824141801153502e+01
2.364300553426990348e+02 9.847145787375671588e+00 5.284389488757305031e+01
2.361720190409845657e+02 9.731793026045899353e+00 5.265586129494175793e+01
2.358288169046789733e+02 9.569441541855335132e+00 5.253178528580827589e+01
2.355928480204342179e+02 9.586005650373467191e+00 5.247916715043151470e+01
2.353696737489840984e+02 9.618119896280814984e+00 5.235881419559580507e+01
2.351521188900499340e+02 9.499539455861295778e+00 5.219667169782112381e+01
2.348501567398119221e+02 9.418715894577964320e+00 5.207920585161964766e+01
2.343695499051820832e+02 9.299601377762297005e+00 5.174611246565269340e+01
2.325007701536437139e+02 8.860234529200045728e+00 5.072385154224235038e+01
2.323831649831649884e+02 8.760973721893261512e+00 5.056918611401370356e+01
2.323464762568210915e+02 8.829443863926622171e+00 5.055678625333797527e+01
2.323331166066798232e+02 8.722876272301560263e+00 5.051017454235844895e+01
2.322456441812763615e+02 8.610735709586284869e+00 5.043434343434343248e+01
2.322418282441271060e+02 8.594992066256434526e+00 5.040274004411935493e+01
2.321912844924339083e+02 8.436208831611130776e+00 5.041654862804288229e+01
2.322738263864700627e+02 8.383884825264136254e+00 5.036129881187352453e+01
2.324219745346182151e+02 8.371144394132899791e+00 5.043730794535392192e+01
2.325862997794032196e+02 8.297124501722203505e+00 5.045834591121947454e+01
2.328504508688416763e+02 8.254839583575215300e+00 5.058467432950191522e+01
2.330381284105422139e+02 8.311970277487519709e+00 5.074711869654398555e+01
2.331900228337009935e+02 8.282681218313403093e+00 5.085933666163550981e+01
2.334457448043654892e+02 8.392120438097450119e+00 5.095430937729788212e+01
2.337622895622895669e+02 8.549433027593947187e+00 5.114044661171097772e+01
2.340317659352142243e+02 8.561995433259800947e+00 5.128948488718603471e+01
2.343629320020124567e+02 8.761639382329038384e+00 5.148792135918572654e+01
2.346845543558187330e+02 8.872820155578775569e+00 5.169278996865203624e+01
2.348999342079801806e+02 8.895483571345639717e+00 5.171704013313208748e+01
2.351051820890901354e+02 9.059522427338519535e+00 5.183943651070087810e+01
2.352036843531096508e+02 9.127566856302488318e+00 5.189272030651341083e+01
2.353379155540075089e+02 9.164007895042377783e+00 5.193948682224544200e+01
2.355021169549905267e+02 9.275800147064515500e+00 5.207429080072758154e+01
2.356366345446805326e+02 9.430628120283293114e+00 5.208049073106544569e+01
2.356884709160571276e+02 9.357908587793644983e+00 5.210183056619838027e+01
2.357505089206238722e+02 9.443445953790781999e+00 5.209018150857231433e+01
2.358077479778629311e+02 9.505994814040791496e+00 5.219901698982158678e+01
2.357910600255427767e+02 9.557684120902511182e+00 5.216263787298269961e+01
2.358628662099926601e+02 9.736537791710205170e+00 5.222459847517318821e+01
2.359010255814853565e+02 9.762219900150935104e+00 5.227216997561825451e+01
2.359293471109563143e+02 9.740678818839738184e+00 5.230265877162428723e+01
2.360683075970432299e+02 9.818057974379813757e+00 5.237167847052904790e+01
2.361688068423700599e+02 9.927721661054993874e+00 5.241195866713108131e+01
2.363039513913077201e+02 9.978420217500676870e+00 5.251326289717094653e+01
2.363839699678780164e+02 1.010686172065482324e+01 5.261835984364719820e+01
2.363851697047099378e+02 1.003926622547312242e+01 5.266117109795271034e+01
2.364817446495607385e+02 1.016638414799334278e+01 5.272508224002476851e+01
2.366226479352916101e+02 1.025757962769456988e+01 5.284657300979139904e+01
2.367244010991137486e+02 1.028979449669104795e+01 5.287761136266883710e+01
2.368677890011223326e+02 1.030981849142768603e+01 5.297121405627152768e+01
2.370692828669840253e+02 1.041237663996284724e+01 5.305991717945740760e+01
2.372307674445605414e+02 1.045538914044661105e+01 5.310009675297031606e+01
2.373996594295444993e+02 1.057308719377684980e+01 5.322490034444057727e+01
2.375918727504934509e+02 1.067749525910445385e+01 5.336910871163744474e+01
2.376647316072603360e+02 1.072522930453964918e+01 5.338721312744301173e+01
2.376937187971670653e+02 1.077692635163899482e+01 5.339537907813770090e+01
2.377667556793993526e+02 1.092859630790665193e+01 5.330943147954641859e+01
2.378177406246371675e+02 1.088646619451217212e+01 5.344108518131506713e+01
2.379730330121134614e+02 1.100070436162390131e+01 5.358634622082897891e+01
2.381892797708889589e+02 1.116948798328108694e+01 5.365837687216997409e+01
2.383054839583575131e+02 1.125740934246681313e+01 5.369886605518789224e+01
2.384491272882077340e+02 1.135136034676264494e+01 5.378696543983900114e+01
2.385423661906420421e+02 1.151847207709276688e+01 5.376685630248848469e+01
2.385568326947637274e+02 1.153368164402647089e+01 5.375751383567475727e+01
2.386547002592979538e+02 1.163953713379000732e+01 5.377841247726305340e+01
2.386774255969658327e+02 1.168622624714578784e+01 5.378759239908665535e+01
2.385162583691319185e+02 1.155292387476295524e+01 5.364727737141529929e+01
2.380873485816014465e+02 1.113844189016602826e+01 5.341707496420140444e+01
2.371643949069236328e+02 1.033248190719455017e+01 5.278523162661093693e+01
2.362732226479352846e+02 9.566716978211230682e+00 5.211939316537017675e+01
2.357294090328573191e+02 9.057734432447075434e+00 5.173896048608692411e+01
2.353481791090986519e+02 8.731878168659777728e+00 5.147222415728163014e+01
2.351108324625566013e+02 8.504841518634622233e+00 5.133452532992762940e+01
2.351076512248926065e+02 8.522914973489685408e+00 5.133380548782847796e+01
2.351598900886257297e+02 8.536328805294322919e+00 5.136204961492317977e+01
2.351969271256627678e+02 8.481496961956732861e+00 5.142798869925307059e+01
2.353745113974999015e+02 8.533163048105576465e+00 5.158486009520492388e+01
2.354606912032199375e+02 8.599961298811873434e+00 5.163295793180850524e+01
2.355101126204574484e+02 8.582615426293587646e+00 5.164411161422655994e+01
2.355351677696505419e+02 8.561709044467665564e+00 5.171210960176477300e+01
2.354577266922094623e+02 8.548790587871048174e+00 5.166209992646773941e+01
2.353996284685939884e+02 8.506946863268701975e+00 5.157421726847014298e+01
2.353434962653353466e+02 8.491892101087502809e+00 5.156624482371609020e+01
2.352189790626572119e+02 8.430241108402027450e+00 5.148829289059174386e+01
2.351267618715894514e+02 8.363605402685863055e+00 5.141872363481559205e+01
2.350883161113046071e+02 8.321119238360617842e+00 5.136564882541893695e+01
2.350631990402105487e+02 8.267688378033206220e+00 5.134088780525561901e+01
2.350958783234645182e+02 8.245535817949610546e+00 5.136972793064747123e+01
2.351815317930260392e+02 8.293540771701691128e+00 5.146598552575564156e+01
2.352196679438058879e+02 8.285963079066528181e+00 5.142551182321297176e+01
2.352707612523704483e+02 8.286040481442780603e+00 5.141511668408220004e+01
2.353236193351135910e+02 8.398738341267076635e+00 5.140371531406014327e+01
2.352980455899996173e+02 8.346685243236967366e+00 5.144325244785014917e+01
2.354077557181005318e+02 8.468795232013622609e+00 5.154319439606796038e+01
2.355478307984054993e+02 8.639761600681140408e+00 5.173152211772901410e+01
2.356511707109408178e+02 8.624644916598938948e+00 5.173009017376833185e+01
2.357539842873176212e+02 8.726761871589458153e+00 5.183822903363132895e+01
2.359061573590309138e+02 8.852138240643988354e+00 5.195984364719996762e+01
2.359990943921978328e+02 8.871628158984480095e+00 5.202558148535160143e+01
2.361514764503270385e+02 9.001733813228065983e+00 5.214768373389063072e+01
2.363563605402685823e+02 9.194481210573163921e+00 5.226030419133867611e+01
2.365374666202252456e+02 9.300661790316961941e+00 5.233772204806687256e+01
2.367120244591508822e+02 9.431727234026084261e+00 5.245507953094160314e+01
2.368006888811486590e+02 9.516358992221061186e+00 5.248844769534424870e+01
2.368396841983048944e+02 9.547823058167885790e+00 5.260962885560586955e+01
2.369379078137698968e+02 9.642099152443979193e+00 5.273198653198652863e+01
2.370497465072177761e+02 9.757738302565888588e+00 5.283119315762994006e+01
2.371097797902395712e+02 9.796400789504238205e+00 5.285207631874298784e+01
2.371360114555516816e+02 9.857068772011301050e+00 5.283784202175007039e+01
2.371170633538449692e+02 9.871899067301365349e+00 5.289943883277216941e+01
2.371391617322651939e+02 9.902798095901543363e+00 5.289964781918804704e+01
2.371736522311234978e+02 9.953264445218469092e+00 5.295946437555632968e+01
2.372292039165602375e+02 1.004696002167266577e+01 5.297283176593521148e+01
2.371519873060102839e+02 1.000311157552536834e+01 5.289324664267193299e+01
2.371672510546073624e+02 1.005648825418940362e+01 5.291824761020163237e+01
2.372084058980610735e+02 1.011912999729091744e+01 5.297302527187584786e+01
2.372805603932040697e+02 1.019099036340415587e+01 5.298796393049266840e+01
2.373780254653817963e+02 1.030117264600023219e+01 5.312533766786640399e+01
2.374765122489260420e+02 1.035201052672316990e+01 5.316780061147877490e+01
2.375684507914392896e+02 1.041348349394326434e+01 5.323897983668098277e+01
2.376483300437323294e+02 1.050518208909013573e+01 5.322845311351058228e+01
2.377115058632300020e+02 1.054707225511823232e+01 5.324261774836487149e+01
2.377611517473586389e+02 1.059036340415650734e+01 5.327563760207438293e+01
2.379511591005843911e+02 1.076267657417082724e+01 5.346984016409303564e+01
2.380964588412864202e+02 1.089539068849413717e+01 5.355105073725763276e+01
2.381484887186036588e+02 1.096497542474553910e+01 5.356462711405239929e+01
2.383100584387940728e+02 1.105855489763535715e+01 5.363229227137273369e+01
2.383614768373388983e+02 1.106165099268547536e+01 5.372589496497542427e+01
2.384445837687217136e+02 1.115481249274352749e+01 5.380517821897132080e+01
2.386322380897093467e+02 1.133323271024420364e+01 5.393142149463988488e+01
2.386877046325322169e+02 1.138711250435388322e+01 5.389080072758233797e+01
2.387512984248616306e+02 1.141013197105151100e+01 5.398052556213475839e+01
2.387461743875537081e+02 1.142203645651921562e+01 5.399568094740508428e+01
2.384546770385850891e+02 1.117763071326289648e+01 5.378019273191686977e+01
2.376723402608459992e+02 1.043445953790781289e+01 5.317119083555865444e+01
2.367868415960369930e+02 9.717040133132087476e+00 5.250566972406053168e+01
2.360551646735554812e+02 8.993567862533380364e+00 5.189292929292929557e+01
2.356352954835713547e+02 8.613050040636247573e+00 5.160286388792135881e+01
2.353694570223305789e+02 8.450868841673440102e+00 5.142941290297611800e+01
2.352346840047989360e+02 8.301110724099229898e+00 5.132204032663802451e+01
2.351328998800263150e+02 8.296977437207322836e+00 5.118858314950269062e+01
2.351036340415650727e+02 8.377313363520260125e+00 5.123009404388714927e+01
2.350735554781531675e+02 8.267603235419327845e+00 5.124368590115716415e+01
2.351214056271527397e+02 8.313595727388831236e+00 5.128456983629397570e+01
2.351103990092495906e+02 8.310267425209953984e+00 5.127297496033128255e+01
2.350409303765625566e+02 8.179387747203838543e+00 5.120067340067340211e+01
2.349785672820155469e+02 8.120174929370332251e+00 5.117306397306397514e+01
2.348986261078215136e+02 8.120291032934710884e+00 5.108724021827470096e+01
2.347952939355238300e+02 8.094159990711714769e+00 5.105860133906110576e+01
2.347044622469909712e+02 8.037834281512441947e+00 5.110368822322845261e+01
2.346350710166802003e+02 7.984163473818646217e+00 5.107719338983707047e+01
2.345114903827547437e+02 7.887425983977708555e+00 5.106798250706296471e+01
2.345096946476256790e+02 7.860350632764426138e+00 5.105157320329734461e+01
2.344869228685320763e+02 7.767994117419404709e+00 5.102000851426138439e+01
2.343832346453036166e+02 7.657866016486706506e+00 5.092449398196524868e+01
2.343551375827237848e+02 7.638089709354077605e+00 5.090870389720964084e+01
2.343422346066024318e+02 7.614125933666163526e+00 5.092965672046131687e+01
2.341787066062928204e+02 7.573605789697743340e+00 5.086805216920159722e+01
2.340619528619528751e+02 7.614768373389063427e+00 5.082052711018228308e+01
2.339753705638763108e+02 7.642501644800494986e+00 5.078210457061031491e+01
2.338206354735090429e+02 7.604272611169163198e+00 5.067597817252989501e+01
2.339047486357831076e+02 7.724068268895854850e+00 5.079419482178102641e+01
2.339424822942064282e+02 7.811997368319206991e+00 5.078657068772011485e+01
2.340571848755756719e+02 7.847331553078679356e+00 5.082374704903440232e+01
2.342497078060296474e+02 8.028615658500715568e+00 5.095905414296218794e+01
2.343948914431672961e+02 8.110623476140718324e+00 5.103640233755176325e+01
2.345592089477146942e+02 8.169952397538605027e+00 5.113503618561090036e+01
2.347377065675916299e+02 8.364271063121638150e+00 5.120272456364410374e+01
2.348112620457447974e+02 8.358473625140291574e+00 5.126878749177599559e+01
2.349077905491698459e+02 8.367042068191492987e+00 5.129661364603893503e+01
2.351232400634699502e+02 8.550880452029877787e+00 5.138713572506676286e+01
2.352969774372073175e+02 8.605936762258600936e+00 5.149791400595998425e+01
2.354461627771972587e+02 8.693285343860056358e+00 5.168010371918418144e+01
2.356297147722435170e+02 8.823654166182901548e+00 5.178936491350284399e+01
2.357263361585200698e+02 8.877626843144083679e+00 5.181378536321064843e+01
2.358715430163705946e+02 8.977986764193660818e+00 5.186669762761717095e+01
2.360400247687603894e+02 9.172197066449939484e+00 5.197821123108479213e+01
2.361200588258059554e+02 9.224048918301791744e+00 5.205360114555517015e+01
2.361842331359572711e+02 9.291489608730987726e+00 5.214262161848368748e+01
2.362537636905452985e+02 9.365470799953557801e+00 5.221944347691474064e+01
2.363203452145980918e+02 9.421603003212197791e+00 5.232169201594489039e+01
2.364435543171175311e+02 9.491930802275629020e+00 5.239898602887108581e+01
2.365661132396764685e+02 9.672719532489647776e+00 5.245881806571461681e+01
2.365708967065288846e+02 9.664762568210843341e+00 5.246823019466697957e+01
2.366299856805603952e+02 9.704206819149348462e+00 5.254245907349355349e+01
2.366933008243352958e+02 9.774426254886025234e+00 5.262199775533108692e+01
2.366052246603970843e+02 9.800967529703161318e+00 5.252642904137157132e+01
2.366451488060683346e+02 9.840752351097178163e+00 5.255678625333797527e+01
2.366614265257943543e+02 9.963140988428344613e+00 5.256360540268586590e+01
2.365604551259723678e+02 9.902898718990673643e+00 5.251505089206238353e+01
2.365974844227717711e+02 9.950532141336738690e+00 5.253325593095708257e+01
2.366901041061960598e+02 1.006863268702349146e+01 5.253968032818607270e+01
2.367056619838228926e+02 1.007830798405510997e+01 5.261928093192460665e+01
2.368077324973876614e+02 1.021312744301249964e+01 5.266887263438987787e+01
2.369580943534966480e+02 1.038324238554123546e+01 5.265263361585200386e+01
2.369499284028019588e+02 1.031885134873640553e+01 5.271454777661674029e+01
2.370160764735477414e+02 1.052225705329153627e+01 5.266923642555826746e+01
2.369860598320368297e+02 1.061373118154727280e+01 5.265668176013003432e+01
2.368960950501180491e+02 1.062691280622315126e+01 5.262698246836178129e+01
2.368576028484074527e+02 1.068124153411509702e+01 5.263092224931305196e+01
2.368036998335848864e+02 1.064206045125585298e+01 5.261915708812260561e+01
2.366001006230891335e+02 1.039372266728588556e+01 5.247073029141994738e+01
2.359670033670033717e+02 9.933790007353225704e+00 5.200506985564457096e+01
2.349942722241572710e+02 9.219350594063238091e+00 5.142188939200433140e+01
2.342934711095630576e+02 8.529385812144433032e+00 5.093973450984945117e+01
2.339187739463601474e+02 8.248407446108595664e+00 5.071296876814118093e+01
2.336994388327721595e+02 8.092248152018266083e+00 5.054769147412825703e+01
2.335318549479468970e+02 7.927675219629242598e+00 5.042730755834204359e+01
2.334302411084020150e+02 7.991400595998297440e+00 5.038838190332442935e+01
2.334206741746971545e+02 7.979387747203839254e+00 5.047352451720267652e+01
2.333514532296141510e+02 7.919323503231549211e+00 5.045988621850690947e+01
2.332820078176399932e+02 7.930732613491234595e+00 5.042734625953016803e+01
2.331663686675180998e+02 7.885181315066372321e+00 5.031981113820194196e+01
2.330413870505824434e+02 7.807616393823290757e+00 5.023040365339215896e+01
2.329521188900499169e+02 7.830589419095166370e+00 5.022101474515267938e+01
2.329496110530593285e+02 7.802562018653972586e+00 5.015776152327876503e+01
2.328930918379194281e+02 7.702759394713417862e+00 5.012438561863849174e+01
2.329981578234451831e+02 7.804775726614806786e+00 5.022791903711443950e+01
2.330497929486435282e+02 7.715074112775262449e+00 5.023503231549208436e+01
2.331414373621270215e+02 7.772506675954951483e+00 5.027631874298540993e+01
2.331867874143736117e+02 7.793637524672007544e+00 5.034430125004837464e+01
2.332065792019814978e+02 7.742281048028174517e+00 5.032276016873718305e+01
2.331864158829675944e+02 7.724083749371105867e+00 5.029631177677154596e+01
2.332872402182746896e+02 7.759394713417702150e+00 5.036595069468632602e+01
2.333359495336506768e+02 7.771407562212160336e+00 5.032424629436123809e+01
2.333920817369093186e+02 7.738364487789775481e+00 5.033238128410542345e+01
2.335734432447076188e+02 7.877371415302449442e+00 5.047140369209334665e+01
2.336421765548202245e+02 7.847943031851078111e+00 5.050561554239715178e+01
2.337126049769727842e+02 7.952714888347072630e+00 5.055853554704129493e+01
2.337690390494988151e+02 8.044297379929563618e+00 5.062727659739154262e+01
2.337546112465652755e+02 8.035713456403112076e+00 5.059946592360385154e+01
2.337199659429544454e+02 8.135423197492162473e+00 5.062510159061883286e+01
2.335800766283524865e+02 8.191269011958667079e+00 5.060013932427725791e+01
2.333735051666086235e+02 8.117597430241108469e+00 5.050157513835674905e+01
2.332857540926506488e+02 8.245264909632725292e+00 5.046323774139865748e+01
2.332137002205967633e+02 8.356368280506211832e+00 5.047395797050969435e+01
2.331890320832849568e+02 8.313835674755214455e+00 5.036990595611285215e+01
2.332685320639343729e+02 8.403428925268006111e+00 5.045194473470335339e+01
2.334268508843221355e+02 8.439715159255388954e+00 5.057258407833120373e+01
2.335021014745152570e+02 8.400688881148651532e+00 5.062362320523239845e+01
2.336836874492046832e+02 8.463864700646309913e+00 5.077657030070822941e+01
2.338327025039668854e+02 8.601284879445799447e+00 5.090198537095088938e+01
2.339097333488138020e+02 8.569573125894965671e+00 5.097011494252873831e+01
2.340175548589341759e+02 8.660544138705057904e+00 5.103779558032431396e+01
2.340734858160145393e+02 8.650744997871434805e+00 5.104791207090057981e+01
2.341147799837455068e+02 8.661000812724950038e+00 5.103146406594682105e+01
2.342469522814350285e+02 8.781129300669530124e+00 5.115335732806997271e+01
2.343562366964665955e+02 8.895971206316033886e+00 5.119914083362359492e+01
2.343345485506405055e+02 8.856728201555787550e+00 5.120072758233677490e+01
2.344616587329230981e+02 8.998931847207709112e+00 5.132718758465885145e+01
2.345984132512868143e+02 9.160207438368358268e+00 5.145861681953635980e+01
2.346349781338286959e+02 9.173961840628507503e+00 5.149482565114749377e+01
2.347091141298037940e+02 9.273122024846163214e+00 5.152544603119315525e+01
2.346592205580711266e+02 9.257455783892565293e+00 5.149441541855335203e+01
2.345630635860520954e+02 9.265343086032741482e+00 5.143533418475946917e+01
2.345424203723054291e+02 9.404798947327682512e+00 5.144374782305816751e+01
2.346105886450714024e+02 9.495584194434769643e+00 5.143514841905646762e+01
2.346774797786291913e+02 9.505383335268392742e+00 5.152159139285576117e+01
2.347242927357869746e+02 9.626997948837029639e+00 5.158784008669066168e+01
2.348097139982197348e+02 9.669398970548396477e+00 5.162497000657920410e+01
2.348244901118464441e+02 9.648910561554240317e+00 5.162670381980726830e+01
2.348788265799759927e+02 9.820232981152521745e+00 5.165986299779402913e+01
2.348413251286814614e+02 9.782839893184720026e+00 5.163641781802701303e+01
2.345279848291342546e+02 9.587801385502535467e+00 5.142472231897519208e+01
2.336297534734316343e+02 9.090328573087193220e+00 5.090512016718913202e+01
2.324435620573551660e+02 8.336034676264560517e+00 5.013273733503618246e+01
2.316451488060683346e+02 7.763829869576995613e+00 4.960402492356515580e+01
2.312545686752583265e+02 7.575331862688184259e+00 4.931289136576492638e+01
2.310778358295599730e+02 7.404202949030535663e+00 4.917902395603545074e+01
2.310588335461898737e+02 7.357893107318394854e+00 4.918287085413522419e+01
2.311170246526568235e+02 7.428824644916598885e+00 4.922904911180773269e+01
2.311197646967762012e+02 7.438794070977978734e+00 4.923120089786756637e+01
2.312098146213088796e+02 7.429467084639498786e+00 4.927683733890630435e+01
2.313404930531367256e+02 7.450590193118928894e+00 4.942123147180618759e+01
2.314514570997329486e+02 7.388049073106544462e+00 4.937517705793568012e+01
2.315413831804636402e+02 7.343225357018460464e+00 4.940143194396068083e+01
2.317033940941986998e+02 7.331088664421997692e+00 4.947263438987577189e+01
2.318079492240411810e+02 7.311296876814117773e+00 4.946269592476488697e+01
2.318653663067456137e+02 7.294732768295986602e+00 4.951929254228105037e+01
2.319155540075080353e+02 7.338604435156159234e+00 4.956598165563682556e+01
2.318303726924416708e+02 7.245497116761484335e+00 4.948213166144200414e+01
2.318376175548589231e+02 7.240907155849684251e+00 4.943843027980958738e+01
2.317905491698595029e+02 7.252571693951003873e+00 4.944730833236580025e+01
2.316572467974766880e+02 7.163822129339370903e+00 4.933152985796663614e+01
2.315942644839196589e+02 7.174077944192887024e+00 4.931672278338945148e+01
2.314858624559774114e+02 7.154967297496033218e+00 4.936431750454738676e+01
2.314276249080846810e+02 7.142358450404427295e+00 4.927587754944076437e+01
2.315181547273501224e+02 7.160400944308990212e+00 4.927844730833236753e+01
2.315910058438794010e+02 7.282681218313402205e+00 4.935993653005147053e+01
2.317152521382406576e+02 7.245574519137737646e+00 4.941532567049808478e+01
2.318401176516119051e+02 7.337404698324238694e+00 4.950647470877355971e+01
2.319213514454893641e+02 7.390417585819884394e+00 4.957753783041139428e+01
2.319384341499284119e+02 7.368001857657030307e+00 4.953390611091760576e+01
2.320155036959634742e+02 7.484554355818723970e+00 4.964334533070164923e+01
2.321290065405007965e+02 7.631998142342969693e+00 4.972859630790665619e+01
2.322028638879213531e+02 7.654026858624559893e+00 4.979898602887108439e+01
2.323018383064359966e+02 7.747637292464879089e+00 4.987698440342118289e+01
2.324334765277293968e+02 7.778698866055187899e+00 4.994704129416773242e+01
2.325038198072680871e+02 7.809148960873098844e+00 4.999001509346337002e+01
2.326112620457448088e+02 7.924981616935640183e+00 5.008442277177909574e+01
2.326300940438871407e+02 7.983319787917489307e+00 5.010232594140639861e+01
2.326245288130345727e+02 7.991191609582414479e+00 5.012060064243972590e+01
2.327109253454080999e+02 8.159789465536592346e+00 5.016967374898409560e+01
2.328521305004063606e+02 8.205023414218816313e+00 5.024911180773249697e+01
2.329610279035566407e+02 8.213251286814506003e+00 5.036794767599365485e+01
2.330741901776384566e+02 8.354340338248384512e+00 5.049188436084988041e+01
2.332104028793683881e+02 8.428120283292697579e+00 5.056326483223035240e+01
2.333258175625991839e+02 8.397693409187661828e+00 5.056365958434923868e+01
2.334825496342737665e+02 8.532040713649909236e+00 5.074327179844421210e+01
2.335320794148380230e+02 8.597035488989511975e+00 5.079673361972212575e+01
2.336076550950114097e+02 8.613444792755137414e+00 5.083605402685862629e+01
2.336813111962537164e+02 8.775865939084329881e+00 5.089070010449320591e+01
2.337343782654127438e+02 8.845094624404969963e+00 5.083676612872014999e+01
2.337614845775765389e+02 8.862556600487634384e+00 5.092902976121366976e+01
2.338834242811254285e+02 8.968319207399666482e+00 5.100358373002050882e+01
2.339775223499361516e+02 9.090266651186190927e+00 5.104489337822671047e+01
2.340852509772049928e+02 9.158334300863035793e+00 5.110411393629784271e+01
2.342407523510971714e+02 9.329470954758310342e+00 5.111440845233948949e+01
2.343170169124192057e+02 9.244227717790936438e+00 5.126465420488408853e+01
2.344681527922907094e+02 9.368559154766051833e+00 5.133499748442277166e+01
2.347136731297650840e+02 9.504044274159216599e+00 5.144171988080034197e+01
2.347649212430821706e+02 9.513340299547195400e+00 5.147315298579666631e+01
2.348242346840048071e+02 9.573845737064127448e+00 5.148045202987731983e+01
2.348799256937188034e+02 9.701706722396377103e+00 5.155496729749603446e+01
2.348693370486473952e+02 9.725864004024924014e+00 5.156046286620999552e+01
2.348858082743140301e+02 9.833159177986763311e+00 5.148076937961995725e+01
2.349427454622856999e+02 9.949711676148456974e+00 5.150179960524788214e+01
2.350146600100623004e+02 9.954270676109755911e+00 5.150956306358605019e+01
2.351302449785208353e+02 9.915639150121908330e+00 5.171799218235999973e+01
2.352846781996207142e+02 1.003827547505708395e+01 5.174081040287936872e+01
2.354457912457912414e+02 1.013562444367042126e+01 5.163488525097720583e+01
2.355518789426835440e+02 1.009938465110878880e+01 5.178549479469019445e+01
2.354746623321335903e+02 1.005012577886141045e+01 5.164740895545493515e+01
2.348198924106970082e+02 9.377274662332133914e+00 5.122682766360927076e+01
2.341733968032818609e+02 8.727636518441116209e+00 5.090573938619915850e+01
2.337441000038701304e+02 8.260056503734665156e+00 5.058894694067107878e+01
2.334782151012036024e+02 7.866682147141917270e+00 5.041693563992414795e+01
2.335054529974070192e+02 7.832888269669878945e+00 5.040516273849607387e+01
2.335891791477998254e+02 7.918835868261155930e+00 5.050144355431712029e+01
2.337253067069159158e+02 7.906149618793296696e+00 5.055298579666396108e+01
2.339145322961414877e+02 7.997368319207399878e+00 5.076106660474476229e+01
2.340481133170788439e+02 8.045264909632726003e+00 5.083969193854251500e+01
2.340179496110530692e+02 8.002027942257827320e+00 5.080873872827896065e+01
2.339694260613800907e+02 8.018901660280970844e+00 5.070912961027903521e+01
2.338556910097140076e+02 7.911056929447734198e+00 5.062130887418243930e+01
2.337837067997987504e+02 7.864739347497968325e+00 5.057991408336236105e+01
2.338331746584620134e+02 7.964356205735516170e+00 5.065020318123766430e+01
2.338747010333217133e+02 7.973528387321490385e+00 5.070188474786176158e+01
2.338948566120979820e+02 7.954038468980997756e+00 5.071779867641936335e+01
2.340084523394868086e+02 8.100205116297070518e+00 5.083625527303688330e+01
2.340400866906614112e+02 8.027973218777816555e+00 5.078152405278841997e+01
2.339984674329501786e+02 8.015596578814969675e+00 5.082198227485584141e+01
2.339974844227717767e+02 8.039041758581989328e+00 5.079768566895003801e+01
2.339924997097410824e+02 7.951646735554781742e+00 5.074299314988969911e+01
2.339587909748829304e+02 7.930802275629861953e+00 5.070643600758543101e+01
2.339606563721506234e+02 7.978087387282789322e+00 5.076245210727969237e+01
2.339630790665273423e+02 7.941491543790394125e+00 5.068457757653160201e+01
2.339638143891017421e+02 7.954425480862262532e+00 5.073389063044235314e+01
2.340950888192267598e+02 8.126212314718062046e+00 5.075641472193196080e+01
2.341790084755602095e+02 8.120291032934710884e+00 5.086702271759742899e+01
2.342910793761368495e+02 8.182669607956963631e+00 5.098455822593753339e+01
2.344378497619877066e+02 8.353218003792717283e+00 5.112535314834165234e+01
2.345396648477108386e+02 8.402306590812337106e+00 5.121950539881574116e+01
2.346794070977979061e+02 8.485839235264522884e+00 5.136609001896358251e+01
2.347431247339293350e+02 8.638492201710592511e+00 5.145132551569333401e+01
2.348089554549324589e+02 8.676303262510158376e+00 5.151892101087503306e+01
2.349520724486241647e+02 8.721026355509113870e+00 5.155118232129726152e+01
2.351502302720693649e+02 8.905220790278262299e+00 5.171748132667672593e+01
2.354973257479004474e+02 9.066357057161654964e+00 5.190997329618019052e+01
2.357157629939239030e+02 9.169023569023568854e+00 5.204100777893881258e+01
2.358614884476953364e+02 9.267440690429197048e+00 5.209779790239560526e+01
2.359042455203374686e+02 9.294430899028599313e+00 5.211437749138898567e+01
2.359459963620883229e+02 9.361167227833893989e+00 5.219354464182050179e+01
2.359219242230736597e+02 9.471388211618096520e+00 5.219120709005766656e+01
2.358738728278958092e+02 9.502921939703549370e+00 5.218976740585935659e+01
2.358475018383064423e+02 9.562034134447927158e+00 5.217226672858856773e+01
2.358487170556136050e+02 9.674074074074074048e+00 5.216267657417082404e+01
2.358759549518170218e+02 9.652192422307365405e+00 5.214706451488060424e+01
2.359431402144045933e+02 9.728278958164015222e+00 5.224034985874066450e+01
2.359921823599984521e+02 9.822833700994619832e+00 5.230056890746546117e+01
2.360416424784240803e+02 9.858345911219474900e+00 5.231042997020008301e+01
2.361425519563450734e+02 1.002911877394635987e+01 5.234867448430667025e+01
2.361386508765819201e+02 1.013289988002631681e+01 5.239994581833662579e+01
2.360807848600952070e+02 1.011184643368551406e+01 5.235938697318007939e+01
2.361004837648515888e+02 1.020442741592166946e+01 5.239264677425597228e+01
2.360849568481752385e+02 1.039932659932659931e+01 5.234959557258407870e+01
2.360550330895158595e+02 1.035519176438716649e+01 5.241983048879600915e+01
2.361211734200240073e+02 1.047518866829211603e+01 5.247092379736057666e+01
2.361511281396338973e+02 1.054554742830604930e+01 5.254570997329618365e+01
2.362222531831727110e+02 1.061049576221989987e+01 5.251540694299315248e+01
2.363058245288130479e+02 1.075773830256588859e+01 5.252656062541120008e+01
2.363928247997213532e+02 1.079801849916792378e+01 5.264433608111769303e+01
2.364438716668601614e+02 1.079401679631564726e+01 5.266627965478539863e+01
2.365645574519137710e+02 1.090782925035798634e+01 5.277207322264793277e+01
2.367401370022059552e+02 1.104775726614807141e+01 5.279507720887031041e+01
2.368578195750609439e+02 1.106312937807190622e+01 5.291179999225975905e+01
2.370040326638027750e+02 1.126688339332017463e+01 5.302974573319401230e+01
2.370315646890359460e+02 1.129751151360346739e+01 5.305712295367467846e+01
2.371058245288130308e+02 1.126243275668563015e+01 5.304215333410735411e+01
2.371737528542126370e+02 1.140776345833817018e+01 5.303168853283796125e+01
2.371424590734935691e+02 1.129208560702813635e+01 5.300333604241649965e+01
2.368874337242153274e+02 1.096715817175587304e+01 5.288257285498664828e+01
2.362286930608769637e+02 1.050153643716862106e+01 5.249210882774101350e+01
2.354712953287665869e+02 9.802345292000463672e+00 5.199595959595959727e+01
2.349221564302024206e+02 9.366716978211231392e+00 5.167868725569874755e+01
2.345908432988892685e+02 9.219110646696853095e+00 5.144451410658307111e+01
2.343435814079492161e+02 8.951321645574518371e+00 5.130134293122798539e+01
2.343221254692519153e+02 8.883548124927434841e+00 5.130796857463523963e+01
2.343458492975734373e+02 8.970679979875381349e+00 5.133442470683849734e+01
2.343830566198382428e+02 8.955578776268431795e+00 5.136680212082510621e+01
2.344525020318123723e+02 8.928859475985913008e+00 5.140999264677425629e+01
2.345324973876697925e+02 9.032121986144975523e+00 5.147884206045125666e+01
2.344896009907504038e+02 9.032245829946980109e+00 5.141052672317039907e+01
2.344458609079298697e+02 9.030550717907040337e+00 5.139978327334649322e+01
2.344198304887960091e+02 9.019660203568250267e+00 5.139366848562250567e+01
2.344137698827354086e+02 8.979201981500832375e+00 5.134831069313828067e+01
2.343268702349162140e+02 8.994674716513797463e+00 5.142835249042145307e+01
2.344326018808777405e+02 9.081767870273617760e+00 5.142963736986725820e+01
2.343706722396377700e+02 8.963675064824490946e+00 5.138721312744301173e+01
2.342776655443322227e+02 8.945593869731800041e+00 5.130660629281319274e+01
2.342407291303842953e+02 8.996989047563760167e+00 5.117747590851038808e+01
2.341213514454893811e+02 8.834126707689925695e+00 5.110379658655520529e+01
2.340257595108169824e+02 8.836773868957777722e+00 5.104532683153372830e+01
2.339412825573745067e+02 8.808831611130461425e+00 5.099797205774217446e+01
2.337912070900576680e+02 8.787135725066759662e+00 5.089656720461318429e+01
2.337367854793142214e+02 8.828073841866945770e+00 5.088081582104570799e+01
2.337601068152792152e+02 8.887000270908316679e+00 5.086094663106157299e+01
2.337622895622895669e+02 8.897914005959982831e+00 5.089480243043461627e+01
2.338574016022291744e+02 9.033337203452145303e+00 5.099068849413676929e+01
2.339673052362707608e+02 9.164913502844537874e+00 5.107619489918340605e+01
2.338072371221796573e+02 9.053113510584774204e+00 5.093622044196757059e+01
2.334019195789310857e+02 9.225047408955454387e+00 5.077128371841015309e+01
2.333897441851464976e+02 9.293772978830450171e+00 5.083694415418553092e+01
2.334792445528077849e+02 9.356662409535973168e+00 5.086904291961763391e+01
2.337494485080692073e+02 9.588459305700684610e+00 5.101905646503347924e+01
2.339967413599597421e+02 9.760238399318859948e+00 5.119439606795928910e+01
2.343849142768683009e+02 9.753365068307596530e+00 5.144055110491892435e+01
2.347504315182476091e+02 9.917527768102480934e+00 5.167887302140175620e+01
2.350094663106157498e+02 1.012920778667905175e+01 5.164459150895932282e+01
2.350160609930725002e+02 1.010177638453500570e+01 5.171930028251867384e+01
2.349876388405124032e+02 1.015280003096095029e+01 5.172663802778745179e+01
2.349616239018537840e+02 1.018811873524517253e+01 5.169278996865203624e+01
2.349613607337745407e+02 1.032086381051898272e+01 5.163815937149270496e+01
2.349803707573822464e+02 1.051820890901350758e+01 5.168966291265142132e+01
2.345131313131313107e+02 1.049990324702968358e+01 5.142566662796547661e+01
2.343940322767909095e+02 1.054020666434459486e+01 5.137235961144006779e+01
2.344008591663764207e+02 1.073501296489802215e+01 5.128614884476953506e+01
2.344935562521769441e+02 1.075598900886257248e+01 5.132246603970742171e+01
2.346403885599287946e+02 1.073005921281783337e+01 5.142747010333216906e+01
2.348587716242888632e+02 1.093053136731297670e+01 5.148178335074887002e+01
2.349901079763148743e+02 1.098311854173923052e+01 5.152491195479701247e+01
2.350921397886915258e+02 1.105460737644645697e+01 5.150090173768334978e+01
2.352980146290491064e+02 1.112569371879716762e+01 5.153385966949185359e+01
2.354905375595030819e+02 1.115579550292194000e+01 5.160021672665350678e+01
2.357216300940438884e+02 1.118105963853090223e+01 5.176325709199272751e+01
2.360125856263787227e+02 1.128652811641317477e+01 5.189510429970199823e+01
2.361741321258562607e+02 1.127837764619373750e+01 5.203225357018460784e+01
2.364434149928402746e+02 1.136141491543790316e+01 5.211431556948798516e+01
2.366891443167305340e+02 1.154675490537559490e+01 5.217183327528154990e+01
2.369450365726227687e+02 1.150159835906962336e+01 5.238580440419520556e+01
2.371551066217732853e+02 1.161093695576454188e+01 5.253410735709586277e+01
2.372191338674097381e+02 1.174462634002863837e+01 5.255017609040597648e+01
2.372549402066643438e+02 1.176609775920120704e+01 5.243080614574867582e+01
2.372741901776384452e+02 1.179793335655404540e+01 5.248637331166067099e+01
2.372361778706606401e+02 1.176489028213166144e+01 5.252328650489570094e+01
2.371228143504005459e+02 1.160762413406091653e+01 5.245933666163551123e+01
2.368862417276210408e+02 1.135168543674290831e+01 5.232152947095475781e+01
2.364142962188939237e+02 1.096542435852780706e+01 5.202092186230117221e+01
2.357690390494988151e+02 1.039948914431673010e+01 5.160567359417934341e+01
2.353862068965517267e+02 1.000975269940787094e+01 5.132832539958976525e+01
2.350773017531638232e+02 9.744130964820620022e+00 5.124094585703780780e+01
2.348644142575176943e+02 9.550129648980224317e+00 5.112056968148922209e+01
2.348975502147916075e+02 9.562831378923332792e+00 5.106144200626959417e+01
2.349383257866016379e+02 9.668826192964123933e+00 5.106433685514145537e+01
2.350356979759278602e+02 9.653206393436278177e+00 5.118841286427493031e+01
2.351668408220132278e+02 9.711683888695382905e+00 5.125673594179341563e+01
2.352442509385038250e+02 9.797081930415263429e+00 5.122355354309377162e+01
2.351828089322342237e+02 9.675699523975385574e+00 5.126957699601377527e+01
2.351426912806223015e+02 9.646480126939897204e+00 5.129503463756337567e+01
2.351306242501644874e+02 9.545090754286157164e+00 5.129050659855257521e+01
2.351171717171717148e+02 9.493664615503696780e+00 5.124593831030612989e+01
2.351097952707148124e+02 9.533720345214598879e+00 5.130981849142768425e+01
2.351024343047331513e+02 9.511033708734858649e+00 5.134304733155308043e+01
2.351826309067688499e+02 9.479817330392043218e+00 5.135256008359456814e+01
2.353094392197840534e+02 9.564054336468130302e+00 5.144147219319633280e+01
2.353853786911258226e+02 9.571817794806300128e+00 5.147282789581640117e+01
2.354008746468516620e+02 9.623135570262007832e+00 5.140742288788266023e+01
2.354126011068539697e+02 9.761585200665660267e+00 5.139184178954293714e+01
2.353755331088664491e+02 9.730152095669337697e+00 5.145644955300127776e+01
2.354006656604357772e+02 9.701327450752737391e+00 5.144681295715778191e+01
2.353641859205077651e+02 9.830419133867410508e+00 5.142931227988699305e+01
2.353736909323116322e+02 9.806269592476489549e+00 5.146801346801346710e+01
2.353641781802701303e+02 9.855025349278223601e+00 5.141239986067571976e+01
2.355043229227137260e+02 9.997507643484654594e+00 5.147754170053020317e+01
2.356036146909709998e+02 1.003692093347265768e+01 5.154737412438561961e+01
2.357290142807384257e+02 1.010140485312899195e+01 5.159314214946398636e+01
2.358654978907852353e+02 1.024615503695963525e+01 5.168364874801656583e+01
2.359338364487789761e+02 1.025746352413019125e+01 5.167836216571848951e+01
2.359843260188087868e+02 1.030984171214056211e+01 5.178712024459150598e+01
2.360568597855954067e+02 1.040479120709005834e+01 5.181655636828050859e+01
2.360828669840164196e+02 1.048516583459112184e+01 5.178862959092844420e+01
2.361085955338828910e+02 1.047072255118232142e+01 5.185689848678354252e+01
2.361929099423352341e+02 1.059431092534540753e+01 5.187879561902550307e+01
2.362325941406401171e+02 1.068721699756182453e+01 5.184039630016641809e+01
2.362795232013622808e+02 1.077191841789542970e+01 5.189732574790046016e+01
2.363787994891443134e+02 1.089876543209876480e+01 5.197910909864933160e+01
2.364698711250435395e+02 1.100435775378304193e+01 5.197708115639149895e+01
2.365987073803165686e+02 1.099397809512752033e+01 5.213229614149154401e+01
2.367733348813808618e+02 1.105313673129765029e+01 5.222438174851968284e+01
2.368580750029025808e+02 1.106270366500251612e+01 5.228063779558032564e+01
2.370282054259065774e+02 1.118989124966136472e+01 5.228961647122566347e+01
2.372551801540307395e+02 1.133373582568984794e+01 5.239256163164208857e+01
2.374824877123727731e+02 1.145444483145632653e+01 5.244354657687991050e+01
2.376795619025504038e+02 1.160786408142729975e+01 5.256931769805333232e+01
2.378915128294438546e+02 1.174010604125546742e+01 5.273625140291807156e+01
2.380125159642400945e+02 1.182963736986725500e+01 5.283103061263980749e+01
2.382165641085181278e+02 1.199530941599907052e+01 5.288544448314563340e+01
2.383354077170169205e+02 1.208247997213514502e+01 5.298422539571964762e+01
2.383718023143310631e+02 1.205712295367467846e+01 5.306099307248732799e+01
2.384655907736367624e+02 1.221743101513216523e+01 5.307143465304385188e+01
2.385494098068810729e+02 1.230121134718835840e+01 5.309161345253298947e+01
2.385949920662564239e+02 1.235883741630868116e+01 5.309809203142536660e+01
2.387058090483377839e+02 1.243237741398660923e+01 5.323476140717519911e+01
2.387519950462479130e+02 1.254397616006811411e+01 5.330330121134718979e+01
2.388020047215449608e+02 1.247583110801501682e+01 5.332700955919347052e+01
2.389153992027555375e+02 1.263136344285769574e+01 5.344079105228530580e+01
2.389652772940129353e+02 1.264788110995007564e+01 5.349664460698943458e+01
2.389593405317543215e+02 1.270993459499206679e+01 5.344646464646464779e+01
2.389345330701652586e+02 1.277206548241031037e+01 5.346429041371570179e+01
2.387331785285808223e+02 1.267631100274778433e+01 5.334323309725608908e+01
2.385455319478307956e+02 1.259303378613723368e+01 5.321275591160648588e+01
2.385187197646967832e+02 1.262651805410426142e+01 5.323198266186771832e+01
2.385444715352761307e+02 1.267092379736057950e+01 5.320786408142730295e+01
2.386156662409536011e+02 1.274869770501954491e+01 5.321227601687371589e+01
2.386641356089631927e+02 1.275053988157436358e+01 5.332962575951081874e+01
2.386337551762838984e+02 1.269549905182089056e+01 5.329970974108905324e+01
2.385015209566933834e+02 1.245010255814853473e+01 5.313388289020473110e+01
2.382616974341112268e+02 1.219883896435620585e+01 5.298398544835326618e+01
2.377730252718758379e+02 1.174192499709741178e+01 5.257331940090561062e+01
2.374109833971903072e+02 1.128943844576028432e+01 5.238761561979952575e+01
2.372036920933472572e+02 1.118208909013506691e+01 5.230614961879329883e+01
2.371122257053291662e+02 1.094674716513796930e+01 5.232666898873795702e+01
2.371454468052169204e+02 1.095945663531870373e+01 5.227587754944076437e+01
2.371480630055342829e+02 1.104159603699833525e+01 5.236349703935911037e+01
2.371168698479043258e+02 1.098861411045319159e+01 5.230433066295135092e+01
2.371164441348349499e+02 1.097527768102480827e+01 5.225703007082317697e+01
2.371954100390881877e+02 1.105403459886218442e+01 5.238113704090715572e+01
2.371985370950888239e+02 1.098553349587832351e+01 5.237331940090560778e+01
2.372176245210727927e+02 1.099729865706877163e+01 5.238511552304655794e+01
2.372489260420294954e+02 1.103126281976856760e+01 5.245518015403072809e+01
2.372533302372382877e+02 1.104100777893881258e+01 5.243630171446263688e+01
2.372866287395023051e+02 1.111263593792329374e+01 5.240173381322806279e+01
2.373893262123147281e+02 1.119251519021633889e+01 5.257195711908355662e+01
2.374629203916560130e+02 1.121245404233910037e+01 5.256167808351716531e+01
2.374758852896783878e+02 1.127638066488641222e+01 5.252713340299547440e+01
2.374513022949804508e+02 1.128347846278880695e+01 5.255987460815047285e+01
2.374005418166337620e+02 1.128528967839312713e+01 5.246066024226944080e+01
2.373732265180541106e+02 1.132930066953055537e+01 5.242057355160803667e+01
2.373972522156430216e+02 1.139700452803901065e+01 5.243401060412554671e+01
2.373095398428731642e+02 1.133798521614613541e+01 5.234964201400983086e+01
2.373096095050117924e+02 1.134170053020627655e+01 5.241528696930996034e+01
2.373222260923410261e+02 1.135556329579318025e+01 5.236918611401370072e+01
2.373847826928286793e+02 1.135408491040674939e+01 5.242909555323348769e+01
2.375252912264406575e+02 1.145012577886141081e+01 5.254833391385115249e+01
2.376895545493246686e+02 1.151183095321026428e+01 5.262471457873756719e+01
2.377634583381709774e+02 1.157405472348001041e+01 5.265991717945740902e+01
2.379165060567359546e+02 1.170611091760517120e+01 5.274952591044544903e+01
2.380271217926390364e+02 1.177485196795541711e+01 5.285873292310073879e+01
2.381365145709973206e+02 1.178577344324470744e+01 5.286451488060683346e+01
2.382123688997252202e+02 1.185961531019002280e+01 5.290956306358604877e+01
2.382084600797244605e+02 1.188065327605557542e+01 5.292022137079608513e+01
2.382058206586942219e+02 1.184814427802933601e+01 5.284855451062347953e+01
2.382547079995355830e+02 1.191544564418127550e+01 5.293135957273888437e+01
2.384199388521227547e+02 1.197488292890591666e+01 5.308120283292696939e+01
2.385369480243043370e+02 1.211995046247919738e+01 5.310690816208057896e+01
2.386657997600526357e+02 1.225527303688223313e+01 5.321088277410116518e+01
2.386477804868609383e+02 1.227162041874685627e+01 5.323732342582917454e+01
2.385399667169781992e+02 1.218820387785905091e+01 5.319663299663299938e+01
2.383852780680366834e+02 1.214985874066333871e+01 5.313911529083942753e+01
2.382964356205735612e+02 1.210711714849645837e+01 5.308148148148148238e+01
2.382146832307751936e+02 1.211988854057819509e+01 5.300437323425828851e+01
2.381509423739308886e+02 1.214305507179070354e+01 5.293592631293780926e+01
2.380860095204922686e+02 1.214148380355276835e+01 5.286120979914083051e+01
2.379956577266922011e+02 1.216715817175587233e+01 5.282079801849916834e+01
2.379578698866055220e+02 1.226482449011184706e+01 5.276982081349897413e+01
2.379070474863578397e+02 1.222520995394558696e+01 5.275147645032702570e+01
2.378318665583033464e+02 1.216558690351793715e+01 5.270446998722860599e+01
2.378150779828940813e+02 1.223169627307558294e+01 5.270436936413948104e+01
2.377258098223615548e+02 1.227596269205464630e+01 5.262505514919308069e+01
2.376309067688378036e+02 1.228923719958202732e+01 5.259643949069236157e+01
2.376838422539572093e+02 1.236489802236928703e+01 5.263011726460002393e+01
2.376819381555013706e+02 1.234102712953287728e+01 5.265776539339757534e+01
2.377868570765122627e+02 1.242425790471767399e+01 5.268966291265142132e+01
2.378163396416269961e+02 1.242302720693525231e+01 5.274298540965207849e+01
2.377687062192809435e+02 1.241601455164673595e+01 5.264661945121715547e+01
2.377145400363791055e+02 1.237107473199427154e+01 5.264555129842486281e+01
2.375512287627230137e+02 1.237012268276636107e+01 5.256057122953674821e+01
2.372841828244127100e+02 1.211592553891404478e+01 5.230651340996168841e+01
2.365911683888695336e+02 1.149198498393900714e+01 5.185858585858586167e+01
2.358541352219513101e+02 1.104538101319710464e+01 5.137230542977669501e+01
2.352083904175858322e+02 1.055506018034753701e+01 5.100161770966368380e+01
2.349084097681798937e+02 1.021684275707264256e+01 5.083520260071983898e+01
2.347554626727040556e+02 1.008898951197801708e+01 5.077874530748093918e+01
2.346502341421881681e+02 1.005258717442625560e+01 5.066097759201207396e+01
2.345868338557993695e+02 1.001248500328960134e+01 5.077181005456867524e+01
2.346798250706296756e+02 1.003847672123534274e+01 5.076947250280583290e+01
2.345060412554665561e+02 9.843066682147142643e+00 5.064135608963195523e+01
2.343601764774178662e+02 9.870087851697046943e+00 5.054023762529509867e+01
2.342632532218739243e+02 9.877441077441076800e+00 5.048455435581872308e+01
2.341879561902550506e+02 9.734571771353380143e+00 5.048888114865126653e+01
2.343667092379735948e+02 9.804404195208793027e+00 5.050676109756569332e+01
2.345534269902086066e+02 9.747521188900499567e+00 5.063675838848252653e+01
2.347072409922984662e+02 9.677735206470838847e+00 5.071710205503308799e+01
2.349136499090521966e+02 9.723921204380975070e+00 5.077926390340183360e+01
2.350399551066217612e+02 9.740485312899105352e+00 5.090193118928750948e+01
2.350793529161345248e+02 9.627586206896552312e+00 5.095214985100042782e+01
2.350506598552575497e+02 9.584140253105770668e+00 5.096200317349742903e+01
2.350028561476837297e+02 9.526336158520066988e+00 5.090998877665544597e+01
2.349785750222531817e+02 9.362993923913464300e+00 5.092413019079685910e+01
2.349996594295444936e+02 9.532071674600409494e+00 5.086146522698246741e+01
2.350964743217616899e+02 9.603761755485892948e+00 5.093645264909632431e+01
2.351800069662138526e+02 9.591532180037926736e+00 5.097450365726227517e+01
2.352799024730059330e+02 9.771415302449785401e+00 5.099640852974186345e+01
2.353512752041487772e+02 9.803188977901621470e+00 5.113032238089709125e+01
2.354147761136266865e+02 9.870776732845698120e+00 5.110892836410077678e+01
2.354990905220790296e+02 9.943109253454080587e+00 5.112324006346995020e+01
2.354612872015170808e+02 9.948496458841287193e+00 5.113119702774875464e+01
2.354438020047215332e+02 9.983319787917489307e+00 5.107532025233174977e+01
2.354824644916598970e+02 1.017170943147954709e+01 5.105766477030844896e+01
2.354160068114091189e+02 1.017002205967723150e+01 5.104829908278183837e+01
2.354027710050698659e+02 1.017722048066875651e+01 5.102230736483610229e+01
2.354451488060683459e+02 1.027560664112388267e+01 5.109920662564340432e+01
2.354585471573977316e+02 1.028974805526529579e+01 5.109922984635628040e+01
2.355158558767754187e+02 1.034414644529586980e+01 5.113802391733425878e+01
2.355482719919501449e+02 1.049709354077170254e+01 5.113455629087813037e+01
2.355119160958241480e+02 1.041330546847788163e+01 5.110618831998142042e+01
2.354916057122953816e+02 1.049244165795889927e+01 5.100550330895158169e+01
2.354728511165292844e+02 1.049924532683153444e+01 5.100950501180385999e+01
2.354212005108556696e+02 1.052580208212392066e+01 5.098336622934323970e+01
2.354498471303068925e+02 1.051760517047873300e+01 5.102925809822361458e+01
2.355327605557490642e+02 1.057124501722202936e+01 5.107127210805371931e+01
2.356495065598513747e+02 1.057362127017299436e+01 5.114693293084097547e+01
2.358156817214288594e+02 1.070926893455629170e+01 5.118528580827431540e+01
2.359759588219358193e+02 1.079573512906846311e+01 5.131969503463756155e+01
2.360822787259568827e+02 1.078694221912612683e+01 5.133412283757111538e+01
2.360972560857618419e+02 1.084495530012771347e+01 5.136470451642865243e+01
2.361524130190796882e+02 1.092751267463911091e+01 5.143336042416502352e+01
2.361187352451720187e+02 1.096269205464607843e+01 5.147575370563876618e+01
2.361226285846975372e+02 1.100181895584194436e+01 5.145565230852587035e+01
2.361543016370602572e+02 1.104420449707806107e+01 5.142136305584581635e+01
2.361301366151940897e+02 1.107549053755950297e+01 5.146919772437014018e+01
2.361647045164286567e+02 1.112307751847981763e+01 5.150107202291110298e+01
2.362101397112891448e+02 1.119594411548434465e+01 5.153077905491698374e+01
2.362369286737102811e+02 1.122926583846124160e+01 5.155883741630868400e+01
2.363160648631912863e+02 1.135242849955493583e+01 5.156889972522156285e+01
2.362054259065753286e+02 1.140461318162467563e+01 5.151465613994349724e+01
2.359889624211463399e+02 1.111258949649754335e+01 5.141449746507218066e+01
2.358081040287936787e+02 1.101458260768605513e+01 5.125518789426835298e+01
2.353791245791245785e+02 1.056538565733968049e+01 5.090212469522814587e+01
2.348190796857463454e+02 1.002527961608421414e+01 5.061249274352722693e+01
2.344669066140330642e+02 9.743140214404581556e+00 5.039800301869267685e+01
2.341727466233213306e+02 9.422818220519369348e+00 5.022465265683656810e+01
2.339576686404272721e+02 9.159224428189945755e+00 5.009301443554316791e+01
2.338525794341886410e+02 9.127946127946128030e+00 5.007213901466774786e+01
2.338022833700994738e+02 9.156910097139983051e+00 5.000809628855606093e+01
2.336895622895623035e+02 9.140415650760477462e+00 4.992237315685591881e+01
2.336574325631796967e+02 9.207624134060916177e+00 4.994618986802894511e+01
2.335546267270405281e+02 9.123456790123457338e+00 4.990035218081195012e+01
2.334429892797708987e+02 8.953690158287859191e+00 4.987642710631216403e+01
2.334820155578776166e+02 8.975564069816943658e+00 4.987846278880761730e+01
2.334947172878207482e+02 8.860102945160416965e+00 4.997469716320291155e+01
2.335527613297728351e+02 8.940810402879368013e+00 5.000404040404040273e+01
2.336871782963737019e+02 9.059932659932659504e+00 5.004424319826618728e+01
2.338274391423816780e+02 9.095963466078408999e+00 5.003970741901776620e+01
2.338520685785053672e+02 9.089012732690893159e+00 5.003747823058167654e+01
2.338796625256395316e+02 9.026618677193390283e+00 5.008745694492820633e+01
2.337761136266883284e+02 8.918069584736251443e+00 5.010140485312899017e+01
2.336725647277371536e+02 8.750307674445606310e+00 5.011089438445760180e+01
2.335613684740121414e+02 8.829536746778126499e+00 4.997122179650915541e+01
2.334162390185378797e+02 8.795077208870312191e+00 4.988606370215565278e+01
2.332834088006501929e+02 8.728720151708657227e+00 4.975564843840705720e+01
2.332402647161267737e+02 8.829745733194009460e+00 4.971566237083478512e+01
2.331127365610124116e+02 8.777514609698517489e+00 4.970293742017879879e+01
2.331021943573667841e+02 8.852873563218389918e+00 4.965811370409071657e+01
2.332058980610704850e+02 8.899392391346413689e+00 4.972442431982661759e+01
2.332458144665041289e+02 8.861999303378613746e+00 4.977345872518286285e+01
2.332953752080188963e+02 8.954735090367273997e+00 4.970631216378342998e+01
2.333079221332095017e+02 8.973969580866132389e+00 4.974960331282170500e+01
2.332573164596153106e+02 9.060536398467432306e+00 4.964255582646386955e+01
2.332717287820736090e+02 9.072022911103371001e+00 4.968337783969968058e+01
2.333037656256047114e+02 9.127466233213359814e+00 4.983092998955068254e+01
2.333176825728549773e+02 9.113409961685823291e+00 4.982100700491505307e+01
2.334264019505398835e+02 9.220658694221912199e+00 4.986600874646851622e+01
2.335310964046596212e+02 9.323123959905569080e+00 4.995104299702001072e+01
2.337135492859630688e+02 9.174588799876156386e+00 5.010224853903014974e+01
2.337981346027322900e+02 9.241123882503192277e+00 5.013317852858082802e+01
2.337846898099771522e+02 9.340067340067340851e+00 5.006559851387437732e+01
2.336523240063469871e+02 9.301466775029993528e+00 5.001449746507217498e+01
2.335265838461240833e+02 9.419791787607879385e+00 4.993699446573009482e+01
2.333800766283524979e+02 9.515043151824761125e+00 4.985247107086187413e+01
2.332859088974031465e+02 9.490166028097062778e+00 4.984050466349317077e+01
2.332911799992259887e+02 9.613769882735400785e+00 4.985041990789117250e+01
2.333730252718758607e+02 9.657424822942063614e+00 4.995065598513874505e+01
2.334360230659081310e+02 9.543171175355082525e+00 4.992937033166918326e+01
2.335340067340067378e+02 9.658229807655095200e+00 4.983995510662177253e+01
2.335306474708773692e+02 9.781825922055807254e+00 4.981086729362591115e+01
2.335254615116683965e+02 9.752382058129184017e+00 4.979029374201788016e+01
2.336239405549750359e+02 9.860273230388173715e+00 4.975350439258485125e+01
2.336922326715430245e+02 9.897341228375710287e+00 4.990751190061534714e+01
2.338424474631371197e+02 9.881156391501219716e+00 4.993313982739270074e+01
2.340458686481674988e+02 1.000041023259413997e+01 5.005733194009056319e+01
2.341933743565927557e+02 1.008696930995781571e+01 5.008338557993730689e+01
2.343216842757072698e+02 1.003974612020589063e+01 5.014488950810790158e+01
2.345062038004566602e+02 1.014279190371144423e+01 5.030587097023878584e+01
2.345220325864003996e+02 1.018756917837377607e+01 5.034228878826579745e+01
2.346257672510546115e+02 1.017487518866829177e+01 5.040630055342698768e+01
2.347607802159526216e+02 1.029974844227717767e+01 5.037530090173768116e+01
2.347156468903595226e+02 1.027455396880684191e+01 5.034038468980998005e+01
2.344489183017918776e+02 1.008516583459112148e+01 5.017421726847014440e+01
2.340322303494717175e+02 9.721173420023994538e+00 4.995386044351561594e+01
2.333690313092612030e+02 9.105809048337784262e+00 4.959989937691086936e+01
2.328256434072526133e+02 8.597484422771779933e+00 4.938088935330314655e+01
2.326128565346956236e+02 8.428259607569952294e+00 4.927014977359804959e+01
2.324427338519292618e+02 8.194868222454429585e+00 4.919126901195866708e+01
2.324604280351406658e+02 8.081520182669608587e+00 4.931406014164635110e+01
2.325582027168234163e+02 8.179310344827586121e+00 4.939011571655250066e+01
2.326145361662603079e+02 8.218057974379814112e+00 4.940672626649638488e+01
2.327059715933279165e+02 8.324958396222763568e+00 4.942017105925151554e+01
2.327689074654591934e+02 8.349998064940594489e+00 4.948722473779945119e+01
2.326812260536398469e+02 8.268973257479004246e+00 4.949511978017724800e+01
2.326221061186578538e+02 8.273942490034444930e+00 4.944652656836564830e+01
2.325903788846317468e+02 8.352250474089554899e+00 4.941077441077440824e+01
2.325852161461356786e+02 8.104291961763225416e+00 4.943350748867990063e+01
2.325430008901273311e+02 8.203475366693757209e+00 4.934800882387089160e+01
2.324989511978017731e+02 8.302898718990672222e+00 4.926290491118077597e+01
2.325417934130577748e+02 8.352056968148922067e+00 4.919843647199969183e+01
2.327410890514338746e+02 8.397198033979643483e+00 4.929014280738418563e+01
2.328253415379852242e+02 8.484237006076085663e+00 4.934256743682031043e+01
2.328598784782692803e+02 8.407887302140176544e+00 4.940577421726847263e+01
2.329009559193467283e+02 8.514803204458376129e+00 4.932772940129262196e+01
2.330018499167924517e+02 8.543341460582839275e+00 4.943414992840280320e+01
2.331312202484616307e+02 8.519795657726692895e+00 4.946543596888424332e+01
2.332897712759781825e+02 8.630481055768411736e+00 4.962559696582685120e+01
2.334091799218236076e+02 8.650613413831804266e+00 4.975144548937652189e+01
2.336203413444792716e+02 8.721707496420140870e+00 4.983603080614575020e+01
2.338102558148535195e+02 8.833135957273889005e+00 4.999018537869112322e+01
2.340281976856689425e+02 9.036464259452765546e+00 5.012937807190680672e+01
2.341165215372111845e+02 9.035372885947598576e+00 5.016612097991408348e+01
2.341588838577344234e+02 9.106559851387437732e+00 5.021851464839970447e+01
2.342136847401215221e+02 9.154642207515770735e+00 5.024902666511862037e+01
2.341572584078331261e+02 9.092395216533146751e+00 5.019959750764348172e+01
2.341913618948101714e+02 9.157475134486627866e+00 5.026388792135918493e+01
2.341056542435852919e+02 9.178396996787801854e+00 5.018839738379968196e+01
2.340574248229420675e+02 9.132721854560935881e+00 5.011100274778435448e+01
2.340746778126088543e+02 9.273137505321413343e+00 5.008542126243276016e+01
2.340460776345833835e+02 9.293192461008553451e+00 5.012680831301521067e+01
2.339522891752776843e+02 9.251402918069585368e+00 5.007004915050892180e+01
2.339778474399164168e+02 9.389318472077093247e+00 5.004445992491969264e+01
2.340193196331127297e+02 9.446317581949765341e+00 5.009924532683153586e+01
2.340896009907504265e+02 9.375571810054568189e+00 5.015478927203064785e+01
2.342723557413212632e+02 9.544966910484152578e+00 5.027029683811292671e+01
2.344452881303456024e+02 9.616378342815124824e+00 5.040824335307093662e+01
2.346691435427067631e+02 9.657192615813306347e+00 5.051806958473625286e+01
2.348651108789039768e+02 9.786098533224970808e+00 5.059050272843376206e+01
2.350288401253918380e+02 9.877874530748094628e+00 5.075596578814969462e+01
2.352381980726808308e+02 9.990107976314872573e+00 5.089606408916753821e+01
2.355059251519021757e+02 1.005929796044738644e+01 5.107691474128255749e+01
2.356758465884902591e+02 1.012371995820271664e+01 5.113333333333333286e+01
2.358054413870505925e+02 1.014867448430666741e+01 5.121966020356824600e+01
2.359843956809474150e+02 1.022603815937149285e+01 5.138983706799798767e+01
2.361423042687410430e+02 1.023190525949146590e+01 5.148946166647316147e+01
2.362667827702310319e+02 1.030556136073377438e+01 5.152455590386625062e+01
2.363320252331746474e+02 1.041879329695421674e+01 5.157224350787569023e+01
2.363047563760207481e+02 1.034756763032625138e+01 5.156681760130035741e+01
2.362861952861952943e+02 1.036689500367661232e+01 5.154430899028600521e+01
2.363009404388714643e+02 1.051858818065714551e+01 5.152030651340996315e+01
2.360778435697975794e+02 1.040374627501064353e+01 5.130349471728781907e+01
2.357360501567398217e+02 1.004583768721699677e+01 5.106851658345911460e+01
2.350472464104647941e+02 9.393351135879871805e+00 5.073975773056233152e+01
2.344012693989705554e+02 8.729927628778202831e+00 5.045289678393126565e+01
2.339483416540887788e+02 8.255930957080382271e+00 5.022508611014357882e+01
2.337534656913967126e+02 8.025612446302101688e+00 5.015665466929834793e+01
2.336687565308255046e+02 7.786942219126126830e+00 5.012154495143001043e+01
2.337267463911142045e+02 7.821432717984442284e+00 5.013120476798637526e+01
2.338101551917643803e+02 7.916451875072564981e+00 5.017044777274661982e+01
2.338945470025929865e+02 7.819907891172259262e+00 5.024318278571151808e+01
2.340796857463524248e+02 7.933093385966949462e+00 5.033961840628507645e+01
2.342586942219126058e+02 7.990626572235767888e+00 5.048899725221563983e+01
2.344248074615890687e+02 8.017601300359920913e+00 5.049900537946515300e+01
2.345954874414644564e+02 8.114702581369247270e+00 5.060979140059599501e+01
2.347094856612098113e+02 8.156546305971593469e+00 5.070134293122799107e+01
2.348142729981810533e+02 8.182151012036069204e+00 5.071440845233948380e+01
2.349169162893300893e+02 8.207136499090522008e+00 5.080376949572352174e+01
2.350837184101551998e+02 8.279097488292890716e+00 5.088669840164092761e+01
2.350122218352103403e+02 8.185185185185185119e+00 5.081740005418166106e+01
2.350011919965942866e+02 8.241688919849838868e+00 5.085357018460467060e+01
2.349248345524207480e+02 8.108084678199620754e+00 5.082297302527187810e+01
2.348255660048763502e+02 7.980022446689113202e+00 5.077931034482758577e+01
2.347762142497774676e+02 7.975440226014939071e+00 5.069698517744495092e+01
2.346446998722860826e+02 7.880653276055574530e+00 5.059613762142497961e+01
2.345423120089786835e+02 7.794814040791052001e+00 5.056115174735864315e+01
2.345600758543287156e+02 7.863168079260033139e+00 5.061424203723053949e+01
2.345132706374085672e+02 7.874306281202833269e+00 5.057177135338054796e+01
2.346133673903788974e+02 7.959030922249312745e+00 5.061494639885444258e+01
2.348235458028561595e+02 8.092573241998529454e+00 5.071957893107318682e+01
2.350233755176283807e+02 8.197732110375788750e+00 5.091382019427996397e+01
2.352311234954913175e+02 8.335756027710051086e+00 5.106017260729904450e+01
2.354169278996865273e+02 8.491845659661752421e+00 5.115354309377298136e+01
2.355673439374588725e+02 8.607840860714423670e+00 5.124579898602887340e+01
2.355862146367893502e+02 8.656279267773520303e+00 5.130241108402027805e+01
2.357542087542087472e+02 8.815534656913968092e+00 5.140843685901157301e+01
2.358479198111382118e+02 8.890405975463446353e+00 5.145053601145555433e+01
2.359433492008204780e+02 9.027926777352064391e+00 5.142301946669762458e+01
2.360525949146638709e+02 9.125151902163397111e+00 5.152079414838035376e+01
2.361156468903595282e+02 9.188598629977940746e+00 5.156153875923990881e+01
2.362206664344595310e+02 9.247517318781687479e+00 5.167194550872712000e+01
2.362418979062657343e+02 9.302411084020279830e+00 5.166257208096288878e+01
2.361900847556019869e+02 9.310120360695073316e+00 5.159252293045396698e+01
2.360538256124463032e+02 9.302116954990518494e+00 5.145610898254576426e+01
2.359699833584891167e+02 9.333704864739347684e+00 5.139014667750299736e+01
2.358635783118541838e+02 9.207693796199542646e+00 5.132241185804404182e+01
2.358446998722860712e+02 9.342490034444058011e+00 5.125692170749641718e+01
2.359393552382058203e+02 9.428290568520454329e+00 5.140253879794109793e+01
2.359976701884747854e+02 9.466388018112155578e+00 5.146286620999264727e+01
2.361202136305584531e+02 9.638964356205734774e+00 5.154125933666163206e+01
2.362990905220790410e+02 9.792453268315338022e+00 5.168245675142227213e+01
2.364482371608808364e+02 9.881411819342853065e+00 5.172327102442044833e+01
2.365726227795193211e+02 9.993173110414490523e+00 5.174788498006888915e+01
2.366558922558922688e+02 1.004681295715778511e+01 5.181025581485351950e+01
2.367164209141220681e+02 1.008710863423507043e+01 5.190120360695073032e+01
2.368269128062231630e+02 1.021125430550717894e+01 5.191568559154766405e+01
2.368236928673710224e+02 1.026007972444754124e+01 5.192486551337125888e+01
2.367907194550872703e+02 1.024178954293896737e+01 5.187512674639111765e+01
2.367509965555942699e+02 1.030970238786330739e+01 5.183001664151089471e+01
2.366331591779867551e+02 1.035710360308061517e+01 5.173485816014551375e+01
2.364106505669724072e+02 1.017721274043113056e+01 5.155047795967335844e+01
2.357814930918379162e+02 9.768621076667054481e+00 5.125331475676303228e+01
