1.335896838689417052e+02 8.688176489061028462e+01 7.350858369098712330e+01
1.317114518999267148e+02 8.490942635821207318e+01 7.161164032241180166e+01
1.316415262221291869e+02 8.477302941484350640e+01 7.148790955720716056e+01
1.316244896891028873e+02 8.469554066785302382e+01 7.142936773788338201e+01
1.312541086569663946e+02 8.413124149481838288e+01 7.086813043023134639e+01
1.314039045326075552e+02 8.398270176907777795e+01 7.069226944415366631e+01
1.314063121532502976e+02 8.400112530095258023e+01 6.978543389511148121e+01
1.313885166963257518e+02 8.404441013294253082e+01 6.961789490212498777e+01
1.312853292159531122e+02 8.411765937401862914e+01 6.945451690568407344e+01
1.315181356641892592e+02 8.435415576258766635e+01 6.952999057887573997e+01
1.312515701873757052e+02 8.419841934470846923e+01 6.932215010991311033e+01
1.312947765099968649e+02 8.427685020412435790e+01 6.941824557730555512e+01
1.311636920339160497e+02 8.409112320736940660e+01 6.915851041557625933e+01
1.307860881398513584e+02 8.368318852716424772e+01 6.867552077881293826e+01
1.310531770124568141e+02 8.337443734952370278e+01 6.852308175442269089e+01
1.312738668481105435e+02 8.330511357688683916e+01 6.849819428451795034e+01
1.314718151366062955e+02 8.357309222233853063e+01 6.875285250706583895e+01
1.319755835863079767e+02 8.432937297184130898e+01 6.949227991206950605e+01
1.319175913325656779e+02 8.465301475976133361e+01 6.934551973202135855e+01
1.317204543075473566e+02 8.464053177012456786e+01 6.899057887574583958e+01
1.316935255940542220e+02 8.442164764995288806e+01 6.856079242122893902e+01
1.316187846749712094e+02 8.409452528001675375e+01 6.800290484664503765e+01
1.315555061237307655e+02 8.401829268292682684e+01 6.785954673924422309e+01
1.321282843085941465e+02 8.520920129802156850e+01 6.889772846226316005e+01
1.323335863079660726e+02 8.621600544331623439e+01 6.967659374018633400e+01
1.319743012666178288e+02 8.617991730346487600e+01 6.977543703548623455e+01
1.315667591332565678e+02 8.563320422903800022e+01 6.918250811263477829e+01
1.308937506542447409e+02 8.459426358212080288e+01 6.821158274887470441e+01
1.304134041662304924e+02 8.385321365016224604e+01 6.758013189573955515e+01
1.305593792525908157e+02 8.404571862242227098e+01 6.773856380194703775e+01
1.307526954883282713e+02 8.432822150109913650e+01 6.799777556788443178e+01
1.310250968282215069e+02 8.469855019365644466e+01 6.834866010677274062e+01
1.312602062179419988e+02 8.482196692138595040e+01 6.857026588506228393e+01
1.309295247566209639e+02 8.394870721239401234e+01 6.795472626400083982e+01
1.306172668271747170e+02 8.285839526850203640e+01 6.731393279598032109e+01
1.306317910603998769e+02 8.249180885585680301e+01 6.690385219302837072e+01
1.304790903381136786e+02 8.207751491678007483e+01 6.655016748665340742e+01
1.301193865801319021e+02 8.128899298649638183e+01 6.585792421228933335e+01
1.298347901182874580e+02 8.027763529781221052e+01 6.484664503297393878e+01
1.291415262221291869e+02 7.906448236156181508e+01 6.376860672040196931e+01
1.288676332042290369e+02 7.853794619491259255e+01 6.324746153040929642e+01
1.295303046163508895e+02 7.860700826965350529e+01 6.343632890191562979e+01
1.295776719355176283e+02 7.822560975609755474e+01 6.304613733905579664e+01
1.292044645661048889e+02 7.752802784465612262e+01 6.232900659478697492e+01
1.293754318015283218e+02 7.701839736208521003e+01 6.197445828535538226e+01
1.293208939600125689e+02 7.674458285355385101e+01 6.166801004919920359e+01
1.296688998220454323e+02 7.699973830210404913e+01 6.169805296765414226e+01
1.298506751805715567e+02 7.696571757563069127e+01 6.169114414320108608e+01
1.293175180571548140e+02 7.667962943577933288e+01 6.138843818695697507e+01
1.291322097770333812e+02 7.667465717575630890e+01 6.119436302732125910e+01
1.293561708363864682e+02 7.687103527687636984e+01 6.124560347534805516e+01
1.294399926724589136e+02 7.691288077043860483e+01 6.134041662305035203e+01
1.295115670470009377e+02 7.703174395477860514e+01 6.146134722076834578e+01
1.297779231654977536e+02 7.729323249241076610e+01 6.181924526326807978e+01
1.296352193028368163e+02 7.715840573641787614e+01 6.180001046791583974e+01
1.297619595938448640e+02 7.730304616350883862e+01 6.182500261697895638e+01
1.298783628179629375e+02 7.766971108552287717e+01 6.212956662828430865e+01
1.293268606720401976e+02 7.754469800062807394e+01 6.193871035276876569e+01
1.290877996440908646e+02 7.750269548832827127e+01 6.172092536376007388e+01
1.289783837537946170e+02 7.736276562336438190e+01 6.160049199204438253e+01
1.291437244844551344e+02 7.739780697163195100e+01 6.175855752119753106e+01
1.294208102166858509e+02 7.770302522767717335e+01 6.185130325552182740e+01
1.296956191772218290e+02 7.803661153564326014e+01 6.218850099445200641e+01
1.296324714749293321e+02 7.807518580550612342e+01 6.222008793049303677e+01
1.297436669109180229e+02 7.803857426986286328e+01 6.227978122055898780e+01
1.299851617292997048e+02 7.802855124044802437e+01 6.220558986705746918e+01
1.301483565372134308e+02 7.802420705537527112e+01 6.225122998011096342e+01
1.304258086464984956e+02 7.839220663665864208e+01 6.262027635297812367e+01
1.305738773160263690e+02 7.880749502773997506e+01 6.298165497749398156e+01
1.301777713807180987e+02 7.877203496283890161e+01 6.278145608709306202e+01
1.300631738720820749e+02 7.851910394640427171e+01 6.257814299173034556e+01
1.298899822045430881e+02 7.829464566104888945e+01 6.243682612791793218e+01
1.296575944729404455e+02 7.796966921385951821e+01 6.211909871244635184e+01
1.300193133047210381e+02 7.817094106563382638e+01 6.227339579189783336e+01
1.300449858683136313e+02 7.822877630063854326e+01 6.241306395896577186e+01
1.295846330995498761e+02 7.797168428765833426e+01 6.213647545273735773e+01
1.294738825499842960e+02 7.790113053491049300e+01 6.208484245786663536e+01
1.290426829268292579e+02 7.754197634251021043e+01 6.175539097665654964e+01
1.286384905265361738e+02 7.718970480477337048e+01 6.162946194912593256e+01
1.288017376740291127e+02 7.720195226630377761e+01 6.158675285250706821e+01
1.286856484873861746e+02 7.688095362713283976e+01 6.143271747095153046e+01
1.284829111273945443e+02 7.655867266827175399e+01 6.113466973725531517e+01
1.287005652674552607e+02 7.658861090756830947e+01 6.114526850204124031e+01
1.285440960954673812e+02 7.632374646707840782e+01 6.083971003873129035e+01
1.285056265047629154e+02 7.606743954778603722e+01 6.069365644300219742e+01
1.288309169894274078e+02 7.619030670993404897e+01 6.076824034334764235e+01
1.289253375902857783e+02 7.621210614466659194e+01 6.083041976342510537e+01
1.289471893645975058e+02 7.612236993614571645e+01 6.083361247775567904e+01
1.290012299801109634e+02 7.620477860358002431e+01 6.094747723228304892e+01
1.287403956872186654e+02 7.588869988485292595e+01 6.062349523709829668e+01
1.283734428975191122e+02 7.546626714121218527e+01 6.017358421438291316e+01
1.287321522034962697e+02 7.575384695907044375e+01 6.044274050036637647e+01
1.285548518789908883e+02 7.551842353187480228e+01 6.014893227258453123e+01
1.282412069506961245e+02 7.531764890610278940e+01 5.970857322307128356e+01
1.283091960640636557e+02 7.553666387522244463e+01 5.963610907568303077e+01
1.280373704595415063e+02 7.533507798597298688e+01 5.940699256777975279e+01
1.279677588192190996e+02 7.502051711504239506e+01 5.911993614571338895e+01
1.282734743012666172e+02 7.497966607348476487e+01 5.906971631948078993e+01
1.281509211765937266e+02 7.448168114728358091e+01 5.872150109913116012e+01
1.281512613838584684e+02 7.435088453888830884e+01 5.846974772322830205e+01
1.284688841201716798e+02 7.461022715377367831e+01 5.868138281168219095e+01
1.284728619281900990e+02 7.465615513451271568e+01 5.872825290484664151e+01
1.288643358107400729e+02 7.476530932691301246e+01 5.882756725635925932e+01
1.291615199413796802e+02 7.483002721658117196e+01 5.892936773788338911e+01
1.290328692557311854e+02 7.455616036847064265e+01 5.871383335077985777e+01
1.289622893331937519e+02 7.449366691091803716e+01 5.863767926305872180e+01
1.290971945985554328e+02 7.456953313095363001e+01 5.866515754213336464e+01
1.290955459018109366e+02 7.437132314456191295e+01 5.862386161415262364e+01
1.295389929864963960e+02 7.450528629749817355e+01 5.867538992986496282e+01
1.301126347744164207e+02 7.478472731079241953e+01 5.894713702501832131e+01
1.299183240866743461e+02 7.441887365225584006e+01 5.864207578771066665e+01
1.298673715063330860e+02 7.409374018632890113e+01 5.846911964827803132e+01
1.300596932900659510e+02 7.401824034334764235e+01 5.848770019889040128e+01
1.299371139956034824e+02 7.393868418297917344e+01 5.821084999476604338e+01
1.301020621794200736e+02 7.411187585051816029e+01 5.840243902439024737e+01
1.300634094001884193e+02 7.403061865382602491e+01 5.835886632471474655e+01
1.297026065110436548e+02 7.350641159845075379e+01 5.787794410132942602e+01
1.299980372657803969e+02 7.358562755155448087e+01 5.807727938867371620e+01
1.304459332146969643e+02 7.382123416727729648e+01 5.829778603580027152e+01
1.304026745524965918e+02 7.372655186852297504e+01 5.831003349733067864e+01
1.305515806552915308e+02 7.398165497749397446e+01 5.845891343033601828e+01
1.305505862032869118e+02 7.398848529257824680e+01 5.834245786663875322e+01
1.306257720087930352e+02 7.381314770229246847e+01 5.838521930283680206e+01
1.308606458704072111e+02 7.405576782162671634e+01 5.834520569454621608e+01
1.312368627656233571e+02 7.451858055061236996e+01 5.829174081440385180e+01
1.314009211765937266e+02 7.471016958023658106e+01 5.853027844656129020e+01
1.317570396734010387e+02 7.532081545064377792e+01 5.884845074845598134e+01
1.316713074426881747e+02 7.540306709934051810e+01 5.879354652988590146e+01
1.314025175337590383e+02 7.494695383649116138e+01 5.851572804354653101e+01
1.314098450748456060e+02 7.486627237517009803e+01 5.818583167591332739e+01
1.315071181827698013e+02 7.485719145818067943e+01 5.835101538783628428e+01
1.312342981262430612e+02 7.479762901706270384e+01 5.827012456819846875e+01
1.311588767926305934e+02 7.508821836072438316e+01 5.845383649115461111e+01
1.309461425730137023e+02 7.521453993509892655e+01 5.853993509892180214e+01
1.306034230084790124e+02 7.498618235109390184e+01 5.845770962001465421e+01
1.308317805924840229e+02 7.522744164136919665e+01 5.854438396315293858e+01
1.308973359154192337e+02 7.524387626923478933e+01 5.860575211975295673e+01
1.308712708049827143e+02 7.528027844656128309e+01 5.866596880561080241e+01
1.312460745315607653e+02 7.572537422799121032e+01 5.908944834083533948e+01
1.312690254370354808e+02 7.568975714435255497e+01 5.932513346592693182e+01
1.312244844551449887e+02 7.578158693604103746e+01 5.950392546843923469e+01
1.316251962734219489e+02 7.619444153669005004e+01 5.982335392023448151e+01
1.316955668376426161e+02 7.636519941379671650e+01 5.992081021668585805e+01
1.316563383230398756e+02 7.649468753271223420e+01 6.001612059039045022e+01
1.318444991102271615e+02 7.686556579085103635e+01 6.042023448131477181e+01
1.316486967444781726e+02 7.662305035067518588e+01 6.009258871558672865e+01
1.311906469171987908e+02 7.603708259185596319e+01 5.961669109180362369e+01
1.311094420600858257e+02 7.588694650895007499e+01 5.955092641055166069e+01
1.309294200774625665e+02 7.579736731916675296e+01 5.940811786873233302e+01
1.311298021563906673e+02 7.595127185177430817e+01 5.958055061237307370e+01
1.315115670470009377e+02 7.614348895634879000e+01 5.965400921176593840e+01
1.313134094001884193e+02 7.582636344603788814e+01 5.948304197634251267e+01
1.311962472521720997e+02 7.564906312153250667e+01 5.931804145294671571e+01
1.312465455877734826e+02 7.564639380299382765e+01 5.939398618235109240e+01
1.313264157856170868e+02 7.552355281063540815e+01 5.953786768554380870e+01
1.316687166335182724e+02 7.576151470742175320e+01 5.980639589657699418e+01
1.320911493771590131e+02 7.622519103946403618e+01 6.033151889458808625e+01
1.324165707107714809e+02 7.643015283157123463e+01 6.050410865696639462e+01
1.326268973097456296e+02 7.668216790537003646e+01 6.082021354548309233e+01
1.328328535538574329e+02 7.680194703234586484e+01 6.090065947869778995e+01
1.328065529153145690e+02 7.687271014341044406e+01 6.095148121009106745e+01
1.332102480896053578e+02 7.759075683031508675e+01 6.160229770752643219e+01
1.335350413482675549e+02 7.826146236784256871e+01 6.216994661362922869e+01
1.331395373181199488e+02 7.810933738092745671e+01 6.200651627760912987e+01
1.330417146446142453e+02 7.793321469695383996e+01 6.187375693499424045e+01
1.332446613629226420e+02 7.836598450748455491e+01 6.212731602637914818e+01
1.333019993719250635e+02 7.856343556997801159e+01 6.234295509264105561e+01
1.333679210719145942e+02 7.874531560766251914e+01 6.252284622631633937e+01
1.334968596252486179e+02 7.907521197529571566e+01 6.262674029100806194e+01
1.331435674657175809e+02 7.871665968805611158e+01 6.221754946090233318e+01
1.330595101015387911e+02 7.869789594891656748e+01 6.202520150737988303e+01
1.332516748665340742e+02 7.880254893750654333e+01 6.194891657071077162e+01
1.332939129069402213e+02 7.902111902020307355e+01 6.214867057468858036e+01
1.336226839736208660e+02 7.939704804773369062e+01 6.243295299905788909e+01
1.336506071391185912e+02 7.943512509159425861e+01 6.244339474510624655e+01
1.332771642415995075e+02 7.905927457343243248e+01 6.216664922014027184e+01
1.334678373285878763e+02 7.921273421961687689e+01 6.228339265152308002e+01
1.340109128022610605e+02 7.969512195121950526e+01 6.287595519732021643e+01
1.343147702292473582e+02 7.993266513137234597e+01 6.304103423008479012e+01
1.346128179629435806e+02 8.012687113995603738e+01 6.345365330262744408e+01
1.350601120066994554e+02 8.018533444991102499e+01 6.358921281272898796e+01
1.344611640322411859e+02 7.967371506333088860e+01 6.315963571652883957e+01
1.340970637496074573e+02 7.960938972050664120e+01 6.297440594577619777e+01
1.336787134931435048e+02 7.968140898147179030e+01 6.328135140793467883e+01
1.331147021877944212e+02 7.968946927666701185e+01 6.357481942845179645e+01
1.331096252486130140e+02 7.971705223490003789e+01 6.367078404689626581e+01
1.329252590809169874e+02 7.962310269025437037e+01 6.351583272270490710e+01
1.326488014236365416e+02 7.932005652674553176e+01 6.342347953522453707e+01
1.328145085313514073e+02 7.943850099445199930e+01 6.354106039987438237e+01
1.329014445723856284e+02 7.963011619386580264e+01 6.386213754841411117e+01
1.328838584737778774e+02 7.977245367947242016e+01 6.396932900659478349e+01
1.331174238459122705e+02 8.002486130011514831e+01 6.429200251229980267e+01
1.330843975714435317e+02 7.999693813461739467e+01 6.434858159740396388e+01
1.327573798806657521e+02 7.974895320841621071e+01 6.412930493038835777e+01
1.326756516277609137e+02 7.970323458599392552e+01 6.391625667329634553e+01
1.325895268502041233e+02 7.958479011828744376e+01 6.390309326913011745e+01
1.325767821626714067e+02 7.951135768868418552e+01 6.385101538783628428e+01
1.330976133151889371e+02 7.970700303569559253e+01 6.410255940542238307e+01
1.330019889040092096e+02 7.964037475138700017e+01 6.363058725007851280e+01
1.325983722390872117e+02 7.931958547053281450e+01 6.324853449178268505e+01
1.327396105935308412e+02 7.944048989846122311e+01 6.312980215639066017e+01
1.328967863498377540e+02 7.962305035067518588e+01 6.309648801423636399e+01
1.332177326494295073e+02 7.983429289228514847e+01 6.305854181932377145e+01
1.335971945985554328e+02 8.002271537736837104e+01 6.306361875850517862e+01
1.335723594682298767e+02 7.978443944310687641e+01 6.292714330576782089e+01
1.337357374646707910e+02 7.978245053909766682e+01 6.309321679053700649e+01
1.343780487804878021e+02 8.036111692661991412e+01 6.354684392337485832e+01
1.344323249241076041e+02 8.065780383125719766e+01 6.381987333821835762e+01
1.342852507065843213e+02 8.050929027530618498e+01 6.379166230503506796e+01
1.341523081754422719e+02 8.043502041243588963e+01 6.360190516068250588e+01
1.337950120381032093e+02 7.985941589029624765e+01 6.317743117345336401e+01
1.336186276562336559e+02 7.942557311839212275e+01 6.262022401339893207e+01
1.337727938867371620e+02 7.932034439443107487e+01 6.256686381241495098e+01
1.342327802784465689e+02 7.935781953313095016e+01 6.278273840678320994e+01
1.343707212394012345e+02 7.937464670784046916e+01 6.301907777661467946e+01
1.344652726892075805e+02 7.946207997487699970e+01 6.307780278446561084e+01
1.342470428137757779e+02 7.898738616141525881e+01 6.283314142154296889e+01
1.341271590076415805e+02 7.869786977912697523e+01 6.277036009630482738e+01
1.344014969119648413e+02 7.876342510206218606e+01 6.281074008164974032e+01
1.343719512195121979e+02 7.857652046477547003e+01 6.262142782372029615e+01
1.342415994975400508e+02 7.847137025018318468e+01 6.258209462995917249e+01
1.343588924945043459e+02 7.851740291008060524e+01 6.244127499214906152e+01
1.341049146864859267e+02 7.828323563278551944e+01 6.212061656024285838e+01
1.341474405945776311e+02 7.809698524023866639e+01 6.193852716424159865e+01
1.342161101224746176e+02 7.808086464984820907e+01 6.191117973411493836e+01
1.339893488956348904e+02 7.772987543180153125e+01 6.162519627342196316e+01
1.341923479535224430e+02 7.791691091803622271e+01 6.175183188527164191e+01
1.345441746048361722e+02 7.830718099026483969e+01 6.200167486653407423e+01
1.341534334763948380e+02 7.812940960954674097e+01 6.183248717680309881e+01
1.340759447294043696e+02 7.812446351931330923e+01 6.162956662828430865e+01
1.342059562441118032e+02 7.823589448340835872e+01 6.190644300219825880e+01
1.341012247461530364e+02 7.817782372029728322e+01 6.183253951638229040e+01
1.340360096304825674e+02 7.810946822987543214e+01 6.189309640950487079e+01
1.338518004815241227e+02 7.813788862137548108e+01 6.184012875536480891e+01
1.333221239401235323e+02 7.786551345127185186e+01 6.171320527582957993e+01
1.331126347744164207e+02 7.778284308594159313e+01 6.145647963990369789e+01
1.329786454516905678e+02 7.760860462681880279e+01 6.139178792002512353e+01
1.327712760389406412e+02 7.733811368156599997e+01 6.122901182874489479e+01
1.331624358840154798e+02 7.776656547681356813e+01 6.140361666492201209e+01
1.335969329006594819e+02 7.819415366900450692e+01 6.181511043651209292e+01
1.334399141630901227e+02 7.820504030147597518e+01 6.188249764471893855e+01
1.332435884015492604e+02 7.790921699989532101e+01 6.164406469171987624e+01
1.329226682717470851e+02 7.763631843399979005e+01 6.121802051711504333e+01
1.326632471474929389e+02 7.747699675494608584e+01 6.108486862765623471e+01
1.328133832303988413e+02 7.759363550717051794e+01 6.130328169161519725e+01
1.328950853135140733e+02 7.775748455982413532e+01 6.155084790118287685e+01
1.327552862974981736e+02 7.745828535538574044e+01 6.142010363236679638e+01
1.330578352350047169e+02 7.746283889877526008e+01 6.136870616560242553e+01
1.334825447503401961e+02 7.763992986496388937e+01 6.151182874489688857e+01
1.334493091175546908e+02 7.759347848843295026e+01 6.142460483617711731e+01
1.335634355699780258e+02 7.760043965246519804e+01 6.138527164241599365e+01
1.335855490421857041e+02 7.722550507693918576e+01 6.125955197320213585e+01
1.336109337380927400e+02 7.692583481628807363e+01 6.110444363027320946e+01
1.343765047629017033e+02 7.732078928085418568e+01 6.150675180571548140e+01
1.347937558882026678e+02 7.754137443734951773e+01 6.166196482780278387e+01
1.345532031822464205e+02 7.712273631320003631e+01 6.126070344394430833e+01
1.348606720401967891e+02 7.707549984298125878e+01 6.126405317701245679e+01
1.351569925677797528e+02 7.724016015911232103e+01 6.139584423741233365e+01
1.353370930597718029e+02 7.725136082905893886e+01 6.150515544855019101e+01
1.355475505076939271e+02 7.730084790118287685e+01 6.160245472626399987e+01
1.351317648906102704e+02 7.702575107296136991e+01 6.126384381869569751e+01
1.347703600963048132e+02 7.673343452318643187e+01 6.090029310164346299e+01
1.350226368679995801e+02 7.680233957918977694e+01 6.100806029519522866e+01
1.350923531874803700e+02 7.666824557730555512e+01 6.088828116821940739e+01
1.352745472626399987e+02 7.608520883492096232e+01 6.056225792944624686e+01
1.354882497644719024e+02 7.599005547995393783e+01 6.038108447608081519e+01
1.352313409400188391e+02 7.567214487595519756e+01 6.015578875745838872e+01
1.352607819533130851e+02 7.558690987124462879e+01 6.008738092745734605e+01
1.358278027844656037e+02 7.605705014131686426e+01 6.056427300324505580e+01
1.360883230398827664e+02 7.625274782790746997e+01 6.063336124777556790e+01
1.361377839422171121e+02 7.592135978226734494e+01 6.026117450015701849e+01
1.361133413587354823e+02 7.566578561708364248e+01 6.001737674029100589e+01
1.360888464356746681e+02 7.548971527268921022e+01 5.978875745839003741e+01
1.359894012352140749e+02 7.546480163299487742e+01 5.971880561080288885e+01
1.362818486339369883e+02 7.618041452946718550e+01 6.017779755050769097e+01
1.362376740291008161e+02 7.644771276038940755e+01 6.038053491049932120e+01
1.359131424683345415e+02 7.639929864963885109e+01 6.039935098921804979e+01
1.360157018737569388e+02 7.658471160891866703e+01 6.044590704490735789e+01
1.356643462786559269e+02 7.651865905998116091e+01 6.039354129592798159e+01
1.355897362085208897e+02 7.649680728566941923e+01 6.038383230398827806e+01
1.357535067518057019e+02 7.672417041766983914e+01 6.058060295195226530e+01
1.354574217523291111e+02 7.643088558567988855e+01 6.039157856170836425e+01
1.350744792211870617e+02 7.625120381032137118e+01 6.021255103108970985e+01
1.350129278760598766e+02 7.639893227258453123e+01 6.032010886632471625e+01
1.347009316445095806e+02 7.659075683031508675e+01 6.036567047000941955e+01
1.345032450539097795e+02 7.681597403956871517e+01 6.044376112216058061e+01
1.343484507484559742e+02 7.689898461216371572e+01 6.050942112425416042e+01
1.335404584947137039e+02 7.623029414843504981e+01 5.993598869465089507e+01
1.334282686067203940e+02 7.577983356013817229e+01 5.978135140793467883e+01
1.339742227572490378e+02 7.599330053386370309e+01 6.000811263477441315e+01
1.342126033706688872e+02 7.626198576363445625e+01 6.027289856589553096e+01
1.340802627446875306e+02 7.623084371401654380e+01 6.020770962001465421e+01
1.338697529571862219e+02 7.598974144247880247e+01 6.015026693185387074e+01
1.334039568721867397e+02 7.542282529048466699e+01 5.962121846540353687e+01
1.334543860567360980e+02 7.551855438082277772e+01 5.969103946404270999e+01
1.339087982832618025e+02 7.601575421333612326e+01 6.018392128127290164e+01
1.337217104574479265e+02 7.600881921909348193e+01 6.018528211033183339e+01
1.332771904113890855e+02 7.568661676960117290e+01 5.974201821417355518e+01
1.328586046268187886e+02 7.515817020831153172e+01 5.934900031403747533e+01
1.323166544540981988e+02 7.464456191772218574e+01 5.893954778603580280e+01
1.329466136292264196e+02 7.474390243902439579e+01 5.921179210719145658e+01
1.330846592693394825e+02 7.482557835235004973e+01 5.914293939076729600e+01
1.329582330158065417e+02 7.465662619072543293e+01 5.887891238354443857e+01
1.330963833350779737e+02 7.487899089291322241e+01 5.887150633308907999e+01
1.331864859206532117e+02 7.496433057678216016e+01 5.901855438082277772e+01
1.330655291531456044e+02 7.490450643776823370e+01 5.901426253532921606e+01
1.333546791583795539e+02 7.516199099759238322e+01 5.912893855333403081e+01
1.333548885166963203e+02 7.529103423008479012e+01 5.918871035276876569e+01
1.334104993195854831e+02 7.539678634983775396e+01 5.909934052130221005e+01
1.337705956244111860e+02 7.572498168114728401e+01 5.952067413377996274e+01
1.338922328064482485e+02 7.610897100387312264e+01 5.968297916884748133e+01
1.335395948916570603e+02 7.585949439966502439e+01 5.961499005547995722e+01
1.333817910603998769e+02 7.589812100910708637e+01 5.953653302627446919e+01
1.332532188841201730e+02 7.587150633308908709e+01 5.938184339997906136e+01
1.331506071391185912e+02 7.574034334763948095e+01 5.941555008897728385e+01
1.333419083010572592e+02 7.599895320841621071e+01 5.957212394012351808e+01
1.330726211661258276e+02 7.583400502459960535e+01 5.965228200565267258e+01
1.322405265361666409e+02 7.559044279283995138e+01 5.947294043755888282e+01
1.322203234585993812e+02 7.569873338218360459e+01 5.951232597089919096e+01
1.317484821522035077e+02 7.550690882445304908e+01 5.933376949649324672e+01
1.315303307861404676e+02 7.540293625039254266e+01 5.936828744896890697e+01
1.310259080916989376e+02 7.535810740081649328e+01 5.940199413796712946e+01
1.293721605778289643e+02 7.435467915837956809e+01 5.862242227572490094e+01
1.284096880561080241e+02 7.370242332251648065e+01 5.799489689102899348e+01
1.287635559510101473e+02 7.411818276981053089e+01 5.835465298858996874e+01
1.292722443211556538e+02 7.461156181304302493e+01 5.876559719459855557e+01
1.291396419972783463e+02 7.465222966607348098e+01 5.875177954569245031e+01
1.283628179629435806e+02 7.421234167277295057e+01 5.831898356537213601e+01
1.274327959803203214e+02 7.343886737150633337e+01 5.766468648592065449e+01
1.271121637182037034e+02 7.310392023448130772e+01 5.743282215010991365e+01
1.278503349733068148e+02 7.361046268188003694e+01 5.797037579817857988e+01
1.287664607976551849e+02 7.418352873442897533e+01 5.836187585051816029e+01
1.289985868313618766e+02 7.430443316235736972e+01 5.837810112006699370e+01
1.283047210300429128e+02 7.367962943577933288e+01 5.780207788129383317e+01
1.275733800900240738e+02 7.313372762482990197e+01 5.717646289123835146e+01
1.277154297079451482e+02 7.327569873338218542e+01 5.719041138909243216e+01
1.284239767612268395e+02 7.390060713911860546e+01 5.772417041766983914e+01
1.281575421333612610e+02 7.387192504972260565e+01 5.762896472312362306e+01
1.276402962420182092e+02 7.355778289542551818e+01 5.734096618863184602e+01
1.271329687009316416e+02 7.332549984298125878e+01 5.705037684497016670e+01
1.249929341568093832e+02 7.204948707212393799e+01 5.599157332775044438e+01
1.229255992881817292e+02 7.082385114623679101e+01 5.500392546843923469e+01
1.222916884748246673e+02 7.047901182874490189e+01 5.481545064377682053e+01
1.219707683450225062e+02 7.052596043127813630e+01 5.479509054747200025e+01
1.225105202554171484e+02 7.106000732754108640e+01 5.514181408981471577e+01
1.223377211347220737e+02 7.102747827907464284e+01 5.509920967235423461e+01
1.213637339055793944e+02 7.052182560452213522e+01 5.472215534387103730e+01
1.210285512404480244e+02 7.044363027321260518e+01 5.462032869255731526e+01
1.223847744164136913e+02 7.136692661990997522e+01 5.545629645137653085e+01
1.234443891971108513e+02 7.201960117240656700e+01 5.604480267978645713e+01
1.242796503716110124e+02 7.245545901810949374e+01 5.647516486967445104e+01
1.248237988066575923e+02 7.297445828535538226e+01 5.686512090442792555e+01
1.252474091908301119e+02 7.319420600858369141e+01 5.717376740291008019e+01
1.261425206741337774e+02 7.366848110541191375e+01 5.750295718622422214e+01
1.266124254160996543e+02 7.405019365644299967e+01 5.796197529571862361e+01
1.263942478802470362e+02 7.393151366063017349e+01 5.782018737569350009e+01
1.264391290694022842e+02 7.399222757249032156e+01 5.790534387103527791e+01
1.264429236888935435e+02 7.408408353396838208e+01 5.790209881712551265e+01
1.259917303464880121e+02 7.387561499005548171e+01 5.764047943054537626e+01
1.260836386475452713e+02 7.393936459750864287e+01 5.783554904218570414e+01
1.263206322621166180e+02 7.406529362503925995e+01 5.794177221815136392e+01
1.258898775253846907e+02 7.370674133779964166e+01 5.766766984193446888e+01
1.262065319794828895e+02 7.385645870407202551e+01 5.779898984612163559e+01
1.267572228619281844e+02 7.416730346488014902e+01 5.810261174500156756e+01
1.274892180466869007e+02 7.449607453156076531e+01 5.817855647440594424e+01
1.278512509159426429e+02 7.470407201926096263e+01 5.846621480163299367e+01
1.280676227363132114e+02 7.476695802365749444e+01 5.845718622422275956e+01
1.282798073903485943e+02 7.486637705432848122e+01 5.864450957814299414e+01
1.294272218151366189e+02 7.582712236993614852e+01 5.926036323667957362e+01
1.302383021040510869e+02 7.644318538678949437e+01 5.983390034544122216e+01
1.303035172197215559e+02 7.636823510938971538e+01 5.977705956244111718e+01
1.301466293311001721e+02 7.634682822150109871e+01 5.977776614676017886e+01
1.300395687218674823e+02 7.643057154820475319e+01 5.983782581388045685e+01
1.295118810844760731e+02 7.633492096723541920e+01 5.989631529362503670e+01
1.290021197529571850e+02 7.647772950905475398e+01 5.988752224432115412e+01
1.282837328587878289e+02 7.633018423531875385e+01 5.977138071809902442e+01
1.279102899612687168e+02 7.603833874175651886e+01 5.953640217732649376e+01
1.285317701245681974e+02 7.647929969643044501e+01 5.991332565686171563e+01
1.292241965874594314e+02 7.681390662619072884e+01 6.035931121113786446e+01
1.296100701350361248e+02 7.709601695802365384e+01 6.070846854391290748e+01
1.302180728566942207e+02 7.757440071181827079e+01 6.112030252276771591e+01
1.306714382916361217e+02 7.773047733696220973e+01 6.117907987019784599e+01
1.307366795770961971e+02 7.753305244425834530e+01 6.119776509996859915e+01
1.310757615408772097e+02 7.765236051502145642e+01 6.124939809483931441e+01
1.312810112006699512e+02 7.772657803831256729e+01 6.138108447608081519e+01
1.310528891447712851e+02 7.754375588820265364e+01 6.130935308280121632e+01
1.308937506542447409e+02 7.750983984088767897e+01 6.123524023866848154e+01
1.301182351093897296e+02 7.683997173662723412e+01 6.088317805924840087e+01
1.292891238354443715e+02 7.613469590704490031e+01 6.010829058934366032e+01
1.290175860986077794e+02 7.607487176803098805e+01 6.002554171464461774e+01
1.289043755888202725e+02 7.612658327227049426e+01 6.000876687951429034e+01
1.289267769287134797e+02 7.621631948079136976e+01 6.022176279702711099e+01
1.295330262744687673e+02 7.676287553648069206e+01 6.074644090861509227e+01
1.293359677588192085e+02 7.668509892180466636e+01 6.044873338218360459e+01
1.285849209672354334e+02 7.621252486130011050e+01 6.003273840678320994e+01
1.281060923270176772e+02 7.595668899822045717e+01 5.981194389197111150e+01
1.284663194807913840e+02 7.630532293520360554e+01 5.992036533026274725e+01
1.293654872814822454e+02 7.692486653407306108e+01 6.050099445200460480e+01
1.301192033916047421e+02 7.743373809274572750e+01 6.099039568721867255e+01
1.296001779545692330e+02 7.709690673086988966e+01 6.074413796713074731e+01
1.289855804459332091e+02 7.662592902753061708e+01 6.025957814299172810e+01
1.290725949963362211e+02 7.667716947555742024e+01 6.029524756620956794e+01
1.294330315084266658e+02 7.674487072123940834e+01 6.041186014864440779e+01
1.296644247880247178e+02 7.687938343975714872e+01 6.041497435360619761e+01
1.296108028891447645e+02 7.698395791897833362e+01 6.047184130639589483e+01
1.291062493457552591e+02 7.652357898042500040e+01 6.024738302104051257e+01
1.291526222129174073e+02 7.676549251544017238e+01 6.028009525803412316e+01
1.299235580445933351e+02 7.751352978122055504e+01 6.091772218151366047e+01
1.300568407830000979e+02 7.768928608813985193e+01 6.108735475766774670e+01
1.299354391290694082e+02 7.779875431801528407e+01 6.117549460902334602e+01
1.297883125719669124e+02 7.768711399560348241e+01 6.096956453470114212e+01
1.290526797864545188e+02 7.713480058620328350e+01 6.050149167800690719e+01
1.286920600858369141e+02 7.695022506019051889e+01 6.037121846540353687e+01
1.286579346802051589e+02 7.711169266199100036e+01 6.033819219093478381e+01
1.288131738720820749e+02 7.718151366063017349e+01 6.048298963676332107e+01
1.291756516277609137e+02 7.740547471998324625e+01 6.062111378624516078e+01
1.292854338951114812e+02 7.754705328169161760e+01 6.063009002407620329e+01
1.289984821522035077e+02 7.729925154401757936e+01 6.050068041452946943e+01
1.292726630377891865e+02 7.761344603789385133e+01 6.078980424997382670e+01
1.297877891761750107e+02 7.827692871349314885e+01 6.122670888726054983e+01
1.301286245158588883e+02 7.893033602009839456e+01 6.174573432429603059e+01
1.300829582330158019e+02 7.903828640217732016e+01 6.185399874385009866e+01
1.290138176489060982e+02 7.840406155134512289e+01 6.133473777870825927e+01
1.274211242541610005e+02 7.727234900031403697e+01 6.022260023029414810e+01
1.275638019470323457e+02 7.729467183083848170e+01 6.013260232387731463e+01
1.289817858264419499e+02 7.851667015597195132e+01 6.116157228095885756e+01
1.306237307652046411e+02 7.983206846016958025e+01 6.244276667015596871e+01
1.317688160787187144e+02 8.077802784465612262e+01 6.301402700722286454e+01
1.315658170208311617e+02 8.030118810844760446e+01 6.263629226421019780e+01
1.305189469276666898e+02 7.923032031822464205e+01 6.191829791688474671e+01
1.299033549670260754e+02 7.879836177117135776e+01 6.149523709829372820e+01
1.297860881398513584e+02 7.864615827488746902e+01 6.142839945566837656e+01
1.304529990578875811e+02 7.903082801214277708e+01 6.172843609337380855e+01
1.311470480477337048e+02 7.946451376530932009e+01 6.199549879618967907e+01
1.307644195540667909e+02 7.901449806343556759e+01 6.169802679786454291e+01
1.300693237726368636e+02 7.847634251020622287e+01 6.124233225164869765e+01
1.303613262849366663e+02 7.878797236470218479e+01 6.136459750863603091e+01
1.306643724484455049e+02 7.922966607348476487e+01 6.175630691929237059e+01
1.303599916256673339e+02 7.889129069402281402e+01 6.174073589448340726e+01
1.302836543494190380e+02 7.899026483827070422e+01 6.190523919187689472e+01
1.299383178059248394e+02 7.873416727729508580e+01 6.177541086569664230e+01
1.294977232283052331e+02 7.834682822150109871e+01 6.136823510938972248e+01
1.296332565686171847e+02 7.853708259185596319e+01 6.166931853867895086e+01
1.295174290798701975e+02 7.862757772427509906e+01 6.181508426672249357e+01
1.290250706584319005e+02 7.854980110959907336e+01 6.163121532502878352e+01
1.284611116926620014e+02 7.839689102899612294e+01 6.151635611849680885e+01
1.281186276562336559e+02 7.845218779441013623e+01 6.143345022506019149e+01
1.277891238354443573e+02 7.825683031508427234e+01 6.134635716528838856e+01
1.277792054851879016e+02 7.848958442374123479e+01 6.155351721972155588e+01
1.267353972574060492e+02 7.798115775149167916e+01 6.107165288391081504e+01
1.250719669213859504e+02 7.675384695907044375e+01 5.994747723228304892e+01
1.241208259185596177e+02 7.616942321783733405e+01 5.930686695278969722e+01
1.241060138176489005e+02 7.626167172615932088e+01 5.938864754527373435e+01
1.249169370878258150e+02 7.703286925573118538e+01 6.022778184863393847e+01
1.257035747932586673e+02 7.796448759551972785e+01 6.100994452004606217e+01
1.252165026693185439e+02 7.760386789490212323e+01 6.082560452213964197e+01
1.237878153459646171e+02 7.635844760808123510e+01 5.971359782267350624e+01
1.228519575002617046e+02 7.545310373704595008e+01 5.898683659583377192e+01
1.231005181618339748e+02 7.553004291845493867e+01 5.905129278760598766e+01
1.244525803412540625e+02 7.666476499528943123e+01 5.990086883701454923e+01
1.256052810635402466e+02 7.770454307547367989e+01 6.078485815974039497e+01
1.250607139118601481e+02 7.702012456819846875e+01 6.032126033706688872e+01
1.241430179001360870e+02 7.603692557311839550e+01 5.950062807495027783e+01
1.244832251648696797e+02 7.620794514812101283e+01 5.955482570920129604e+01
1.253043284831990007e+02 7.694373495237098837e+01 6.030655291531456186e+01
1.260945776195959382e+02 7.782037056422066712e+01 6.096163508845388890e+01
1.264542813775777290e+02 7.825607139118601197e+01 6.134913116298545077e+01
1.262287763006385433e+02 7.814409086150946848e+01 6.113105830629121584e+01
1.262084685439129004e+02 7.803485815974039497e+01 6.115940018842248804e+01
1.265242855647440621e+02 7.822717994347325998e+01 6.138566418925991997e+01
1.267165026693185439e+02 7.822231236260860499e+01 6.148254475034021027e+01
1.268030199937192464e+02 7.814194493876269121e+01 6.142936773788338911e+01
1.270983984088767897e+02 7.830061237307651822e+01 6.148518789908928994e+01
1.275903119438919759e+02 7.884947137025018549e+01 6.189126452423322178e+01
1.281972155343871123e+02 7.943263896158275372e+01 6.254113890924316621e+01
1.282579294462472603e+02 7.948667957709619714e+01 6.260122474615304355e+01
1.275228723961059387e+02 7.879791688474824696e+01 6.199822045430754969e+01
1.269456715168009993e+02 7.844936145713388953e+01 6.174986915105202456e+01
1.266857269967549513e+02 7.843666910918035740e+01 6.168222024494922806e+01
1.264358840154925190e+02 7.823623469067308633e+01 6.158599392860881494e+01
1.266961164032241243e+02 7.810138176489060413e+01 6.152685020412435790e+01
1.268688108447608016e+02 7.800136082905893886e+01 6.152138071809902442e+01
1.268894588087511721e+02 7.777839422171045669e+01 6.140212498691510490e+01
1.270831414215429760e+02 7.792507589238982746e+01 6.157625876687951205e+01
1.272447922118706174e+02 7.806832932063225883e+01 6.168928608813985193e+01
1.268932010886632469e+02 7.773437663561185218e+01 6.150952580341254361e+01
1.267810373704595435e+02 7.754930388359677806e+01 6.129820475243379008e+01
1.264011043651209008e+02 7.715764681251962998e+01 6.092578247670888913e+01
1.259413796713074447e+02 7.676342510206218606e+01 6.046867476185491341e+01
1.258009264105516536e+02 7.660193133047209813e+01 6.036433581074008003e+01
1.257007746257720129e+02 7.660763634460379023e+01 6.046234167277295057e+01
1.254334502250601844e+02 7.650601905160682747e+01 6.046194912592902426e+01
1.257660682508112586e+02 7.694315921699990213e+01 6.080752119752957441e+01
1.258237464670784078e+02 7.716636135245472872e+01 6.085483617711713578e+01
1.253494975400397777e+02 7.672916884748246957e+01 6.056678530304616004e+01
1.253247670888726049e+02 7.662435884015492604e+01 6.051109599078823464e+01
1.252327541086569624e+02 7.643596252486129572e+01 6.036951742907987040e+01
1.248097979692243342e+02 7.613859520569454276e+01 6.001585889249450645e+01
1.247369412749921480e+02 7.630736417879199962e+01 6.022906416832408638e+01
1.245746885795038139e+02 7.634949754003977773e+01 6.025575735371087660e+01
1.245800795561603707e+02 7.620451690568407344e+01 6.016361352454726585e+01
1.242572490317177909e+02 7.594729404375588899e+01 5.995336543494190096e+01
1.236756516277609137e+02 7.565434941903066601e+01 5.957945148121009282e+01
1.235405631738720871e+02 7.544302836805192669e+01 5.948788338741756831e+01
1.236129488118915560e+02 7.554613733905578954e+01 5.957222861928190127e+01
1.236430702397152714e+02 7.529663456505809904e+01 5.931683764262535163e+01
1.235344917826860609e+02 7.474183502564639525e+01 5.893986182351093817e+01
1.237743117345336543e+02 7.472388254998429602e+01 5.891973725531246942e+01
1.237422799120695061e+02 7.461080288914476455e+01 5.889074112844132713e+01
1.231757301371296904e+02 7.438309954987961703e+01 5.866214801632995091e+01
1.226074008164974316e+02 7.416858578457029694e+01 5.844849785407725307e+01
1.219862608604626786e+02 7.365526536166649407e+01 5.805723332984403129e+01
1.216473620852088402e+02 7.316981576468124615e+01 5.765827488746990781e+01
1.219397048047733705e+02 7.316874280330786462e+01 5.756398513555951268e+01
1.224649063121532464e+02 7.330056003349733373e+01 5.768965246519417889e+01
1.229483408353396783e+02 7.353394221710458112e+01 5.789806866952789477e+01
1.232189887993300488e+02 7.382392965560556775e+01 5.819376112216058061e+01
1.228869726787396672e+02 7.358602009839840719e+01 5.789495446456610495e+01
1.229365905998115807e+02 7.361509473463833331e+01 5.797712760389406128e+01
1.233799330053386427e+02 7.400478907149586405e+01 5.828127289856589499e+01
1.231438291636135176e+02 7.378511985763634584e+01 5.816992044383962934e+01
1.231085261174500118e+02 7.370603475348057998e+01 5.805527059562441394e+01
1.233620852088349267e+02 7.412954045849471640e+01 5.824973830210404913e+01
1.237325970899193948e+02 7.447016643986182771e+01 5.870522349000314222e+01
1.240447503402072584e+02 7.486381241494818539e+01 5.901695802365748733e+01
1.240825133465926911e+02 7.502022924735685194e+01 5.918185386789490110e+01
1.233179891133675312e+02 7.428637600753690151e+01 5.869928294776509858e+01
1.230829058934366174e+02 7.415476813566418457e+01 5.833989322725845028e+01
1.244503559091384943e+02 7.511726682717470283e+01 5.925604522139641972e+01
1.254058149272479881e+02 7.585747932586622255e+01 5.976318957395582743e+01
1.255000000000000000e+02 7.591599497540039465e+01 5.975023552810635152e+01
1.252507589238982462e+02 7.572401339893227146e+01 5.948845912278865455e+01
1.249171202763529749e+02 7.530351721972155588e+01 5.916382288286402513e+01
1.251037108761645555e+02 7.531840783000104977e+01 5.923845912278865455e+01
1.256962472521720855e+02 7.537187271014340695e+01 5.955741651837119122e+01
1.256666753899298641e+02 7.530736417879199962e+01 5.940256987333821570e+01
1.251609180362189875e+02 7.519305453784151894e+01 5.930524442583481459e+01
1.248782319690149620e+02 7.512488223594682779e+01 5.921974772322830205e+01
1.245984245786663820e+02 7.486632471474929673e+01 5.889409086150947559e+01
1.243936198052967654e+02 7.470189992672459312e+01 5.866481733486862993e+01
1.237725583586308034e+02 7.454145294671830868e+01 5.879362503925468530e+01
1.231842614885376292e+02 7.409782267350570351e+01 5.832816916151994491e+01
1.234208363864754574e+02 7.444813147702292611e+01 5.854634669737255592e+01
1.236305872500785057e+02 7.480296765414006188e+01 5.893133047210300646e+01
1.236099131162985429e+02 7.477038626609441963e+01 5.904480267978645713e+01
1.233077567256359259e+02 7.486192819009734478e+01 5.921762797027111702e+01
1.224347063749607400e+02 7.460344917826860467e+01 5.911394326389616083e+01
1.204624725217209260e+02 7.306898356537213601e+01 5.776816183397885140e+01
1.185299644090861477e+02 7.163228828640217216e+01 5.653805087407097574e+01
1.170124829896367658e+02 7.069865487281482785e+01 5.569792211870616683e+01
1.164869412749921480e+02 7.009606929760285254e+01 5.540076415785617314e+01
1.175189469276667040e+02 7.058510415576259334e+01 5.572778184863393847e+01
1.189928818172301845e+02 7.126860672040196221e+01 5.626596357165288254e+01
1.191906207474091843e+02 7.125159635716528328e+01 5.624811577514916650e+01
1.179846906730869875e+02 7.056568617188317205e+01 5.570127185177431528e+01
1.159136658641264574e+02 6.924756620956767961e+01 5.471399036951743255e+01
1.137442426462891234e+02 6.774186119543598750e+01 5.343732335392023458e+01
1.131961425730137165e+02 6.725685648487386459e+01 5.300141316863812335e+01
1.136552915314560863e+02 6.728891447712760510e+01 5.287993300533863561e+01
1.149654035381555559e+02 6.778169161519942065e+01 5.324675494609023474e+01
1.163300010467915797e+02 6.856911441432011145e+01 5.394883806134198778e+01
1.163181984716842834e+02 6.859575526012770297e+01 5.393902439024390105e+01
1.149227467811158760e+02 6.777915314560870286e+01 5.325845284203914787e+01
1.137362870302522708e+02 6.720914895844236980e+01 5.271611012247461758e+01
1.129205485187899143e+02 6.673783104783836961e+01 5.229142677692871644e+01
1.126421542970794576e+02 6.643975714435255497e+01 5.209316445095781489e+01
1.127922642101957535e+02 6.657183607243797496e+01 5.205752119752957441e+01
1.121949125929027531e+02 6.634251020621793771e+01 5.178286925573118538e+01
1.108664032241180735e+02 6.559096618863183892e+01 5.117169998953208676e+01
1.097697843609337411e+02 6.497403956872186370e+01 5.063812414948183971e+01
1.087839160473149747e+02 6.447451062493458096e+01 5.023856380194703064e+01
1.084183764262535306e+02 6.420912278865277756e+01 5.005561080288914155e+01
1.092934680205171105e+02 6.452308175442269089e+01 5.035091070867790108e+01
1.098448393174918891e+02 6.453983041976341894e+01 5.023278027844656179e+01
1.094614257301371367e+02 6.425983984088767897e+01 4.968057154820475319e+01
1.089481576468125184e+02 6.400989218046686346e+01 4.939170941065633968e+01
1.082128388987752601e+02 6.345891343033601828e+01 4.890228200565267258e+01
1.078843556997801727e+02 6.323246624097141932e+01 4.873055584633099357e+01
1.083656181304302351e+02 6.353886213754841350e+01 4.895797131791060508e+01
1.088966293311001721e+02 6.361875850518161712e+01 4.900722286192819155e+01
1.098943263896158271e+02 6.396930283680519125e+01 4.920153354967025905e+01
1.105403276457657284e+02 6.429626818800376498e+01 4.951661781639275972e+01
1.096404270909661847e+02 6.373728148225688273e+01 4.901567570396733942e+01
1.082519365644300251e+02 6.290649534177745039e+01 4.842023448131477181e+01
1.081478593112111355e+02 6.300562650476290116e+01 4.842667224955511074e+01
1.092388516696325809e+02 6.357918978331414195e+01 4.883766879514288917e+01
1.104830158065529133e+02 6.428880979796922190e+01 4.940113053491050010e+01
1.105158065529153077e+02 6.439518999267245647e+01 4.948309431592169716e+01
1.092523291112739514e+02 6.384996859625248788e+01 4.908591541924003110e+01
1.077493719250497293e+02 6.318884120171674112e+01 4.863924945043441994e+01
1.071852297707526418e+02 6.300209358316759278e+01 4.853689940332879615e+01
1.066343556997801727e+02 6.252703339265152493e+01 4.822670888726054983e+01
1.060233696221082340e+02 6.216667538992986408e+01 4.790898147178896949e+01
1.063743065005757416e+02 6.231278132523814861e+01 4.790429707945148152e+01
1.075240238668481112e+02 6.295310373704595719e+01 4.829953941170312959e+01
1.084924107610174815e+02 6.354221187061656195e+01 4.899657175756306771e+01
1.078339526850204066e+02 6.334580759970690167e+01 4.877852507065843213e+01
1.057124725217209260e+02 6.224146864859206829e+01 4.777517533759028368e+01
1.041873756934994191e+02 6.134855542761436453e+01 4.692782372029729032e+01
1.042674814194493820e+02 6.137640008374332723e+01 4.704307547367319131e+01
1.049860515021459264e+02 6.154464566104888235e+01 4.736454516905683931e+01
1.066909086150947417e+02 6.236972678739662967e+01 4.808086464984821617e+01
1.085895530199937156e+02 6.337857217627970385e+01 4.888197424892703680e+01
1.092391133675285317e+02 6.370496179210719134e+01 4.925321888412017302e+01
1.098117345336543451e+02 6.418381660211451845e+01 4.970702920548518478e+01
1.103910551659164696e+02 6.450217209253636952e+01 5.008437140165393231e+01
1.103155029833560121e+02 6.467180466869046995e+01 4.997678739662933367e+01
1.110321103318329250e+02 6.517230189469276525e+01 5.050157018737569103e+01
1.115592222338532338e+02 6.554532607557835888e+01 5.082351093897204919e+01
1.116383335077985919e+02 6.565191562859834562e+01 5.084900031403747533e+01
1.116382288286402229e+02 6.570854705328169132e+01 5.093496807285669092e+01
1.109246048361771102e+02 6.553012142782371541e+01 5.081503192714330908e+01
1.094536009630482596e+02 6.466023762168951805e+01 5.013432952999058045e+01
1.083398408876792587e+02 6.399371925049722876e+01 4.961135245472626565e+01
1.081611535643253461e+02 6.385287344289751843e+01 4.952771380718098726e+01
1.087152203496283960e+02 6.403022610698209860e+01 4.973196901496911693e+01
1.100240762064272957e+02 6.459065215115670355e+01 5.011260860462682132e+01
1.106581963781011240e+02 6.502007222861928426e+01 5.040602428556474734e+01
1.108483984088767897e+02 6.499607453156076531e+01 5.048853763215743840e+01
1.111749450434418520e+02 6.516424159949754369e+01 5.068850099445200641e+01
1.120498011095990734e+02 6.532727938867371620e+01 5.089573955825395046e+01
1.123329844028054083e+02 6.516884748246624781e+01 5.097636867999581511e+01
1.126985240238668524e+02 6.535392023448130772e+01 5.084881712551030830e+01
1.127822673505705069e+02 6.543779441013293763e+01 5.102339579189783336e+01
1.122388778394221731e+02 6.514270386266093738e+01 5.081717784989008635e+01
1.120108342928922838e+02 6.512176803098503797e+01 5.075871453993509874e+01
1.117251648696744439e+02 6.490932167905370420e+01 5.068724484455145074e+01
1.113623992463100620e+02 6.475104679158378929e+01 5.043313618758504902e+01
1.116226054642520609e+02 6.495820684601696371e+01 5.055927457343243248e+01
1.119190306709934077e+02 6.524311734533654317e+01 5.077038626609441963e+01
1.117687899089291363e+02 6.515372134408039528e+01 5.074908405736417905e+01
1.116049146864859267e+02 6.511820893960012313e+01 5.063440803935936430e+01
1.112741285460064944e+02 6.484222233853239459e+01 5.034829372971841366e+01
1.109816026379147900e+02 6.479647754632053136e+01 5.036501622526954947e+01
1.114814979587564068e+02 6.520347011410028415e+01 5.077407620642730279e+01
1.116923479535224573e+02 6.534661886318434654e+01 5.086315817020830821e+01
1.118449178268606659e+02 6.545802365748978957e+01 5.099131162985449350e+01
1.121878205799225441e+02 6.579388673715062907e+01 5.109583376949649391e+01
1.125779598032031856e+02 6.581322621166125941e+01 5.127326494294985793e+01
1.129598555427614315e+02 6.588186956976865361e+01 5.143823929655605554e+01
1.132699152098817166e+02 6.616314246833455570e+01 5.159941903067099389e+01
1.131006490107819502e+02 6.598387940960954268e+01 5.141034230084790124e+01
1.131515230817544193e+02 6.600154401758609879e+01 5.149926724589134608e+01
1.139097927352664072e+02 6.652818486339370452e+01 5.191288077043860483e+01
1.144307285669423209e+02 6.683591541924002399e+01 5.223335601381764803e+01
1.149226944415366916e+02 6.708910813357060476e+01 5.242774521092850648e+01
1.154276667015597155e+02 6.743651209044278971e+01 5.255299382392965413e+01
1.153584476080812351e+02 6.725583586307966755e+01 5.242470951533549339e+01
1.146626452423322462e+02 6.692750968282214785e+01 5.226384381869569751e+01
1.142227049094525313e+02 6.675570501413169211e+01 5.212113995603475303e+01
1.143474562964513694e+02 6.680053386370774149e+01 5.212632157437454339e+01
1.152034962838898764e+02 6.725455354338950542e+01 5.244284517952475966e+01
1.153797498168114686e+02 6.741306395896576475e+01 5.245804982727938892e+01
1.145714696953836551e+02 6.692578247670888913e+01 5.207426986287030246e+01
1.140653983041976289e+02 6.669559300743222252e+01 5.190277923165497498e+01
1.140441746048361722e+02 6.688558567989113612e+01 5.202070030356956210e+01
1.137313671098084313e+02 6.685146027425939508e+01 5.191363969433685810e+01
1.134092169998953210e+02 6.668920757877106098e+01 5.177637914791164775e+01
1.135774102376216916e+02 6.682594472940436958e+01 5.182741023762169164e+01
1.139550141316863829e+02 6.697783418821312296e+01 5.213859520569454276e+01
1.144903433476394810e+02 6.745415052862975358e+01 5.250070658431906168e+01
1.148452842039149999e+02 6.753305244425834530e+01 5.257887574583900658e+01
1.152288548100073342e+02 6.749942426462891376e+01 5.252991206950696323e+01
1.161438553334031241e+02 6.794075159635715977e+01 5.292837328587878432e+01
1.175557678216267163e+02 6.854166230503506085e+01 5.346786349837747565e+01
1.180329477650999621e+02 6.860614466659687594e+01 5.351905160682508011e+01
1.179113367528525060e+02 6.860323981995185250e+01 5.344268816078718487e+01
1.172882602323877279e+02 6.848623469067308633e+01 5.341217418611954315e+01
1.168114204961792097e+02 6.829378205799226009e+01 5.327394535747932736e+01
1.169185857845702969e+02 6.840126138385846843e+01 5.333374332670365447e+01
1.172353972574060492e+02 6.854734114937716072e+01 5.337302418088558653e+01
1.175321103318329250e+02 6.838856903590495051e+01 5.330987647859311096e+01
1.178935936355071732e+02 6.855456401130534516e+01 5.335690359049512921e+01
1.176969276667015549e+02 6.829775986601067927e+01 5.323230922223385164e+01
1.167139118601486416e+02 6.745619177221814766e+01 5.255613419868104330e+01
1.159090599811577533e+02 6.693918140898146873e+01 5.211014864440490157e+01
1.156486182351093959e+02 6.684408039359362874e+01 5.192934156809378976e+01
1.156773003245053957e+02 6.692057468857950653e+01 5.210182665131372204e+01
1.166936826127917897e+02 6.770752643148749428e+01 5.297919501727206182e+01
1.177352664084580738e+02 6.833552287239611189e+01 5.341620433371715393e+01
1.182150633308908141e+02 6.838315188945881573e+01 5.359376635611849338e+01
1.189025437035486306e+02 6.849837747304511026e+01 5.373581597403956778e+01
1.193232492410760983e+02 6.840945252800167964e+01 5.380247042813775948e+01
1.198074165183711983e+02 6.863550717052234518e+01 5.385920653197948127e+01
1.209698785721762846e+02 6.929757667748351935e+01 5.450871453993509874e+01
1.219889563487909498e+02 6.966201716738197547e+01 5.487090442792840150e+01
1.223334554590181114e+02 6.965589343661676480e+01 5.478682089396001231e+01
1.230625981367109745e+02 7.000455354338950542e+01 5.506822464147388274e+01
1.239270386266094448e+02 7.055919606406364153e+01 5.557578771066680901e+01
1.244140584109703696e+02 7.077213964199728480e+01 5.575656861718831436e+01
1.251039725740605064e+02 7.118054537841516094e+01 5.600774625772008619e+01
1.253382707003035677e+02 7.132398199518475224e+01 5.628391604731498177e+01
1.253548623469067280e+02 7.149089291322097495e+01 5.636933424055270336e+01
1.251821417355804442e+02 7.169232178373286501e+01 5.636156181304302493e+01
1.245658955301999384e+02 7.160944206008583990e+01 5.608916047314979636e+01
1.239133256568617156e+02 7.136153564325343268e+01 5.571412121846540089e+01
1.236677483513032598e+02 7.133664817334869213e+01 5.569567151680100636e+01
1.239193970480477276e+02 7.148741233120485106e+01 5.582536899403329045e+01
1.243695174290798633e+02 7.173584214382916002e+01 5.604998429812624039e+01
1.249381346173976794e+02 7.220535433895111055e+01 5.638762692347953731e+01
1.250855228723961119e+02 7.230710248089604875e+01 5.641324714749293179e+01
1.250346226316340363e+02 7.230181618339788940e+01 5.646802051711504333e+01
1.250788495760494072e+02 7.240756830315083903e+01 5.661085522872396325e+01
1.253744111797341105e+02 7.260865696639798728e+01 5.663660630168533316e+01
1.264442321783732837e+02 7.305875117764053073e+01 5.715089500680414858e+01
1.279260703443944323e+02 7.395734324296032014e+01 5.795189992672458601e+01
1.286926881607871849e+02 7.462310269025437037e+01 5.851625143933842566e+01
1.286510258557521240e+02 7.488069192923688888e+01 5.868651209044278971e+01
1.281602899612687168e+02 7.487441117973411053e+01 5.862396629331099973e+01
1.276212446351931362e+02 7.468428765832722149e+01 5.852941484350466084e+01
1.270304092955092585e+02 7.427760912802260407e+01 5.825672563592588915e+01
1.262983617711713578e+02 7.380513974667643140e+01 5.788508845388883373e+01
1.251139694336857531e+02 7.298968910289961798e+01 5.726012770857322209e+01
1.244126714121218527e+02 7.263362294567151878e+01 5.691343033602009882e+01
1.245759447294043696e+02 7.289634146341462895e+01 5.703967340102585837e+01
1.251510258557521240e+02 7.323906102794933304e+01 5.737564115984507396e+01
1.257962681880037650e+02 7.370765728043546972e+01 5.781877420705537673e+01
1.259992934156809383e+02 7.402402386684811120e+01 5.796901496911964813e+01
1.251654715796084929e+02 7.354841411075055646e+01 5.759554590181095080e+01
1.241655500889772838e+02 7.302156390662618435e+01 5.725554799539411732e+01
1.232653354967026047e+02 7.265406155134512289e+01 5.688459122788653133e+01
1.228253689940332833e+02 7.238396315293624639e+01 5.660405108342929026e+01
1.232622474615304071e+02 7.277522767716948238e+01 5.698086988380613604e+01
1.236659426358212102e+02 7.332513346592693892e+01 5.760172197215534595e+01
1.231461059353082845e+02 7.320255417146445609e+01 5.747545273735999416e+01
1.226318695697686536e+02 7.277823720297288901e+01 5.732254265675703664e+01
1.224940594577619635e+02 7.268661676960117290e+01 5.724042185700827190e+01
1.223543127813252340e+02 7.233659583376949342e+01 5.706995184758714856e+01
1.223072333298440242e+02 7.229239505914372899e+01 5.701897309745629627e+01
1.224608761645556427e+02 7.240521302208729537e+01 5.704770752643148768e+01
1.222708049827279382e+02 7.230427614361980204e+01 5.692402910080603107e+01
1.219925154401758647e+02 7.194551449806343157e+01 5.667316549774939460e+01
1.215512404480268032e+02 7.140432324924107377e+01 5.644959698524024105e+01
1.212429079870197910e+02 7.120807599706898827e+01 5.604011828744896917e+01
1.211153302627446919e+02 7.118033602009839456e+01 5.601373913953732142e+01
1.204181932377263706e+02 7.077038626609441963e+01 5.582450539097665398e+01
1.192130220873024200e+02 7.009559824139013529e+01 5.527386684811054351e+01
1.187626923479535179e+02 6.998992463100596240e+01 5.500041871663351856e+01
1.187232544750340253e+02 6.996830838480057935e+01 5.482780278446561084e+01
1.182749136396943328e+02 6.968010049199205014e+01 5.449675494609023474e+01
1.180201245681984688e+02 6.956094943996650670e+01 5.425774625772008619e+01
1.180422118706165548e+02 6.945496179210719845e+01 5.413262849366691398e+01
1.178670051292787662e+02 6.924832513346592577e+01 5.399356223175965397e+01
1.179589396001256176e+02 6.959714225897623407e+01 5.431749188736522882e+01
1.174743536061970133e+02 6.956395896576991333e+01 5.425010467915837609e+01
1.166290432324924069e+02 6.900083743326703711e+01 5.375047105621271015e+01
1.166630639589657648e+02 6.877355281063540815e+01 5.362736836595833978e+01
1.169116507903276414e+02 6.873626086046267858e+01 5.358408353396838919e+01
1.173390034544122216e+02 6.879126975819114875e+01 5.364762378310478397e+01
1.179726002302941481e+02 6.931537213440803669e+01 5.404867580864650023e+01
1.180110959907882346e+02 6.931987333821835762e+01 5.404731497958756137e+01
1.175394902124986913e+02 6.892353187480372867e+01 5.377104051083428971e+01
1.173978854810007277e+02 6.877017690777766745e+01 5.382188841201716656e+01
1.172738668481105435e+02 6.862692347953522187e+01 5.391602114518999400e+01
1.171130273212603328e+02 6.845237098293729616e+01 5.380524442583481459e+01
1.173101643462786541e+02 6.859117554694860530e+01 5.401627760912802501e+01
1.173572176279702717e+02 6.859332146969538258e+01 5.409907882340625918e+01
1.173452580341254077e+02 6.861281796294358060e+01 5.429509054747200025e+01
1.171644247880247036e+02 6.870027739976970338e+01 5.433374332670365447e+01
1.160314037475138633e+02 6.805404061551345762e+01 5.378318329320632074e+01
1.147021092850413453e+02 6.733285355385743287e+01 5.310274259394954299e+01
1.143301057259499629e+02 6.722409190830106240e+01 5.291238354443630243e+01
1.142141473882550002e+02 6.701130534910498682e+01 5.290552705956243784e+01
1.139146341463414700e+02 6.695189992672459312e+01 5.284345231864335801e+01
1.135842143829163575e+02 6.679208102166857941e+01 5.267648906102795081e+01
1.133351303255521856e+02 6.656801528315712346e+01 5.245158588924945064e+01
1.140923270176907778e+02 6.700175337590285096e+01 5.288440803935936430e+01
1.157538992986496424e+02 6.817196168742803764e+01 5.396472312362608648e+01
1.160748717680309881e+02 6.852938867371506149e+01 5.420812833664817276e+01
1.153611169266199141e+02 6.813241913535014760e+01 5.384863393698314837e+01
1.144166753899298641e+02 6.759486548728148136e+01 5.339521616246205582e+01
1.138276195959384438e+02 6.706364492829477797e+01 5.297581911441432112e+01
1.139579451481210128e+02 6.715856275515544382e+01 5.309910499319585142e+01
1.144304930388359622e+02 6.766654454098188864e+01 5.357235946822987671e+01
1.143174133779964450e+02 6.775620224013398740e+01 5.359434209148958672e+01
1.135669946613629264e+02 6.736985763634460511e+01 5.334957604940856157e+01
1.125696378101120132e+02 6.679577096200146968e+01 5.262268397362085182e+01
1.110617345336543451e+02 6.556560766251439532e+01 5.158677902229666046e+01
1.106173453365434938e+02 6.519486025332356860e+01 5.135386789490212323e+01
1.111703915000523466e+02 6.560700826965350529e+01 5.185015178477964781e+01
1.115084005024599634e+02 6.577514916780069143e+01 5.191400607139118506e+01
1.113079137443734936e+02 6.564979587564116059e+01 5.174097142258976589e+01
1.113350256463938024e+02 6.568763739139536995e+01 5.173864231131581448e+01
1.110118810844760873e+02 6.533950068041453108e+01 5.144179838794096327e+01
1.107548937506542472e+02 6.513890924316967812e+01 5.125408248717680237e+01
1.105950225060190490e+02 6.517622736313199994e+01 5.104265675703967275e+01
1.106328901915628649e+02 6.505322935203601276e+01 5.100091594263582095e+01
1.116095990788234076e+02 6.564299173034649471e+01 5.152886527792316684e+01
1.119864440489898527e+02 6.605370040824871580e+01 5.182748874699047548e+01
1.112305558463310007e+02 6.552745210928503639e+01 5.139199727834188280e+01
1.104516905684078267e+02 6.508824453051397541e+01 5.094297602847272799e+01
1.100448811891552339e+02 6.480898670574688936e+01 5.076096514184025921e+01
1.099895320841620503e+02 6.480935308280120921e+01 5.080524442583481459e+01
1.102992777138071858e+02 6.513466973725530806e+01 5.091507903276457370e+01
1.101994923060818650e+02 6.520373181199623502e+01 5.104035381555532069e+01
1.093497592379357286e+02 6.463270700303569072e+01 5.061718831780592609e+01
1.088056893122579254e+02 6.431121113786245758e+01 5.028391604731498177e+01
1.085879566628284323e+02 6.413430336020098821e+01 5.010127708573222804e+01
1.083747252172092601e+02 6.397519103946404329e+01 4.989720506647126541e+01
1.086761488537632090e+02 6.425384695907044375e+01 5.001475976133151846e+01
1.082726892075787646e+02 6.421404270909661705e+01 4.996663351826651223e+01
1.077494504344185060e+02 6.395566837642625302e+01 4.970870407201925900e+01
1.074413535015178525e+02 6.368975714435256208e+01 4.936069820998638846e+01
1.074782005652674570e+02 6.354820475243379008e+01 4.927849890086883988e+01
1.078214958651732474e+02 6.359261488537632090e+01 4.940209881712551265e+01
1.078941432010886672e+02 6.350068041452946943e+01 4.936608918664293810e+01
1.076175546948602602e+02 6.340971422589762341e+01 4.926277085732230887e+01
1.071244635193133092e+02 6.313404166230503733e+01 4.900253846959070358e+01
1.067806709934052094e+02 6.305485187899089539e+01 4.897006176070344452e+01
1.065930859415890239e+02 6.299070972469381502e+01 4.897296660734847507e+01
1.066081074008164933e+02 6.299073589448340726e+01 4.891777452109285207e+01
1.069375065424473945e+02 6.334091384905265443e+01 4.909245786663875322e+01
1.067167381974248883e+02 6.323594682298754321e+01 4.913846435674657442e+01
1.062177064796399009e+02 6.296705223490003078e+01 4.881356641892599413e+01
1.064121218465403587e+02 6.310533340311943817e+01 4.874050036637705574e+01
1.070357217627970243e+02 6.362121846540353687e+01 4.902596043127812919e+01
1.080898670574688509e+02 6.439301790013608695e+01 4.973830210405108687e+01
1.084262273631319999e+02 6.460923270176907351e+01 4.993656443002198131e+01
1.073312048571129509e+02 6.374400711818277188e+01 4.923406259813670971e+01
1.061010677274154688e+02 6.286595833769496267e+01 4.856877420705537673e+01
1.058916570710771481e+02 6.283041976342510537e+01 4.841510520255417305e+01
1.062862189887993338e+02 6.301612059039045022e+01 4.862938343975714162e+01
1.061372605464252104e+02 6.295731707317073500e+01 4.864710038731288932e+01
1.051872186747618514e+02 6.261564430021982730e+01 4.836122160577829021e+01
1.032927352664084566e+02 6.148537108761645698e+01 4.731484873861614204e+01
1.015314299173034698e+02 6.035009944520046332e+01 4.635475766774835193e+01
1.008652517533759010e+02 5.998576363446037618e+01 4.609075683031508675e+01
1.012746257720087897e+02 6.014252067413377745e+01 4.623353920234481507e+01
1.024332670365330245e+02 6.067015597194598797e+01 4.668208939600125262e+01
1.035503768449701596e+02 6.125973516172930289e+01 4.709431592169998737e+01
1.036365801318957409e+02 6.115688788862137670e+01 4.702708573223070943e+01
1.034956819847168390e+02 6.092306081859101852e+01 4.674788024704281497e+01
1.034713964199727769e+02 6.078993509892180214e+01 4.664639380299382054e+01
1.036277609128022590e+02 6.078595729090338295e+01 4.675083743326703711e+01
1.039968596252486179e+02 6.103328797236470393e+01 4.680613419868104330e+01
1.046175023552810615e+02 6.139364597508635768e+01 4.720239715272689551e+01
1.044553019993719261e+02 6.131709934052130251e+01 4.711391709410656148e+01
1.045806552915314569e+02 6.133813985135559221e+01 4.701358212079974663e+01
1.051637967130744329e+02 6.150020935831675928e+01 4.728111587982832731e+01
1.053100596671202709e+02 6.144677064796398724e+01 4.725497226002303108e+01
1.058021563906626170e+02 6.169423217837328366e+01 4.753778917617502486e+01
1.062358421438291600e+02 6.209342614885376577e+01 4.765377368365958688e+01
1.060544855019365684e+02 6.198552810635402466e+01 4.756547681356641988e+01
1.052889929864963818e+02 6.157296137339055520e+01 4.736635088453888898e+01
1.048446299591751227e+02 6.120470009421124047e+01 4.725847901182874722e+01
1.048937244844551486e+02 6.113184339997906136e+01 4.735080602951952500e+01
1.058097194598555433e+02 6.169171987857217943e+01 4.775832199309117243e+01
1.056523081754422719e+02 6.158447608081230840e+01 4.765924316968491325e+01
1.042168428765832715e+02 6.075580969329006820e+01 4.695650580969329013e+01
1.034078561708363821e+02 6.024267245891343237e+01 4.657178373285879047e+01
1.028323039882759389e+02 5.978621898879932672e+01 4.620490945252799975e+01
1.022278080184235307e+02 5.923348686276562347e+01 4.582345859939285759e+01
1.018709044279283944e+02 5.904404375588820386e+01 4.567654140060714241e+01
1.015455354338951111e+02 5.892829477650999337e+01 4.547882864021773486e+01
1.013759290275306171e+02 5.882453156076625334e+01 4.539691719878572229e+01
1.017796765414006046e+02 5.903867894902124647e+01 4.560957290903380823e+01
1.024408301057259507e+02 5.931979482884957378e+01 4.582445305139746949e+01
1.024645137653093201e+02 5.923385323981995043e+01 4.580380508740709899e+01
1.019236365539621119e+02 5.895056526745524650e+01 4.542900136082906215e+01
1.015128231969014934e+02 5.881280749502774086e+01 4.516761750235528439e+01
1.014983774730451103e+02 5.889995289437872827e+01 4.527902229666073453e+01
1.022440594577619635e+02 5.934345231864335801e+01 4.554304930388359907e+01
1.022970532816916176e+02 5.934347848843295026e+01 4.531681147283575939e+01
1.017764314874908393e+02 5.888843818695697507e+01 4.498809274573432759e+01
1.015837956662828390e+02 5.888801947032345652e+01 4.487990683554904336e+01
1.012804354652988650e+02 5.874599602219198147e+01 4.482879723647021564e+01
1.004064953417774575e+02 5.828880979796922190e+01 4.433819219093478381e+01
9.941390139223280187e+01 5.746616246205380207e+01 4.377164241599497529e+01
9.812511776405317221e+01 5.649709515335496945e+01 4.285355385742698786e+01
9.753132523814508659e+01 5.600201507379880894e+01 4.251015387836282144e+01
9.773720297288809888e+01 5.614288705118811151e+01 4.254265675703967275e+01
9.729584947137024642e+01 5.589764995289437621e+01 4.225052339579189464e+01
9.603841725112529559e+01 5.523537108761645698e+01 4.169889040092117938e+01
9.467604417460484001e+01 5.448788338741756831e+01 4.118604103423008667e+01
9.347372553124672834e+01 5.383824453051397541e+01 4.077001988904009266e+01
9.264691719878571519e+01 5.341466031613105514e+01 4.032843085941588868e+01
9.226795247566209923e+01 5.317638438186956762e+01 4.026088663247147537e+01
9.205702397152727201e+01 5.297194598555427802e+01 4.009884329529990765e+01
9.191777452109285207e+01 5.284264105516591314e+01 3.997262640008374035e+01
9.221341463414634632e+01 5.305762587668795049e+01 4.013974667643672234e+01
9.176206427300324719e+01 5.279252590809169732e+01 3.999814194493876585e+01
9.037799644090861761e+01 5.212174186119543862e+01 3.936292264210195668e+01
8.938309954987961703e+01 5.157327541086569767e+01 3.894302836805191959e+01
8.955226106982100021e+01 5.152593426148853695e+01 3.898987229142677791e+01
9.097362085208834515e+01 5.229273526640845660e+01 3.962236993614571645e+01
9.242177849890086350e+01 5.310433895111483338e+01 4.026426253532921606e+01
9.271616246205380207e+01 5.309690673086988255e+01 4.029564011305349425e+01
9.221048361771171642e+01 5.279535224536794402e+01 4.006322621166125941e+01
9.168669527896996385e+01 5.262433267036533380e+01 3.973267559928817860e+01
9.138066575944729664e+01 5.240489898461216711e+01 3.957683450225060540e+01
9.131280749502774086e+01 5.229307547367319131e+01 3.938550717052235228e+01
9.097218151366062955e+01 5.207390348581597550e+01 3.922605464252067264e+01
9.052671935517638246e+01 5.172492934156809241e+01 3.887522244321155540e+01
9.057973934889562884e+01 5.178294776509996922e+01 3.893512509159426571e+01
9.086020098398408606e+01 5.201690568407830284e+01 3.920252800167486384e+01
9.081492724798492588e+01 5.197542656757039481e+01 3.913270700303569782e+01
9.062079974877002542e+01 5.192651523081754306e+01 3.915851041557625933e+01
9.026046791583794970e+01 5.171459227467811104e+01 3.897623783104783968e+01
8.950544331623574124e+01 5.126423636553962382e+01 3.865031927143305523e+01
8.922861928190097558e+01 5.120108866324714825e+01 3.859729927771380886e+01
8.947932586622003726e+01 5.153119438919711115e+01 3.891507903276457370e+01
