1.203657927590511889e+02 6.791319184352892080e+01 5.484194756554307304e+01
1.195010819808572649e+02 6.698114856429462804e+01 5.402625884311277815e+01
1.193428630878069043e+02 6.683141905950894568e+01 5.387436537661256608e+01
1.195788597586350335e+02 6.708156471077819560e+01 5.411394090719933558e+01
1.192938410320432752e+02 6.702709113607990332e+01 5.375351643778610367e+01
1.194341240116521021e+02 6.744186433624635413e+01 5.364061589679567277e+01
1.187753641281731234e+02 6.776312942155638552e+01 5.299975031210986032e+01
1.185504785684561000e+02 6.775380774032458930e+01 5.275655430711610450e+01
1.186565959217644632e+02 6.793583021223470553e+01 5.281323345817727954e+01
1.178896795672076507e+02 6.743816063254266169e+01 5.197199334165626539e+01
1.174780690803162742e+02 6.726042446941323760e+01 5.149829379941739660e+01
1.173890969621306652e+02 6.705842696629213151e+01 5.136079900124843789e+01
1.167355805243445701e+02 6.642064086558468716e+01 5.101023720349562751e+01
1.169677902621722865e+02 6.666267166042446490e+01 5.093599667082813198e+01
1.172468997086974554e+02 6.678281315022887554e+01 5.113736995422388532e+01
1.168603828547648789e+02 6.659296712442780120e+01 5.101186017478152479e+01
1.172586350395339139e+02 6.684406991260924258e+01 5.116358718268830330e+01
1.175730753225135317e+02 6.725297544735747124e+01 5.144382022471910432e+01
1.173688306283811897e+02 6.715834373699541970e+01 5.158272992093216658e+01
1.175603828547648817e+02 6.712084893882646952e+01 5.183395755305867425e+01
1.176898876404494416e+02 6.707124427798585486e+01 5.199558884727424157e+01
1.176729920932168056e+02 6.699658759883479320e+01 5.208531002913025532e+01
1.180615480649188527e+02 6.742159800249687862e+01 5.232014148980441348e+01
1.180496878901373350e+02 6.752550977944235910e+01 5.248888888888888715e+01
1.176244277985851028e+02 6.717740324594257117e+01 5.235559717020391446e+01
1.179749895963379061e+02 6.749966708281314709e+01 5.230532667498959398e+01
1.179085310029130227e+02 6.746300457761131497e+01 5.227265917602996126e+01
1.174837702871410698e+02 6.732039117769454606e+01 5.202018310445276938e+01
1.179980024968788967e+02 6.765418227215980096e+01 5.252584269662921201e+01
1.178761131918435296e+02 6.783816063254265316e+01 5.255609654598418956e+01
1.176167290886392038e+02 6.740074906367041763e+01 5.238235538909696487e+01
1.181745734498543499e+02 6.783982521847690350e+01 5.272080732417811078e+01
1.183710362047440725e+02 6.806783187682063385e+01 5.298193924261340015e+01
1.182597170203911787e+02 6.824057428214732113e+01 5.292788181439866690e+01
1.192401165210153948e+02 6.901964211402413696e+01 5.359700374531835365e+01
1.191866416978776471e+02 6.926745734498543072e+01 5.374153141905950548e+01
1.188724511027881761e+02 6.902218060757387263e+01 5.376125676238035567e+01
1.190789013732834007e+02 6.922247191011236112e+01 5.370278818143986399e+01
1.189809821057012016e+02 6.911248439450686476e+01 5.360328755722014193e+01
1.189766957969205095e+02 6.893125260091552775e+01 5.345792759051185783e+01
1.193523512276321270e+02 6.926487723678735620e+01 5.379171868497711273e+01
1.190473990844777319e+02 6.916724927174365689e+01 5.382725759467332693e+01
1.186131918435289236e+02 6.893320848938826373e+01 5.372222222222222143e+01
1.190285060341240069e+02 6.942725759467332125e+01 5.409517270079067686e+01
1.188473990844777433e+02 6.941618809821056857e+01 5.385580524344569397e+01
1.188605493133583053e+02 6.926279650436953261e+01 5.373495630461922445e+01
1.194468164794007521e+02 6.969184352892217760e+01 5.413370786516853883e+01
1.191438202247191072e+02 6.940116521015397666e+01 5.393774448605909555e+01
1.198998335414065792e+02 6.907994173949229832e+01 5.390749063670411800e+01
1.209051186017478159e+02 6.933832709113607962e+01 5.421905950894714721e+01
1.207665418227215923e+02 6.898734914689970310e+01 5.403146067415730158e+01
1.210225967540574317e+02 6.887236787349146994e+01 5.396125676238035851e+01
1.213315439034540191e+02 6.897374115688722895e+01 5.399679567207657271e+01
1.210267998335414035e+02 6.855031210986267354e+01 5.364211402413649665e+01
1.210565126924677486e+02 6.862347066167291132e+01 5.385959217644610675e+01
1.215115688722430320e+02 6.890590928006658089e+01 5.396500208073241822e+01
1.211791094465251746e+02 6.868972118185601516e+01 5.388223054515189148e+01
1.213173116937161922e+02 6.877990012484394811e+01 5.392829796088223304e+01
1.214553058676654160e+02 6.912713275072825070e+01 5.411256762380357799e+01
1.210213899292550934e+02 6.869746150645026717e+01 5.368039950062421894e+01
1.212673325010403715e+02 6.881023720349563177e+01 5.352883895131085978e+01
1.214614232209737850e+02 6.886974615064502814e+01 5.374490220557636633e+01
1.211393258426966355e+02 6.865418227215980096e+01 5.378626716604244962e+01
1.211986683312526054e+02 6.877944236371202180e+01 5.401331668747398851e+01
1.213953807740324606e+02 6.900495214315438375e+01 5.448077403245942918e+01
1.209269246774864683e+02 6.864685809404910799e+01 5.442064086558468716e+01
1.209925509779442336e+02 6.873612151477320253e+01 5.445971702039117446e+01
1.210875572201414911e+02 6.887981689554723630e+01 5.459667082813150074e+01
1.206961298377028697e+02 6.865593008739075742e+01 5.431402413649604455e+01
1.212131086142322118e+02 6.887028714107366056e+01 5.479180191427382596e+01
1.215443612151477311e+02 6.922967124427798069e+01 5.509234290470245554e+01
1.212464003329171902e+02 6.893637120266333795e+01 5.494852267998335549e+01
1.214590095713691227e+02 6.906292134831460316e+01 5.502946317103620544e+01
1.214758635039533914e+02 6.900153974198917695e+01 5.506537661256762561e+01
1.212670411985018717e+02 6.887811069496463290e+01 5.489076154806491559e+01
1.218835622138992960e+02 6.926683312526009217e+01 5.530794839783603578e+01
1.219490220557636349e+02 6.953820224719100906e+01 5.541960049937578248e+01
1.214723678734914643e+02 6.895143570536828292e+01 5.509009571369121971e+01
1.221230961298377053e+02 6.935755305867665754e+01 5.504652517686225366e+01
1.223332917186849755e+02 6.934610903037869889e+01 5.496167290886391754e+01
1.224852267998335407e+02 6.927906783187681583e+01 5.491818560133167182e+01
1.230415314190595097e+02 6.986333749479817357e+01 5.500565959217644263e+01
1.227047440699126071e+02 6.945555555555554861e+01 5.489200998751560689e+01
1.223332917186849755e+02 6.913836870578442984e+01 5.471065334997918939e+01
1.227912609238451864e+02 6.943903454015813281e+01 5.498635039533915858e+01
1.226740324594257174e+02 6.941419059508946532e+01 5.489151061173532753e+01
1.223833541406575165e+02 6.921331668747399135e+01 5.463220973782771495e+01
1.227196004993757867e+02 6.948897211818560038e+01 5.501880982105701179e+01
1.222329588014981283e+02 6.916521015397420058e+01 5.473266749895963557e+01
1.218172700790678249e+02 6.890499375780274249e+01 5.430291302538493881e+01
1.220182688306283865e+02 6.903982521847690634e+01 5.434103204327923464e+01
1.217627132750728265e+02 6.878077403245941923e+01 5.432076570952975203e+01
1.215711610486891345e+02 6.863183520599251608e+01 5.404864752392842320e+01
1.218476903870162289e+02 6.899450686641698383e+01 5.444277985851019253e+01
1.212972950478568492e+02 6.876254681647940004e+01 5.444860590928006872e+01
1.210265501456512709e+02 6.840507698709946283e+01 5.464860590928006445e+01
1.211534332084893890e+02 6.850699126092384006e+01 5.483566375364128476e+01
1.210144402829796064e+02 6.824273824386183662e+01 5.474544319600499165e+01
1.209497295047856795e+02 6.840707449022055187e+01 5.472459425717852355e+01
1.215007074490220589e+02 6.881223470661673502e+01 5.510079067831876642e+01
1.211410736579275920e+02 6.864960466084060897e+01 5.509812734082397156e+01
1.214183936745734513e+02 6.886300457761132066e+01 5.509579692051602251e+01
1.218953807740324606e+02 6.933782771535580025e+01 5.553208489388264724e+01
1.215083645443196048e+02 6.923678734914689414e+01 5.535280898876404621e+01
1.216729504785684526e+02 6.926978776529338688e+01 5.541593841032043599e+01
1.220348314606741553e+02 6.952588431127756508e+01 5.580645027049521190e+01
1.214382854764877209e+02 6.908605909280066726e+01 5.533083645443196019e+01
1.215757386600083265e+02 6.908451935081149031e+01 5.525630461922596481e+01
1.218427798585101982e+02 6.939400749063671014e+01 5.534989596337911166e+01
1.216050353724510984e+02 6.921194340407824086e+01 5.512546816479400746e+01
1.220656263004577653e+02 6.961427382438618849e+01 5.525147732001664735e+01
1.223080732417811021e+02 6.997332501040365571e+01 5.526421140241365038e+01
1.217191843528922135e+02 6.948764044943820295e+01 5.482546816479401031e+01
1.217456512692467783e+02 6.953399916770703726e+01 5.478776529338327350e+01
1.219760299625468178e+02 6.960674157303370180e+01 5.519741989180191410e+01
1.219647107781939184e+02 6.957086974615064889e+01 5.531377444860591197e+01
1.225093632958801493e+02 6.992650853100290931e+01 5.557295047856845827e+01
1.228298793175197687e+02 7.043728672492717635e+01 5.577553058676654274e+01
1.224568039950062399e+02 7.007819392426134186e+01 5.541377444860590629e+01
1.227063670411985044e+02 7.010977944236371684e+01 5.549080316271327717e+01
1.230902205576362860e+02 7.029113607990012724e+01 5.583021223470661454e+01
1.229875156054931296e+02 7.018110694964627783e+01 5.574148980441115242e+01
1.235563046192259691e+02 7.063487307532251691e+01 5.602288805659592441e+01
1.236316271327507224e+02 7.071186017478152053e+01 5.622621722846442083e+01
1.230556803995006305e+02 7.023662089055348190e+01 5.613325010403661963e+01
1.232219725343320818e+02 7.046691635455680114e+01 5.616837286724927480e+01
1.230628797336662501e+02 7.053470661672908193e+01 5.630133166874740169e+01
1.228541822721598038e+02 7.031693716188098620e+01 5.610553474823137776e+01
1.234038701622971246e+02 7.056783187682063385e+01 5.638397836038285504e+01
1.231585101955888462e+02 7.043857677902622072e+01 5.626670828131502589e+01
1.227399916770703356e+02 7.009687890137328736e+01 5.606117353308364670e+01
1.229129837702871413e+02 7.041244277985850886e+01 5.626312942155638552e+01
1.224456512692467811e+02 7.021677070328755121e+01 5.592397003745318074e+01
1.220823137744486075e+02 6.995663753641281346e+01 5.577186849771119626e+01
1.229117769454848172e+02 7.048414481897627581e+01 5.608414481897627724e+01
1.229103204327923464e+02 7.038922180607573864e+01 5.624981273408239701e+01
1.227863920099875088e+02 7.021618809821056573e+01 5.614560965459841668e+01
1.232069496462754898e+02 7.062201414898044050e+01 5.651548064918851111e+01
1.223945900957136956e+02 7.041714523512276003e+01 5.643761964211402216e+01
1.221584685809404931e+02 7.044203079483978058e+01 5.627906783187682294e+01
1.225583437369954254e+02 7.075651269246775144e+01 5.667561381606325455e+01
1.222168955472326246e+02 7.038385351643778165e+01 5.637128589263420508e+01
1.223918851435705335e+02 7.044015813566375073e+01 5.635651269246774575e+01
1.228192259675405751e+02 7.064652517686225508e+01 5.653175197669579433e+01
1.223028297960882185e+02 7.024140657511443919e+01 5.621643778610070541e+01
1.221197253433208516e+02 7.002725759467332978e+01 5.621585518102371992e+01
1.223439866833125222e+02 7.031793591344153072e+01 5.641722846441947326e+01
1.222986683312525997e+02 7.008460258010819643e+01 5.632821473158551839e+01
1.226275488972118239e+02 7.011660424469413044e+01 5.635871826883062852e+01
1.233466500208073171e+02 7.039883478984602050e+01 5.653541406575114792e+01
1.228912193091968419e+02 7.027457344985434418e+01 5.623245942571785605e+01
1.230695796920516045e+02 7.034282147315855127e+01 5.629812734082396730e+01
1.234434873075322514e+02 7.080353724511027735e+01 5.667344985434873195e+01
1.232278401997503181e+02 7.038922180607573864e+01 5.642526009155222511e+01
1.236796088223054539e+02 7.066928838951311320e+01 5.644540158135663432e+01
1.239918435289221748e+02 7.074656679151061667e+01 5.649879317519766886e+01
1.239442363712026633e+02 7.055131086142321806e+01 5.668664169787765417e+01
1.243429047024552574e+02 7.082488555971701771e+01 5.702738243861839607e+01
1.245990012484394498e+02 7.115563878485227178e+01 5.729887640449437924e+01
1.241805659592176454e+02 7.093703703703704377e+01 5.703566375364128049e+01
1.242339575530586728e+02 7.097270079067831716e+01 5.713000416146483218e+01
1.243785684560965450e+02 7.121052850603412310e+01 5.694419475655431029e+01
1.239694132334581838e+02 7.081535580524344198e+01 5.684939658759883230e+01
1.242709113607990048e+02 7.102879733666250672e+01 5.693857677902622072e+01
1.244653766125676242e+02 7.120079067831876785e+01 5.711115272575946733e+01
1.242210570120682434e+02 7.097436537661256750e+01 5.702596754057428541e+01
1.248566375364128191e+02 7.149875156054930869e+01 5.747062005826050779e+01
1.252647107781939297e+02 7.168094049105285137e+01 5.766953807740324578e+01
1.249736579275905086e+02 7.131797752808988378e+01 5.777274240532667449e+01
1.252323761964211428e+02 7.151194340407823802e+01 5.803229296712442675e+01
1.252188098210570075e+02 7.150362047440698632e+01 5.811052850603412168e+01
1.250546816479400718e+02 7.137902621722847130e+01 5.805443196004993922e+01
1.257775280898876389e+02 7.200715771951726651e+01 5.865784436121514744e+01
1.258443196004993752e+02 7.209334165626300717e+01 5.876749895963379089e+01
1.255336662505201843e+02 7.188547648772367893e+01 5.870520183104452627e+01
1.255666666666666629e+02 7.181419059508947100e+01 5.842567623803579124e+01
1.250912609238451978e+02 7.157066167290886938e+01 5.817732001664585795e+01
1.246872243029546468e+02 7.130278818143986541e+01 5.806508531002913287e+01
1.250834373699542255e+02 7.164798168955472590e+01 5.834203079483978627e+01
1.247089471493965931e+02 7.147290886392009668e+01 5.811136079900124685e+01
1.244225135247607170e+02 7.117598834789845341e+01 5.770324594257178319e+01
1.245210986267166078e+02 7.108522679983353498e+01 5.770977944236371115e+01
1.239336662505201900e+02 7.064860590928006445e+01 5.719675405742821539e+01
1.236806075738659985e+02 7.041951727007906925e+01 5.686704119850187311e+01
1.240781939242613419e+02 7.072163961714522884e+01 5.693662089055347764e+01
1.234789846025801126e+02 7.047099459009571376e+01 5.641839367457345134e+01
1.231964627548897226e+02 7.040162297128588875e+01 5.626088223054514970e+01
1.237558884727423987e+02 7.084311277569705112e+01 5.671136079900124827e+01
1.234645027049521389e+02 7.066142322097378781e+01 5.629005409904286239e+01
1.232814814814814781e+02 7.062613399916770618e+01 5.636337910944652663e+01
1.238195588847274280e+02 7.098143986683312789e+01 5.665925925925925810e+01
1.234265501456512624e+02 7.096204744069912351e+01 5.651843528922180582e+01
1.234400332917186915e+02 7.100432792342904520e+01 5.645018726591760583e+01
1.238718684977111906e+02 7.126088223054514970e+01 5.679821057012068053e+01
1.235361215147731997e+02 7.076067415730337018e+01 5.656841448189762644e+01
1.232321681231793633e+02 7.064165626300457745e+01 5.653171036204744127e+01
1.234782355389097006e+02 7.084669163545568438e+01 5.660940491052850376e+01
1.230766541822721649e+02 7.047523928422805284e+01 5.637461506450270576e+01
1.229222222222222172e+02 7.032754889721181257e+01 5.619105285060341259e+01
1.229891385767790268e+02 7.022692467748647971e+01 5.639155222638368770e+01
1.226222638368705731e+02 6.976059092800666406e+01 5.616525176862255364e+01
1.225090303786932964e+02 6.946367041198502079e+01 5.607032875572201647e+01
1.227639200998751505e+02 6.975950894714939921e+01 5.625280898876404478e+01
1.223058260507698662e+02 6.921427382438618281e+01 5.620245526425301819e+01
1.224011652101539767e+02 6.937819392426133902e+01 5.621897627965043398e+01
1.226158967956720716e+02 6.965642946317103679e+01 5.645401581356637877e+01
1.225221806075738726e+02 6.950178942987932373e+01 5.649737827715355820e+01
1.229530170620058271e+02 6.990965459841864060e+01 5.652605076987099153e+01
1.228395339159384037e+02 6.974540158135663148e+01 5.649762796504369788e+01
1.222892634207240974e+02 6.936050769870995225e+01 5.609159384103204360e+01
1.225701622971285900e+02 6.961252600915521782e+01 5.627727840199750631e+01
1.228460258010819786e+02 6.970403662089054819e+01 5.635289221806075943e+01
1.223701206824802341e+02 6.935630461922596623e+01 5.622263836870578757e+01
1.223268414481897679e+02 6.935405742821473041e+01 5.609105285060341117e+01
1.217462338743237638e+02 6.927041198501872543e+01 5.588173116937161922e+01
1.208668331252600865e+02 6.863079483978360429e+01 5.529729504785684213e+01
1.208875988347898414e+02 6.879421556387848113e+01 5.541818560133167182e+01
1.208248855597170177e+02 6.872634207240949422e+01 5.547057844361215473e+01
1.201370786516853997e+02 6.841864336246358391e+01 5.501448189762796659e+01
1.205350811485642879e+02 6.880324594257179172e+01 5.539392426133998981e+01
1.203285060341240182e+02 6.868422804827299899e+01 5.520649188514357064e+01
1.201523512276321242e+02 6.862159800249688146e+01 5.505763628797336651e+01
1.207189346650020809e+02 6.913691219309197322e+01 5.553832709113608246e+01
1.207444028297960870e+02 6.904028297960881844e+01 5.556188098210569848e+01
1.206749479816895558e+02 6.890782355389096381e+01 5.556999583853516356e+01
1.212209321681231842e+02 6.935418227215980380e+01 5.595543071161048942e+01
1.211467748647523877e+02 6.933429047024552005e+01 5.582467748647523820e+01
1.211948397836038254e+02 6.943895131086142669e+01 5.605925925925925668e+01
1.218494798168955526e+02 6.988418643362463456e+01 5.650890553474823008e+01
1.219198918019142752e+02 6.969567207657095764e+01 5.664082397003745228e+01
1.216423637120266363e+02 6.916704119850187737e+01 5.643653766125676441e+01
1.219986267166042495e+02 6.931922596754057508e+01 5.660478568456096582e+01
1.216483978360382849e+02 6.911431543903454155e+01 5.647203495630461845e+01
1.214829796088223048e+02 6.914373699542238683e+01 5.635230961298376684e+01
1.216613816063254205e+02 6.935518102372034832e+01 5.643116937161880742e+01
1.210694548481065311e+02 6.892888056595921853e+01 5.616899708697461335e+01
1.214299209321681161e+02 6.920054099042863527e+01 5.643974198918019169e+01
1.220198501872659165e+02 6.962717436537661797e+01 5.697191011235955216e+01
1.219793175197669512e+02 6.947994173949230401e+01 5.684681647940075067e+01
1.219383270911360739e+02 6.956679151061173627e+01 5.684452767374115467e+01
1.226523928422804772e+02 6.989001248439450364e+01 5.734069912609238173e+01
1.221860590928006616e+02 6.961227632126508524e+01 5.721102788181439536e+01
1.225161048689138568e+02 6.980357885975863041e+01 5.738618393674573781e+01
1.231325010403662077e+02 7.041839367457345134e+01 5.708655846858093952e+01
1.227188098210570075e+02 7.034128173116937432e+01 5.690016645859342503e+01
1.223386600083229325e+02 7.019692051602163474e+01 5.655955056179774942e+01
1.222023720349562979e+02 7.010848938826467247e+01 5.645688722430295314e+01
1.214315022888056603e+02 6.940420307948397749e+01 5.574769038701622748e+01
1.211257178526841471e+02 6.912613399916770618e+01 5.544431960049937658e+01
1.209422388680815601e+02 6.900799001248439879e+01 5.519217644610903051e+01
1.201141489804411151e+02 6.833112775697046004e+01 5.450516021639617037e+01
1.201333333333333400e+02 6.819741989180191410e+01 5.442871410736579207e+01
1.204808572617561424e+02 6.841901789429878988e+01 5.485530586766542172e+01
1.202218060757386553e+02 6.833291718684976956e+01 5.480848938826466821e+01
1.207561381606325455e+02 6.899850187265917612e+01 5.524860590928006587e+01
1.212756554307116090e+02 6.923553890969621705e+01 5.557062005826050921e+01
1.210485642946317171e+02 6.901593841032043031e+01 5.545131086142322374e+01
1.215881814398668297e+02 6.931319184352892648e+01 5.572567623803578840e+01
1.219069912609238457e+02 6.910507698709946567e+01 5.569309196837286891e+01
1.217307116104868925e+02 6.862842280482729507e+01 5.534486059092800758e+01
1.223233874323761938e+02 6.876217228464419406e+01 5.533454015813566684e+01
1.226916354556803981e+02 6.904494382022471655e+01 5.565568039950062484e+01
1.225642114024136475e+02 6.884560965459841952e+01 5.558718268830628517e+01
1.231047856845609658e+02 6.924103204327923322e+01 5.592925509779442450e+01
1.231449854348730781e+02 6.923478984602580510e+01 5.608364544319600498e+01
1.226319184352892222e+02 6.897265917602996410e+01 5.580470245526425543e+01
1.227456096545984252e+02 6.908218893050353415e+01 5.582659176029962822e+01
1.221833541406575137e+02 6.872001664585934577e+01 5.550262172284644180e+01
1.216843112775697051e+02 6.833533083645443185e+01 5.538252184769038422e+01
1.223075738660008369e+02 6.883516437786100539e+01 5.565181023720349884e+01
1.227069912609238429e+02 6.898689138576779101e+01 5.601011235955056122e+01
1.228164377861007068e+02 6.906188098210570558e+01 5.603017062005825721e+01
1.233018310445276740e+02 6.957099459009570808e+01 5.633945068664169753e+01
1.228861839367457378e+02 6.929950062421973200e+01 5.607311693716187762e+01
1.223397003745318301e+02 6.892138992925509910e+01 5.583524760715771862e+01
1.228192259675405751e+02 6.932925509779443018e+01 5.625301706200582430e+01
1.227304619225967599e+02 6.922417811069496452e+01 5.619171868497711131e+01
1.226404078235538861e+02 6.914236371202663634e+01 5.627078651685393140e+01
1.230622138992925443e+02 6.958764044943819727e+01 5.641727007906783342e+01
1.226927174365376629e+02 6.926816479400748960e+01 5.613932584269662840e+01
1.225913857677902570e+02 6.923033707865168651e+01 5.607594673325010604e+01
1.228891385767790325e+02 6.946833125260091890e+01 5.638277153558052390e+01
1.225074074074074133e+02 6.911847690387016030e+01 5.619538077403245779e+01
1.227670411985018717e+02 6.930436953807740963e+01 5.644710778193924483e+01
1.233295464003329158e+02 6.983025384935497470e+01 5.680020807324178378e+01
1.229786100707449066e+02 6.964885559717019703e+01 5.666450270495214170e+01
1.228098210570120727e+02 6.951985018726591647e+01 5.660008322929671465e+01
1.229842696629213492e+02 6.968597586350395545e+01 5.660174781523095788e+01
1.214576362879733722e+02 6.974777361631294070e+01 5.652921348314606576e+01
1.213478152309613023e+02 6.981556387848522149e+01 5.643612151477319827e+01
1.215530170620058215e+02 7.025663753641281062e+01 5.681743653766125846e+01
1.209158551810237157e+02 7.013882646691635614e+01 5.660607573866001019e+01
1.210269662921348299e+02 7.050112359550561791e+01 5.666600083229296558e+01
1.212248855597170234e+02 7.061323345817727670e+01 5.701955888472742373e+01
1.205241364960466086e+02 7.011947565543070482e+01 5.668193924261340300e+01
1.205921348314606689e+02 7.026720765709529815e+01 5.663965875988348131e+01
1.208305867665418276e+02 7.047919267582189207e+01 5.686387848522679889e+01
1.203736579275905143e+02 7.015326674989596256e+01 5.660070744902205320e+01
1.205600083229296757e+02 7.028035788597586020e+01 5.658863920099874889e+01
1.205382854764877294e+02 7.040262172284644748e+01 5.657490636704120135e+01
1.202219725343320818e+02 7.015089471493965334e+01 5.644486059092800900e+01
1.206560133166874778e+02 7.057261756138160536e+01 5.673133583021223814e+01
1.210573033707865136e+02 7.080728256346233707e+01 5.682950478568456276e+01
1.213696629213483078e+02 7.030233042030795332e+01 5.669101123595505953e+01
1.222765709529754474e+02 7.047657095297545027e+01 5.676920516021639429e+01
1.230730337078651644e+02 7.081793591344153072e+01 5.702659176029962396e+01
1.230496878901373350e+02 7.048456096545983485e+01 5.692267998335414347e+01
1.235309612983770222e+02 7.040045776113191778e+01 5.713637120266334080e+01
1.238220557636287964e+02 7.063687057844360595e+01 5.732334581772784077e+01
1.233332501040366225e+02 7.015156054931335916e+01 5.700757386600083265e+01
1.236972950478568407e+02 7.043362463587182276e+01 5.706641697877653030e+01
1.235945068664169781e+02 7.032026633374948688e+01 5.697694548481065624e+01
1.231265501456512652e+02 6.988443612151476714e+01 5.665006242197253528e+01
1.236326674989596341e+02 7.027694548481065340e+01 5.687752808988764031e+01
1.230775280898876360e+02 6.983183520599250471e+01 5.635959217644610675e+01
1.220305451518934632e+02 6.912159800249688146e+01 5.568173116937161637e+01
1.221868913857677938e+02 6.914860590928006445e+01 5.567994173949229975e+01
1.220254681647940060e+02 6.919791926758219347e+01 5.582097378277153865e+01
1.215898460258010800e+02 6.922047440699125787e+01 5.602879733666250672e+01
1.222520599250936328e+02 6.986129837702871725e+01 5.667777777777777715e+01
1.217434040782355424e+02 6.983370786516853457e+01 5.660724094881398116e+01
1.212165210153974186e+02 6.954594257178527528e+01 5.630649188514357206e+01
1.210856429463171082e+02 6.951851851851851904e+01 5.632883895131086405e+01
1.202350395339159377e+02 6.913166874739908963e+01 5.596371202663337385e+01
1.199125260091552292e+02 6.900000000000000000e+01 5.579425717852684130e+01
1.205132334581772824e+02 6.943749479816895587e+01 5.626770703287557041e+01
1.203729088639201024e+02 6.932372034956304674e+01 5.608801498127341034e+01
1.198585101955888490e+02 6.891727007906783342e+01 5.570686641697877661e+01
1.199472326258843111e+02 6.916670828131502446e+01 5.592634207240948996e+01
1.193497711194340383e+02 6.868668331252601433e+01 5.549633791094465352e+01
1.194306699958385423e+02 6.851231793591344399e+01 5.547711194340407559e+01
1.202236787349146852e+02 6.919288389513108939e+01 5.598148148148148096e+01
1.196439034540158133e+02 6.870840615896796066e+01 5.569791926758218636e+01
1.197357053682896435e+02 6.844689970869745821e+01 5.579829379941739376e+01
1.202654598418643417e+02 6.851040366208906107e+01 5.589442363712026918e+01
1.199600915522263875e+02 6.811989180191427806e+01 5.607103620474406824e+01
1.203588431127757019e+02 6.829284228048273064e+01 5.600503537245110408e+01
1.209186017478152309e+02 6.865143570536828577e+01 5.648256346233874581e+01
1.202174365376612570e+02 6.815185185185184480e+01 5.591489804411152420e+01
1.201352059925093698e+02 6.808085726175613672e+01 5.597956720765709804e+01
1.201656679151061127e+02 6.800237203495630922e+01 5.606878901373283242e+01
1.195222222222222257e+02 6.756766541822722161e+01 5.567086974615064321e+01
1.199150228880565976e+02 6.776845609654598945e+01 5.586059092800665837e+01
1.203674989596337923e+02 6.813961714523512114e+01 5.607769454848106250e+01
1.203019558884727473e+02 6.780041614648355619e+01 5.587557220141489722e+01
1.207956304619225989e+02 6.806537661256761851e+01 5.603374947981689758e+01
1.207717020391177698e+02 6.798751560549312956e+01 5.605185185185185048e+01
1.205147315855181063e+02 6.747719517270078882e+01 5.564673325010403460e+01
1.209123595505618027e+02 6.751194340407823802e+01 5.606308780690802962e+01
1.214349979192675875e+02 6.778064918851436005e+01 5.671714523512276429e+01
1.211605909280066555e+02 6.769550561797753119e+01 5.678847274240532528e+01
1.214950894714939693e+02 6.809617145235122848e+01 5.719238451935081002e+01
1.215399916770703328e+02 6.818585101955888206e+01 5.728897211818560464e+01
1.209992093216812350e+02 6.779887640449437924e+01 5.699188514357053492e+01
1.210754889721181797e+02 6.793724511027882329e+01 5.709779442363711865e+01
1.210414481897627894e+02 6.784993757802746472e+01 5.702288805659592441e+01
1.205025801081980887e+02 6.748884727424052699e+01 5.671431543903454298e+01
1.208770287141073680e+02 6.780087390761548249e+01 5.692613399916771044e+01
1.207463587182688372e+02 6.778347898460258136e+01 5.692330420307948202e+01
1.200803578859758574e+02 6.742009987515605474e+01 5.660653349979192939e+01
1.206878069080316322e+02 6.776912193091968106e+01 5.712650853100291215e+01
1.205658343736995448e+02 6.787927590511860387e+01 5.700728256346233991e+01
1.204688306283811841e+02 6.793175197669579291e+01 5.710237203495630354e+01
1.214593008739076225e+02 6.845638784852268088e+01 5.715826050769870648e+01
1.216091552226383641e+02 6.864019975031210663e+01 5.701215147732001753e+01
1.213864336246358704e+02 6.847265917602996410e+01 5.667074490220557692e+01
1.217398252184769092e+02 6.875056179775280896e+01 5.656545984186433884e+01
1.215612983770287201e+02 6.847249271743653765e+01 5.650020807324177952e+01
1.213553474823137748e+02 6.828443612151477282e+01 5.621943404078235318e+01
1.221255097794423676e+02 6.887640449438202950e+01 5.671369121930919732e+01
1.223520183104452741e+02 6.888010819808572194e+01 5.668718268830628659e+01
1.223468164794007436e+02 6.894481897627964884e+01 5.669762796504369362e+01
1.225379525593008765e+02 6.899371618809820461e+01 5.677873491468997003e+01
1.220352476071577144e+02 6.851656263004578307e+01 5.619030378693300065e+01
1.218787765293383245e+02 6.842509363295880576e+01 5.596824802330420567e+01
1.223168123179359128e+02 6.871323345817728523e+01 5.627711194340407985e+01
1.220300873907615511e+02 6.835701206824802512e+01 5.615751144402829453e+01
1.220893466500208007e+02 6.836217228464418838e+01 5.606287973366625010e+01
1.224476487723678702e+02 6.891856013316687779e+01 5.603791094465251632e+01
1.222217228464419492e+02 6.888672492717437024e+01 5.585767790262172383e+01
1.223191843528922220e+02 6.916254681647940572e+01 5.587507282563462496e+01
1.223454431960049931e+02 6.948069080316271595e+01 5.589708697461506404e+01
1.215296712442779921e+02 6.921256762380357941e+01 5.568206408655846928e+01
1.215293383270911391e+02 6.918893050353725016e+01 5.571210986267166021e+01
1.218575946733250106e+02 6.946866416978777181e+01 5.596537661256762419e+01
1.213972118185601374e+02 6.912571785268414715e+01 5.574228048272991742e+01
1.211372867249271792e+02 6.914769038701622605e+01 5.537890137328339790e+01
1.214228464419475699e+02 6.927461506450271145e+01 5.564165626300457745e+01
1.212162713275072861e+02 6.910091552226383271e+01 5.558755722014149114e+01
1.214750312109862733e+02 6.926004993757803163e+01 5.572005826050769883e+01
1.215531002913025418e+02 6.935443196004993638e+01 5.583499791926757894e+01
1.210657927590511918e+02 6.893121098626716048e+01 5.548934665002080635e+01
1.211949230129005457e+02 6.901306699958385593e+01 5.554448605909279735e+01
1.215507698709945856e+02 6.900703287557220733e+01 5.595118601747815035e+01
1.213257178526841500e+02 6.867569704535996777e+01 5.589109446525176850e+01
1.217171868497711245e+02 6.878901373283395060e+01 5.615538909696213210e+01
1.216512692467748593e+02 6.874623387432376376e+01 5.626533499791926829e+01
1.209111527257594645e+02 6.808951310861422712e+01 5.582784019975031242e+01
1.208924677486475190e+02 6.791169371618809691e+01 5.560491052850603211e+01
1.206492301290054030e+02 6.757532251352476749e+01 5.531964211402413412e+01
1.197543071161048687e+02 6.700191427382438292e+01 5.456812317935913370e+01
1.197712858926342108e+02 6.706483562213898608e+01 5.447490636704119993e+01
1.199269662921348356e+02 6.708851435705368260e+01 5.460803162713275327e+01
1.196114856429463202e+02 6.675339159384103027e+01 5.442505201831044559e+01
1.200708697461506489e+02 6.725821889305035484e+01 5.475384935497294947e+01
1.203165626300457802e+02 6.743349979192676358e+01 5.496117353308364528e+01
1.200937161880982131e+02 6.724794007490636716e+01 5.485826050769870932e+01
1.206454431960049902e+02 6.753091968372866916e+01 5.511077819392426136e+01
1.203527673741156860e+02 6.745339159384103311e+01 5.456691635455680256e+01
1.199176862255513925e+02 6.743345817727839631e+01 5.417236787349146709e+01
1.204158551810237157e+02 6.786895547232626313e+01 5.445131086142322374e+01
1.206326674989596341e+02 6.804140657511443635e+01 5.450324594257178745e+01
1.203453183520599197e+02 6.798743237619642343e+01 5.410270495214315645e+01
1.207135247607157709e+02 6.845143570536828292e+01 5.444519350811485481e+01
1.204102788181439934e+02 6.819488139825217843e+01 5.419762796504369362e+01
1.201944236371202663e+02 6.785526425301706865e+01 5.396479400749063871e+01
1.207935081148564365e+02 6.820000000000000284e+01 5.435505617977528203e+01
1.208436953807740366e+02 6.825043695380773556e+01 5.435880149812734174e+01
1.210097378277153553e+02 6.819883478984603187e+01 5.443487307532251407e+01
1.215949646275488902e+02 6.862267998335414632e+01 5.483208489388264439e+01
1.212670411985018717e+02 6.852663337494797702e+01 5.489067831876820946e+01
1.209652933832709181e+02 6.832051602163961945e+01 5.457303370786517149e+01
1.214756138160632588e+02 6.870474406991260707e+01 5.494502704952142835e+01
1.212576779026217224e+02 6.874157303370786565e+01 5.481406575114440471e+01
1.215146483562213859e+02 6.902401165210153522e+01 5.527503121098627048e+01
1.219176446109030394e+02 6.934993757802746472e+01 5.545097794423637083e+01
1.214191011235955102e+02 6.906471077819392690e+01 5.524049105285060079e+01
1.213276737411568860e+02 6.893125260091552775e+01 5.531019558884727161e+01
1.216578859758635076e+02 6.911323345817727670e+01 5.533412401165210071e+01
1.211905534748231332e+02 6.895576362879734234e+01 5.508002496878901155e+01
1.211865584685809409e+02 6.906337910944652947e+01 5.510349563046192145e+01
1.215143986683312534e+02 6.920062421972534139e+01 5.539113607990012156e+01
1.211178526841448218e+02 6.889488139825218127e+01 5.510561797752809099e+01
1.213546816479400690e+02 6.891015397419891997e+01 5.524273824386183662e+01
1.219843528922180553e+02 6.926325426550145892e+01 5.559725343320848623e+01
1.217126508531002855e+02 6.893828547648772087e+01 5.543399916770703584e+01
1.215420307948397891e+02 6.882684144818976790e+01 5.536142322097378354e+01
1.212147732001664622e+02 6.869750312109862023e+01 5.532238868081564931e+01
1.206694132334581724e+02 6.830220557636287992e+01 5.489945900957136615e+01
1.210258843112775651e+02 6.838152309612983970e+01 5.505634623387432214e+01
1.215241781106949617e+02 6.860066583437370014e+01 5.538726591760299556e+01
1.215446941323345840e+02 6.839662921348315194e+01 5.536009155222638611e+01
1.219401997503121038e+02 6.870724094881397548e+01 5.559704535996670671e+01
1.220541822721598066e+02 6.847648772367872994e+01 5.544794007490637000e+01
1.216052850603412452e+02 6.812313774448605841e+01 5.518164794007490315e+01
1.219449438202247222e+02 6.852937994173949221e+01 5.534178110694964658e+01
1.222417811069496452e+02 6.869721181856013459e+01 5.569379941739492068e+01
1.222650436953807684e+02 6.872380357885975855e+01 5.575484810653350110e+01
1.224942987931752043e+02 6.890678318768206623e+01 5.575014565126924992e+01
1.224640449438202268e+02 6.879271743653765725e+01 5.580878069080316095e+01
1.220645027049521474e+02 6.836279650436954114e+01 5.547557220141489864e+01
1.223268830628381210e+02 6.855967540574282282e+01 5.543657927590511747e+01
1.222148564294631683e+02 6.844764877236787015e+01 5.550724094881397974e+01
1.218954223886808137e+02 6.823042030794839263e+01 5.524989596337911024e+01
1.223183104452767367e+02 6.865538909696212500e+01 5.562842280482730217e+01
1.222621722846441941e+02 6.868730753225135288e+01 5.553632958801497921e+01
1.217881398252184795e+02 6.851672908863919531e+01 5.545239284228048149e+01
1.218172700790678249e+02 6.860952975447357005e+01 5.521810237203495575e+01
1.214197253433208488e+02 6.827773616312941840e+01 5.509463171036204443e+01
1.210446109030378636e+02 6.797669579692050945e+01 5.491968372867249570e+01
1.216992093216812378e+02 6.823012900540990699e+01 5.518193924261340300e+01
1.217027881814398711e+02 6.817361631294215840e+01 5.525717852684145015e+01
1.217054515189346660e+02 6.806017478152310218e+01 5.512451102788181601e+01
1.217770703287557268e+02 6.813828547648772371e+01 5.504972950478568805e+01
1.208858926342072380e+02 6.754332084893883348e+01 5.452592592592592524e+01
1.204344153141906020e+02 6.697432376196421444e+01 5.404540158135663575e+01
1.208716604244694111e+02 6.729055347482314176e+01 5.437519766957969125e+01
1.209560549313358280e+02 6.729895963379109958e+01 5.436529338327090954e+01
1.212022055763628856e+02 6.753620474406990581e+01 5.428526841448189799e+01
1.217008739076154740e+02 6.766741573033708335e+01 5.454648356221390060e+01
1.209614232209737850e+02 6.714577611319184314e+01 5.406096545984186719e+01
1.206909696213067065e+02 6.692800665834373319e+01 5.369288389513108939e+01
1.211728672492717465e+02 6.730020807324177667e+01 5.394789846025800983e+01
1.210935081148564336e+02 6.720228880565959173e+01 5.405280898876404194e+01
1.214941323345817779e+02 6.761148564294632024e+01 5.429371618809820887e+01
1.219715771951726992e+02 6.808543487307532871e+01 5.451797752808988662e+01
1.213835205992509430e+02 6.769180191427382454e+01 5.449088639200999040e+01
1.211701622971285843e+02 6.761643778610070399e+01 5.445114440282979729e+01
1.211585101955888462e+02 6.770640865584685741e+01 5.449434040782355737e+01
1.207301290054099070e+02 6.736317103620474711e+01 5.433736995422388816e+01
1.210104868913857672e+02 6.752342904702454973e+01 5.414997919267582205e+01
1.215243029546400351e+02 6.784481897627965452e+01 5.445405742821473183e+01
1.213105701206824847e+02 6.763391593841032545e+01 5.438580940491053184e+01
1.216292134831460743e+02 6.765851019558884616e+01 5.439267582188930561e+01
1.219272992093216743e+02 6.767869330004161554e+01 5.447927590511860529e+01
1.212681647940074896e+02 6.725176862255513299e+01 5.391793591344153214e+01
1.215302538493549775e+02 6.727998335414065423e+01 5.406208905534748510e+01
1.217330420307948344e+02 6.726545984186434168e+01 5.417798585101955666e+01
1.214196421140241426e+02 6.703845193508114164e+01 5.399242613399916735e+01
1.215243445692883881e+02 6.717211818560133452e+01 5.402655014565127090e+01
1.211388680815647092e+02 6.700853100291303122e+01 5.386595921764460826e+01
1.204149396587598773e+02 6.660728256346233422e+01 5.361127756970453362e+01
1.208236371202663406e+02 6.678818143986683253e+01 5.372692467748647260e+01
1.211902621722846476e+02 6.714906367041199076e+01 5.397103620474406682e+01
1.210107365792758998e+02 6.713524760715772288e+01 5.381706200582605248e+01
1.212348730753225112e+02 6.725010403662089686e+01 5.395330836454431989e+01
1.207588847274240464e+02 6.697611319184352396e+01 5.376321265085309875e+01
1.202914689970869802e+02 6.651993341656263681e+01 5.361398252184768864e+01
1.203960466084061522e+02 6.699754473574698466e+01 5.389692051602163758e+01
1.201884311277569708e+02 6.710395339159384775e+01 5.405967540574282282e+01
1.198506450270495236e+02 6.699155222638368912e+01 5.410024968789013400e+01
1.202389929255097769e+02 6.739812734082397583e+01 5.434461090303786790e+01
1.197064918851435635e+02 6.686229712858926177e+01 5.409375780274656620e+01
1.190571369121930871e+02 6.647528089887640590e+01 5.354294631710362040e+01
1.195202247191011224e+02 6.680595089471493964e+01 5.400944652517686251e+01
1.195915938410320365e+02 6.686475239284227712e+01 5.404985434873075434e+01
1.198168539325842659e+02 6.689459009571369563e+01 5.409966708281314851e+01
1.204136496046608471e+02 6.742213899292551105e+01 5.453499791926758178e+01
1.200398252184769063e+02 6.714461090303787216e+01 5.423866000832293111e+01
1.197374531835206000e+02 6.678897211818559754e+01 5.406113191843528654e+01
1.204358718268830586e+02 6.724228048272992453e+01 5.437361631294215414e+01
1.206322513524760751e+02 6.737057844361214620e+01 5.461727007906782916e+01
1.208528506034124064e+02 6.771377444860590344e+01 5.466674989596337753e+01
1.211479816895547259e+02 6.792342904702455542e+01 5.509463171036204443e+01
1.203604244694132319e+02 6.743624635871826456e+01 5.493928422804827250e+01
1.202950894714939665e+02 6.728859758635039157e+01 5.485622138992925301e+01
1.207775280898876389e+02 6.759783603828547882e+01 5.495713691219309283e+01
1.206749063670412028e+02 6.732692467748647402e+01 5.505276737411568888e+01
1.209097794423637140e+02 6.770037453183520881e+01 5.520823970037453421e+01
1.211498959633791088e+02 6.801506450270495918e+01 5.555513940907199100e+01
1.207094049105285052e+02 6.775617977528089853e+01 5.515950894714939778e+01
1.206369538077403263e+02 6.762638368705783876e+01 5.511818560133166756e+01
1.208770703287557211e+02 6.777852684144818340e+01 5.533108614232209987e+01
1.203665418227216009e+02 6.748539325842696712e+01 5.516213066999583958e+01
1.202949646275488931e+02 6.741256762380358225e+01 5.506666666666666998e+01
1.205948813982521841e+02 6.761727007906783626e+01 5.526063254265501712e+01
1.203157303370786479e+02 6.750998751560548783e+01 5.496674989596338179e+01
1.207139825218476972e+02 6.763824386183937065e+01 5.503017062005825721e+01
1.212923429047024513e+02 6.789783603828547598e+01 5.503882646691635472e+01
1.208465251768622579e+02 6.756263004577611753e+01 5.441240116521015580e+01
1.208337078651685346e+02 6.751868497711194550e+01 5.443928422804827250e+01
1.208544735746982894e+02 6.758198085726175464e+01 5.444906367041198791e+01
1.206239700374531765e+02 6.741997503121098134e+01 5.407640449438202523e+01
1.210621722846441912e+02 6.765709529754474261e+01 5.422446941323345726e+01
1.210860174781523142e+02 6.765713691219309567e+01 5.427195172700790948e+01
1.204590928006658288e+02 6.708630878069079984e+01 5.384019975031210947e+01
1.203676238035788657e+02 6.701439866833125336e+01 5.368664169787765417e+01
1.200632958801498091e+02 6.694818976279650258e+01 5.360595089471493679e+01
1.194916354556803952e+02 6.653924261339992086e+01 5.328073241781106617e+01
1.193647523928422771e+02 6.661310861423220331e+01 5.336100707449021741e+01
1.192560549313358251e+02 6.662351227632126438e+01 5.312397003745318358e+01
1.186791510611735276e+02 6.603528922180608163e+01 5.279833541406575392e+01
1.188680815647107778e+02 6.619101123595505953e+01 5.263878485226799597e+01
1.186585518102371992e+02 6.578514357053683170e+01 5.290699126092384574e+01
1.186593424885559784e+02 6.544269662921348640e+01 5.301498127340823885e+01
1.191655014565126862e+02 6.591298377028714128e+01 5.325796920516021515e+01
1.190815647107781956e+02 6.586591760299624809e+01 5.325409904286308915e+01
1.187959633791094518e+02 6.571523096129837427e+01 5.323100291302538523e+01
1.189758218893050383e+02 6.590524344569288928e+01 5.345081148564294438e+01
1.188095297544735729e+02 6.580620058260507221e+01 5.358730753225135146e+01
1.189009571369121971e+02 6.574481897627964599e+01 5.342105701206824619e+01
1.194225967540574231e+02 6.605197669579692388e+01 5.369692051602164184e+01
1.194967956720765727e+02 6.605659592176445472e+01 5.366650020807324495e+01
1.191974198918019141e+02 6.585543071161048090e+01 5.353266749895963272e+01
1.195608822305451469e+02 6.582704952143154742e+01 5.370794839783604147e+01
1.192378693300041590e+02 6.567390761548064404e+01 5.350561797752808957e+01
1.191615064502704939e+02 6.554860590928007014e+01 5.344956304619226017e+01
1.197726591760299613e+02 6.612338743237619099e+01 5.377940074906366874e+01
1.196551810237203455e+02 6.567116104868914306e+01 5.322588431127756792e+01
1.195754057428214736e+02 6.546287973366625579e+01 5.264681647940074782e+01
1.201141489804411151e+02 6.544265501456513334e+01 5.250349563046192003e+01
1.195679151061173542e+02 6.515085310029130028e+01 5.229176029962546579e+01
1.197816895547232576e+02 6.526308780690803246e+01 5.250686641697877377e+01
1.204070744902205519e+02 6.574040782355389467e+01 5.291227632126508240e+01
1.202219725343320818e+02 6.556238035788597074e+01 5.276163129421556164e+01
1.202650020807324154e+02 6.557020391177694307e+01 5.259159384103204360e+01
1.206738660008322910e+02 6.584323761964211030e+01 5.290807324178110349e+01
1.202618809821056942e+02 6.556808156471078064e+01 5.252996254681647770e+01
1.204527673741156946e+02 6.570295464003329755e+01 5.278793175197669285e+01
1.209418227215980011e+02 6.609330004161465411e+01 5.296213066999583674e+01
1.205829379941739461e+02 6.578560133166874380e+01 5.272034956304619158e+01
1.209111943404078175e+02 6.594015813566375073e+01 5.286633374947981423e+01
1.212512692467748678e+02 6.614573449854349008e+01 5.318859758635039725e+01
1.206324178110695016e+02 6.601136079900125253e+01 5.311964211402413838e+01
1.209694132334581838e+02 6.607453183520598827e+01 5.321019558884727729e+01
1.213826466916354576e+02 6.639354972950478384e+01 5.351165210153974527e+01
1.212397419891801889e+02 6.622933832709114199e+01 5.326887224302954849e+01
1.214496878901373265e+02 6.652925509779441882e+01 5.339991677070328535e+01
1.213759467332501032e+02 6.650578443612151602e+01 5.326342072409487827e+01
1.205205576362879754e+02 6.583191843528922504e+01 5.280104036620890895e+01
1.197513940907199270e+02 6.484402829796087531e+01 5.177078651685393140e+01
1.195216812317935933e+02 6.454972950478568805e+01 5.166708281315023044e+01
1.192801498127340807e+02 6.419642114024136959e+01 5.175555555555555287e+01
1.192604660840615907e+02 6.414644194756554896e+01 5.139596337910944612e+01
1.194120266333749498e+02 6.417374115688721758e+01 5.141210986267166305e+01
1.193181856013316633e+02 6.391444028297961211e+01 5.143753641281730893e+01
1.196690387016229664e+02 6.417956720765710088e+01 5.172663337494797986e+01
1.197122347066167265e+02 6.425006242197252959e+01 5.160237203495630354e+01
1.189417394923012949e+02 6.410669995838534874e+01 5.138926342072409170e+01
1.190564294631710425e+02 6.437419891801914673e+01 5.171335830212234441e+01
1.182903870162297153e+02 6.392742405326674771e+01 5.134673325010403744e+01
1.173268830628381210e+02 6.338539325842696570e+01 5.068227215980024880e+01
1.170640865584685741e+02 6.313907615480648872e+01 5.042247191011235685e+01
1.165737827715355763e+02 6.282796504369537871e+01 5.022505201831044275e+01
1.162901373283395685e+02 6.259101123595505811e+01 5.001073657927590688e+01
1.170306283811901835e+02 6.310220557636287708e+01 5.047532251352475896e+01
1.168797752808988832e+02 6.297415730337078799e+01 5.039779442363712292e+01
1.167301290054099070e+02 6.285921764461090078e+01 5.028119017894298537e+01
1.169592176446109022e+02 6.316021639617144956e+01 5.032850603412401114e+01
1.165432376196421131e+02 6.276021639617145098e+01 5.029879317519767312e+01
1.161002496878901411e+02 6.275809404910528855e+01 5.017141073657927564e+01
1.166238868081564704e+02 6.308447773616313015e+01 5.048980441115272555e+01
1.164471910112359581e+02 6.295364128173117280e+01 5.032034956304619300e+01
1.164080316271327575e+02 6.302942155638784527e+01 5.064373699542238683e+01
1.164417811069496480e+02 6.308838951310861631e+01 5.094764877236787015e+01
1.155024552642530153e+02 6.269504785684561199e+01 5.074124011652101274e+01
1.152589263420724137e+02 6.252334581772784361e+01 5.082463587182688514e+01
1.155988347898460233e+02 6.288938826466916510e+01 5.084985434873075150e+01
1.153531419059508920e+02 6.273757802746566625e+01 5.086183936745734258e+01
1.154465251768622522e+02 6.274049105285060079e+01 5.086974615064502814e+01
1.153962546816479460e+02 6.277802746566791825e+01 5.086833125260091748e+01
1.148959217644610931e+02 6.217357469829379824e+01 5.052962962962963189e+01
1.147823553890969634e+02 6.198501872659176115e+01 5.040499375780274960e+01
1.148553474823137748e+02 6.193533083645443327e+01 5.040898876404494189e+01
1.142565126924677514e+02 6.156662505201830982e+01 4.994798168955472306e+01
1.143864752392842234e+02 6.156358718268830899e+01 4.993121098626716758e+01
1.144382022471910147e+02 6.154173949230128926e+01 4.984877236787349375e+01
1.134614648356221380e+02 6.073404078235538606e+01 4.912471910112359552e+01
1.130174365376612542e+02 6.076333749479817214e+01 4.839263420724094544e+01
1.128635039533916000e+02 6.073424885559717268e+01 4.799733666250520514e+01
1.124148980441115242e+02 6.060649188514356922e+01 4.768747399084477934e+01
1.131633791094465238e+02 6.131077819392426420e+01 4.807357469829379681e+01
1.134399084477736181e+02 6.163033707865168509e+01 4.821693716188098477e+01
1.129962546816479403e+02 6.131102788181439678e+01 4.795622138992925443e+01
1.132162713275072861e+02 6.151098626716603945e+01 4.805597170203911617e+01
1.132629629629629591e+02 6.137698709945900788e+01 4.798048272992092933e+01
1.130700374531835166e+02 6.110774032459426053e+01 4.766787349146899544e+01
1.138111111111111171e+02 6.162567623803578698e+01 4.818789013732833837e+01
1.140792342904702394e+02 6.194798168955472306e+01 4.851918435289221776e+01
1.137211402413649637e+02 6.173478984602579800e+01 4.847877652933832593e+01
1.140703703703703695e+02 6.193370786516853599e+01 4.857648772367873846e+01
1.141085726175613786e+02 6.185064502704952361e+01 4.863824386183937065e+01
1.140278818143986683e+02 6.185010403662089118e+01 4.857311693716187762e+01
1.150566791510611750e+02 6.220133166874740027e+01 4.926858094049105574e+01
1.149312109862671605e+02 6.210216396171452402e+01 4.940819808572617688e+01
1.143238035788597529e+02 6.149042863087807120e+01 4.906337910944652236e+01
1.146926758218893099e+02 6.161593841032043173e+01 4.926670828131502589e+01
1.150174781523096073e+02 6.177220141489804206e+01 4.963720349563045886e+01
1.149961298377028669e+02 6.163541406575114223e+01 4.947619642114024430e+01
1.155705784436121490e+02 6.221094465251768924e+01 4.985230961298376684e+01
1.148260923845193560e+02 6.203325010403661821e+01 4.961136079900124685e+01
1.140532667498959682e+02 6.170129005409904011e+01 4.941864336246358391e+01
1.146903037869330007e+02 6.207698709945901072e+01 4.965318352059924933e+01
1.147612567623803557e+02 6.225081148564294864e+01 4.966595921764461252e+01
1.149938410320432780e+02 6.248422804827298904e+01 4.979975031210986458e+01
1.156559717020391247e+02 6.292588431127757076e+01 5.010083229296712659e+01
1.149540990428630920e+02 6.235409904286309057e+01 4.958764044943820437e+01
1.142921348314606718e+02 6.188938826466916510e+01 4.925509779442363367e+01
1.144280482729920863e+02 6.184078235538909496e+01 4.930994590095713903e+01
1.141468580940491080e+02 6.170108198085726059e+01 4.883499791926757894e+01
1.144620890553474766e+02 6.189854348730753486e+01 4.885667915106117221e+01
1.149987515605493087e+02 6.231427382438618423e+01 4.902072409488139471e+01
1.145021223470661624e+02 6.189071993341656253e+01 4.906733250104036870e+01
1.142533915938410303e+02 6.174818976279650684e+01 4.872538493549729566e+01
1.147192675821889338e+02 6.187881814398668467e+01 4.886375364128173260e+01
1.145352892218060816e+02 6.173495630461922445e+01 4.865230961298377110e+01
1.147884311277569651e+02 6.191044527673741271e+01 4.859051186017477875e+01
1.147987931751976731e+02 6.202858926342072721e+01 4.878223054515189006e+01
1.142547232625884277e+02 6.161518934665001979e+01 4.853345817727840483e+01
1.143487723678734937e+02 6.183974198918019027e+01 4.869733666250520088e+01
1.148888472742405327e+02 6.207969205160216575e+01 4.898972118185601232e+01
1.147184352892218016e+02 6.189879317519766744e+01 4.884461090303786790e+01
1.150366625052018321e+02 6.219379941739492068e+01 4.901036204744070091e+01
1.148374947981689616e+02 6.235318352059925218e+01 4.924415314190595439e+01
1.140413649604660833e+02 6.185301706200582572e+01 4.897586350395339139e+01
1.137042863087806950e+02 6.180249687890137267e+01 4.913899292550978259e+01
1.137959633791094518e+02 6.185305867665417878e+01 4.918922180607573580e+01
1.136047024552642597e+02 6.165697045359966921e+01 4.895701206824802654e+01
1.143381606325426532e+02 6.227007906783187963e+01 4.942530170620058527e+01
1.150744486059092822e+02 6.289467332501040175e+01 4.977715355805243291e+01
1.147517686225551330e+02 6.259280066583437474e+01 4.963333333333333286e+01
1.149071577195172722e+02 6.270674157303371032e+01 4.967777777777777715e+01
1.146027881814398626e+02 6.230557636287973367e+01 4.957707032875572395e+01
1.143135663753641325e+02 6.180104036620890895e+01 4.946504369538077128e+01
1.149285476487723656e+02 6.230765709529754304e+01 4.968543487307532303e+01
1.154068664169787723e+02 6.276841448189762929e+01 4.998206408655846644e+01
1.150773616312942096e+02 6.261868497711194692e+01 4.960353724511028162e+01
1.153279234290470185e+02 6.279275905118601742e+01 4.981356637536412535e+01
1.148737411568872204e+02 6.240124843945068989e+01 4.953982521847690634e+01
1.145655846858093980e+02 6.208510195588847580e+01 4.915052018310445447e+01
1.151247191011235884e+02 6.250124843945068420e+01 4.936541822721598294e+01
1.147775697045359919e+02 6.246412817311693999e+01 4.907286724927174504e+01
1.143920932168123130e+02 6.234090719933416835e+01 4.891044527673741271e+01
1.148313774448605926e+02 6.259400749063670588e+01 4.929779442363712150e+01
1.147557636287973395e+02 6.256025801081980831e+01 4.923766125676237948e+01
1.145042446941323391e+02 6.238206408655847213e+01 4.899521431543903560e+01
1.149251352476071588e+02 6.282684144818976080e+01 4.923283395755306202e+01
1.142407823553891006e+02 6.249063670411985072e+01 4.894972950478568663e+01
1.138006658343737030e+02 6.219292550977944245e+01 4.857220141489804632e+01
1.139539325842696655e+02 6.231972534332084734e+01 4.869042863087806694e+01
1.137460258010819842e+02 6.212147315855180807e+01 4.861652101539741722e+01
1.140278818143986683e+02 6.239200998751560689e+01 4.893300041614648421e+01
1.146495630461922559e+02 6.286446109030378437e+01 4.940395339159383781e+01
1.147148980441115214e+02 6.268077403245942492e+01 4.955934248855596991e+01
1.148972950478568436e+02 6.259741989180191268e+01 4.970378693300041562e+01
1.154626716604244763e+02 6.277794423637120502e+01 5.011768622555139530e+01
1.147398668331252622e+02 6.230982105701206564e+01 4.958481065334997595e+01
1.146007906783187735e+02 6.215892634207241230e+01 4.962093216812318275e+01
1.147617977528089881e+02 6.246625052018310242e+01 4.977120266333749754e+01
1.143259259259259295e+02 6.208414481897627724e+01 4.944028297960882412e+01
1.144576362879733722e+02 6.236400332917186518e+01 4.949450686641697672e+01
1.149036204744069920e+02 6.258543487307532160e+01 4.964785684560965251e+01
1.143296296296296362e+02 6.203175197669579433e+01 4.919604660840615651e+01
1.141774032459425712e+02 6.183666250520182928e+01 4.903616312942155986e+01
1.141826050769871017e+02 6.160682480233042213e+01 4.888980441115272413e+01
1.140055763628797365e+02 6.151677070328755548e+01 4.895788597586350477e+01
1.144910112359550567e+02 6.189459009571368853e+01 4.923358302122347396e+01
1.149401997503121038e+02 6.236991260923845459e+01 4.942534332084893833e+01
1.141526841448189771e+02 6.225122763212650767e+01 4.929508947149396647e+01
1.141785684560965421e+02 6.242193091968373153e+01 4.929700374531834939e+01
1.140532251352476010e+02 6.245830212234706380e+01 4.929017894298792868e+01
1.137054099042863129e+02 6.221410736579275635e+01 4.919646275488972265e+01
1.142595089471493992e+02 6.268813982521847805e+01 4.950436953807740537e+01
1.144842696629213492e+02 6.311423220973782833e+01 4.993037869330004241e+01
1.139299625468164834e+02 6.268809821057011789e+01 4.966853932584269415e+01
1.136906783187682066e+02 6.259804411152725834e+01 4.961144402829796007e+01
1.134704952143154344e+02 6.232950478568456276e+01 4.937861007074490516e+01
1.132723678734914756e+02 6.208418643362463740e+01 4.902534332084893975e+01
1.138383270911360796e+02 6.253662089055347195e+01 4.937532251352475754e+01
1.139093632958801550e+02 6.269105285060341259e+01 4.934689970869746389e+01
1.133604244694132319e+02 6.222284644194756709e+01 4.929483978360382679e+01
1.134552226383687099e+02 6.224590095713691085e+01 4.917049521431543724e+01
1.134203911776945546e+02 6.233774448605909413e+01 4.927573866000832226e+01
1.134808988764044955e+02 6.218493549729505077e+01 4.921398252184769007e+01
1.139881398252184823e+02 6.256716604244694224e+01 4.939138576779026124e+01
1.139355805243445730e+02 6.250345401581356697e+01 4.945568039950062200e+01
1.137844777361631259e+02 6.212713275072825780e+01 4.925722014148980321e+01
1.143764044943820295e+02 6.248135663753641467e+01 4.951656263004577596e+01
1.145508531002913060e+02 6.259671244277986091e+01 4.970141489804411350e+01
1.149751144402829794e+02 6.298635039533915858e+01 5.006841448189762644e+01
1.156652517686225536e+02 6.358526841448189515e+01 5.053300041614648563e+01
1.154997503121098674e+02 6.358331252600915207e+01 5.054411152725759138e+01
1.152673741156887246e+02 6.325172700790677993e+01 5.049342488555971897e+01
1.156396171452351211e+02 6.357727840199750347e+01 5.047041198501872827e+01
1.154776113191843478e+02 6.323366625052018009e+01 5.041244277985850886e+01
1.157830212234706551e+02 6.334848106533500101e+01 5.061814398668331449e+01
1.164198085726175549e+02 6.389421556387848256e+01 5.095131086142322374e+01
1.162910944652517742e+02 6.397257594673325087e+01 5.085705368289637818e+01
1.156653349979192740e+02 6.396138160632542480e+01 5.063945068664169469e+01
1.157754473574698295e+02 6.416803995006242189e+01 5.064103204327923180e+01
1.152576779026217224e+02 6.383678734914690267e+01 5.028048272992093359e+01
1.155151893466500184e+02 6.401181856013316462e+01 5.034956304619225875e+01
1.158365376612567559e+02 6.440133166874740311e+01 5.046650020807324211e+01
1.154663337494798157e+02 6.425310029130254463e+01 5.037761131918435353e+01
1.154058676654182278e+02 6.417831876820640957e+01 5.053445692883894935e+01
1.156039533915938478e+02 6.439804411152725550e+01 5.038322929671244310e+01
1.152823970037453165e+02 6.406724927174364836e+01 5.030162297128589444e+01
1.158409488139825214e+02 6.438743237619641491e+01 5.044860590928006872e+01
1.164655846858094037e+02 6.487781939242613305e+01 5.070811485642946081e+01
1.161486059092800645e+02 6.454236371202662781e+01 5.055784436121514602e+01
1.160370370370370381e+02 6.446674989596337468e+01 5.058651685393258646e+01
1.165110694964627527e+02 6.476558468580940087e+01 5.077049521431543866e+01
1.163440282979608753e+02 6.462184769038701404e+01 5.048135663753641467e+01
1.170797336662505188e+02 6.458168955472326900e+01 5.069579692051602393e+01
1.175950062421972575e+02 6.453191843528922789e+01 5.088489388264669344e+01
1.171459425717852696e+02 6.396891385767790439e+01 5.063491468997086997e+01
1.172055347482313721e+02 6.401111111111110574e+01 5.055593008739076311e+01
1.169995006242197206e+02 6.376429463171036360e+01 5.055122763212651193e+01
1.163248439450686647e+02 6.340532667498959540e+01 5.028539325842696428e+01
1.169319600499375724e+02 6.383866000832293253e+01 5.051456512692467982e+01
1.169058676654182278e+02 6.391011235955055980e+01 5.065551394090719839e+01
1.168040366208905567e+02 6.372763212650853148e+01 5.047170203911777264e+01
1.168192675821889281e+02 6.392163961714523168e+01 5.060578443612151744e+01
1.164518934665002092e+02 6.373204327923428991e+01 5.049925093632958806e+01
1.161635871826883033e+02 6.343258426966291808e+01 5.042043279234290765e+01
1.167128173116937120e+02 6.387344985434872768e+01 5.067919267582188780e+01
1.166457761131918431e+02 6.402688306283812381e+01 5.076737411568872460e+01
1.162417811069496452e+02 6.373058676654182619e+01 5.036529338327090954e+01
1.164374115688722497e+02 6.388976279650437107e+01 5.063716188098210580e+01
1.163181023720349572e+02 6.374881398252184539e+01 5.083354140657511522e+01
1.163020807324178065e+02 6.373753641281731319e+01 5.094752392842280386e+01
1.167468580940491023e+02 6.417873491468996860e+01 5.123607990012484237e+01
1.164372034956304560e+02 6.388680815647107636e+01 5.131768622555139103e+01
1.159536828963795188e+02 6.361960049937577821e+01 5.099579692051602109e+01
1.161717436537661285e+02 6.366046608406158924e+01 5.096267166042446917e+01
1.155570952975447341e+02 6.325106117353308122e+01 5.051498127340823885e+01
1.155828547648772400e+02 6.322771535580524471e+01 5.045742821473158557e+01
1.160349979192675818e+02 6.358181439866832818e+01 5.080520183104452769e+01
1.156284644194756623e+02 6.316163129421556732e+01 5.052534332084893975e+01
1.153853100291302525e+02 6.303275072825634595e+01 5.049600499375780061e+01
1.156690803162713337e+02 6.317594673325010746e+01 5.014556803995006362e+01
1.150885559717020357e+02 6.262014148980441064e+01 4.981656263004577312e+01
1.149683728672492720e+02 6.241073657927590546e+01 4.977053682896379172e+01
1.149861007074490260e+02 6.258426966292135063e+01 4.916512692467748735e+01
1.145286308780690803e+02 6.220878069080315953e+01 4.870108198085726059e+01
1.143912193091968419e+02 6.210191427382438434e+01 4.833146067415730585e+01
1.146687890137328338e+02 6.254993757802746757e+01 4.836683312526009360e+01
1.146915938410320450e+02 6.246787349146899970e+01 4.824723262588430828e+01
1.149182688306283779e+02 6.261439866833125478e+01 4.837519766957969125e+01
1.149791094465251717e+02 6.265776113191843422e+01 4.811094465251768781e+01
1.142570952975447369e+02 6.191294215563878822e+01 4.773999167707032854e+01
1.142225967540574345e+02 6.185014565126924424e+01 4.804739908447773900e+01
1.148232209737827674e+02 6.212609238451935312e+01 4.809588014981273574e+01
1.143552642530170687e+02 6.174036620890553451e+01 4.780436953807740252e+01
1.145085726175613843e+02 6.171997503121098561e+01 4.778531002913025105e+01
1.141608406158968023e+02 6.160977944236370973e+01 4.767369954223887163e+01
1.135943404078235517e+02 6.111493965875988010e+01 4.723121098626716474e+01
1.139013316687474031e+02 6.117049521431543724e+01 4.762883895131086121e+01
1.145089055347482372e+02 6.136808156471077780e+01 4.812538493549729424e+01
1.142875156054931267e+02 6.111156887224302636e+01 4.795251768622555488e+01
1.144767790262172298e+02 6.129941739492301167e+01 4.808401997503121095e+01
1.146385767790262236e+02 6.148243861839367241e+01 4.819563046192259748e+01
1.142781939242613447e+02 6.114868913857677768e+01 4.800270495214315503e+01
1.144263420724094829e+02 6.122059925093633126e+01 4.798023304203079675e+01
1.146118185601331732e+02 6.112492717436537504e+01 4.801556387848522434e+01
1.145136912193091945e+02 6.079575530586766519e+01 4.794323761964211172e+01
1.150434456928838927e+02 6.123304203079484154e+01 4.821323345817727812e+01
1.151517686225551387e+02 6.142867249271743901e+01 4.820653349979192370e+01
1.147300873907615539e+02 6.111244277985851170e+01 4.786916354556804265e+01
1.150622971285892646e+02 6.084323761964211741e+01 4.795168539325842971e+01
1.144689138576779044e+02 6.056679151061173627e+01 4.754972950478568805e+01
1.144133999167707003e+02 6.036071577195172466e+01 4.739217644610903335e+01
1.151770703287557183e+02 6.083266749895963699e+01 4.798281315022887838e+01
1.157385351643778648e+02 6.114685809404910799e+01 4.839221806075738641e+01
1.154806491885143629e+02 6.094198918019142752e+01 4.807141073657927421e+01
1.151709113607989963e+02 6.070674157303371032e+01 4.803899292550978117e+01
1.143211818560133111e+02 5.959192675821889651e+01 4.740898876404494189e+01
1.140512276321265119e+02 5.928560133166875090e+01 4.722767374115688455e+01
1.149039533915938449e+02 5.985875988347898158e+01 4.782226383687057591e+01
1.150597170203911759e+02 6.012055763628797678e+01 4.798014981273408353e+01
1.148188514357053691e+02 6.005372451102788034e+01 4.772351227632126580e+01
1.148869746150645028e+02 5.994806491885143629e+01 4.772043279234290480e+01
1.145061173533083689e+02 5.959384103204327943e+01 4.740449438202247023e+01
1.145716188098210608e+02 5.966325426550145750e+01 4.757249271743653907e+01
1.154990428630878085e+02 6.024078235538909354e+01 4.797960882230545110e+01
1.155116937161880912e+02 6.031410736579275778e+01 4.803995006242197263e+01
1.154738660008322881e+02 6.040012484394507197e+01 4.803932584269662698e+01
1.155941739492301252e+02 6.050453599667082472e+01 4.810237203495630354e+01
1.149334165626300432e+02 6.010495214315439227e+01 4.770761548064918856e+01
1.148997086974615058e+02 6.005701206824802085e+01 4.771493965875988152e+01
1.153620890553474823e+02 6.055792759051185925e+01 4.803462338743237581e+01
1.152751144402829766e+02 6.070158135663753995e+01 4.817103620474406966e+01
1.155794839783603862e+02 6.115068664169788093e+01 4.835047856845609715e+01
1.158097378277153524e+02 6.126475239284228280e+01 4.851493965875988579e+01
1.151331668747399135e+02 6.065692883895130905e+01 4.805913441531419039e+01
1.151960049937577963e+02 6.061373283395755607e+01 4.791310861423220757e+01
1.154218893050353785e+02 6.090636704119850009e+01 4.824794007490636716e+01
1.155219309196837258e+02 6.089130253849354801e+01 4.832567623803578982e+01
1.158012484394506885e+02 6.125393258426966270e+01 4.847399084477736153e+01
1.159334165626300432e+02 6.139067831876820946e+01 4.857095297544735502e+01
1.157596754057428257e+02 6.108560133166874806e+01 4.845414065751144506e+01
1.159403245942571772e+02 6.114465251768622522e+01 4.831627132750728038e+01
1.160273824386183890e+02 6.109504785684561057e+01 4.839400749063670304e+01
1.155159800249687834e+02 6.097732001664586221e+01 4.816858094049105432e+01
1.160654598418643388e+02 6.149850187265917612e+01 4.852347066167290990e+01
1.165342072409488168e+02 6.208510195588847580e+01 4.909359134415313974e+01
1.161741989180191439e+02 6.176862255513940880e+01 4.875280898876404478e+01
1.163778193924261330e+02 6.176050769870994372e+01 4.874461090303786648e+01
1.161941323345817665e+02 6.135076987099458989e+01 4.854669163545568011e+01
1.159457344985434872e+02 6.131985018726592074e+01 4.841764461090303939e+01
1.166978776529338262e+02 6.204902205576362917e+01 4.895131086142322374e+01
1.168896379525592977e+02 6.232734082397004016e+01 4.909654598418643445e+01
1.163903037869330035e+02 6.183183520599251182e+01 4.872442779858510420e+01
1.162761548064918884e+02 6.172351227632126580e+01 4.868314606741572703e+01
1.160682480233042071e+02 6.143503953391594052e+01 4.850628381190178828e+01
1.159327091136079844e+02 6.123558052434457011e+01 4.859604660840616219e+01
1.165997086974615087e+02 6.172679983354140631e+01 4.883674573449854250e+01
1.166339575530586785e+02 6.196412817311693999e+01 4.886616729088639488e+01
1.172282563462338771e+02 6.214203079483978343e+01 4.933595505617977750e+01
1.180772784019975035e+02 6.250158135663753711e+01 4.946054931335829963e+01
1.178180607573866041e+02 6.221381606325426361e+01 4.930969621306699935e+01
1.172435705368289689e+02 6.164839783603828494e+01 4.900944652517686251e+01
1.174441531419059572e+02 6.160628381190178970e+01 4.921277569704535892e+01
1.172780274656679182e+02 6.153528922180607452e+01 4.914619225967540928e+01
1.175349146899708757e+02 6.179617145235122422e+01 4.927449022055763805e+01
1.184145651269246713e+02 6.262122347066167549e+01 4.985842696629213577e+01
1.181288805659592214e+02 6.260461922596753936e+01 4.984390345401581612e+01
1.179253017062005853e+02 6.236500208073241680e+01 4.962009987515605758e+01
1.180893050353724476e+02 6.232675821889304757e+01 4.964860590928006445e+01
1.176817727840199694e+02 6.158422804827299046e+01 4.922492717436537646e+01
1.180757386600083265e+02 6.181672908863919957e+01 4.942863087806907885e+01
1.188683728672492776e+02 6.253945068664170037e+01 4.991914273824386328e+01
1.186546400332917131e+02 6.266828963795256158e+01 4.988801498127340750e+01
1.184374531835206028e+02 6.268339575530586671e+01 4.988148148148147953e+01
1.182855181023720377e+02 6.263583021223470837e+01 4.998838951310861489e+01
1.172374115688722469e+02 6.203907615480649440e+01 4.947927590511860529e+01
1.165004993757802794e+02 6.169151061173533179e+01 4.912655014565127232e+01
1.166266749895963386e+02 6.161860174781523369e+01 4.911672908863920384e+01
1.161320848938826487e+02 6.141706200582605391e+01 4.893732833957552941e+01
1.165144402829796064e+02 6.174248855597170405e+01 4.911360799001248267e+01
1.167651685393258418e+02 6.207419891801914247e+01 4.931414898044111794e+01
1.163825218476903842e+02 6.183662089055347622e+01 4.913682896379525289e+01
1.163439034540158161e+02 6.161256762380357799e+01 4.905742821473158699e+01
1.163720349563046170e+02 6.143712026633374990e+01 4.905867665418227119e+01
1.159595089471494020e+02 6.120553474823137918e+01 4.869841864336246573e+01
1.166355389096962085e+02 6.157960882230545252e+01 4.911768622555139530e+01
1.172111527257594616e+02 6.221065334997918939e+01 4.951011235955056122e+01
1.170337910944652577e+02 6.210952975447357716e+01 4.946991260923844891e+01
1.172256762380357884e+02 6.216683312526009075e+01 4.928202247191011054e+01
1.173012068248023354e+02 6.198493549729504792e+01 4.895389096962130537e+01
1.171972950478568407e+02 6.187528089887640448e+01 4.873820224719101191e+01
1.177789013732833894e+02 6.232555139409071643e+01 4.888127340823970002e+01
1.180347482313774492e+02 6.241410736579275920e+01 4.890382854764877152e+01
1.177922596754057452e+02 6.243237619642113856e+01 4.880074906367040910e+01
1.180944236371202720e+02 6.273304203079484154e+01 4.900986267166042154e+01
1.178950062421972547e+02 6.257099459009571518e+01 4.887744486059092708e+01
1.176865584685809409e+02 6.246250520183104271e+01 4.905476487723678503e+01
1.181143570536828946e+02 6.293042030794839548e+01 4.926749895963379089e+01
1.181788181439866889e+02 6.297315855181023636e+01 4.929642114024136390e+01
1.179038701622971246e+02 6.269155222638368485e+01 4.886142322097378354e+01
1.185131918435289151e+02 6.291252600915522208e+01 4.933578859758635105e+01
