1.811047761940485259e+02 1.142103025756439081e+02 9.738581073839888802e+01
1.808130604079591421e+02 1.137339334833708477e+02 9.700521558961169433e+01
1.799106205122709241e+02 1.129239809952488116e+02 9.623205801450362173e+01
1.792066230843425103e+02 1.122954310006072944e+02 9.565966491622906176e+01
1.793440145750723502e+02 1.124274282856428329e+02 9.574911585039116346e+01
1.791413924909798823e+02 1.122632443825242063e+02 9.542278426749544451e+01
1.792370592648161960e+02 1.122593862751402156e+02 9.489540242203408127e+01
1.795844675454577839e+02 1.124980888079162611e+02 9.500843067909833906e+01
1.794573286178687397e+02 1.124808702175543829e+02 9.469896045439931243e+01
1.793922051941556788e+02 1.125167363269388829e+02 9.416486264423248542e+01
1.797484728324938317e+02 1.127037830886292937e+02 9.421859036187618130e+01
1.793292966098667591e+02 1.123638409602400543e+02 9.378591076340514121e+01
1.787415425284892763e+02 1.117966991747937016e+02 9.349462365591398338e+01
1.787038188118458208e+02 1.117947343978851791e+02 9.347661915478869332e+01
1.785873968492122970e+02 1.117418997606544480e+02 9.333211874397170504e+01
1.783784517557960783e+02 1.115575322402029030e+02 9.328107026756688924e+01
1.781723645197013468e+02 1.113223305826456624e+02 9.318386739542027897e+01
1.773783088629300266e+02 1.105499589183010016e+02 9.250655521023112726e+01
1.768939377701568390e+02 1.104451112778194499e+02 9.222259136212625208e+01
1.772444539706355044e+02 1.108504983388704375e+02 9.249058693244739970e+01
1.773439788518558089e+02 1.111115278819704884e+02 9.249462365591398338e+01
1.775336334083520740e+02 1.114075304540420888e+02 9.266538063087200783e+01
1.780202550637659442e+02 1.120267924123888150e+02 9.313371199942842793e+01
1.779715285964348368e+02 1.122055156646304397e+02 9.318668952952523910e+01
1.779725645697138532e+02 1.120221483942414125e+02 9.300310791983710601e+01
1.778663594470046121e+02 1.119515950416175514e+02 9.286400171471439080e+01
1.774594362876433422e+02 1.114950880577287222e+02 9.262701389633122062e+01
1.773854177830171750e+02 1.113602329153716965e+02 9.245036259064765716e+01
1.773790590504769114e+02 1.112220197906619461e+02 9.235551745079126817e+01
1.769099417711570652e+02 1.109244811202800634e+02 9.206230128960811498e+01
1.770937019969277912e+02 1.111076697745864976e+02 9.228453541956918116e+01
1.774311077769442306e+02 1.114177115707498302e+02 9.239827814096381076e+01
1.767153216875647388e+02 1.108539634908727152e+02 9.190247561890473094e+01
1.761934412174472300e+02 1.104630086092951871e+02 9.229493087557604269e+01
1.758834351445004245e+02 1.102870717679419812e+02 9.213674847283249392e+01
1.756176186903868768e+02 1.100470831993712721e+02 9.207091058478906120e+01
1.758995820383667308e+02 1.104420390811988710e+02 9.246572357375058004e+01
1.760872360947379605e+02 1.105898260279355583e+02 9.259332690315436309e+01
1.751344979101918398e+02 1.097967348980102145e+02 9.194812988961525946e+01
1.746806701675418765e+02 1.093492301646840303e+02 9.158996892080162411e+01
1.746022577072839681e+02 1.094359661343907391e+02 9.156514128532133157e+01
1.746452684599721294e+02 1.090763762369163743e+02 9.130707676919229243e+01
1.746028292787482599e+02 1.092527060336512648e+02 9.130454042081949240e+01
1.741790447611902835e+02 1.088198478190976317e+02 9.114428607151788242e+01
1.738460686600221550e+02 1.084717607973421991e+02 9.082834994462901079e+01
1.737599757082127780e+02 1.084535776801343161e+02 9.088268495695352556e+01
1.736753474082806292e+02 1.083668417104276074e+02 9.068106312292358950e+01
1.736566998892580216e+02 1.083897402922159046e+02 9.083306540920943917e+01
1.744218911870824797e+02 1.090808773621976968e+02 9.142535633908477166e+01
1.748080948808630808e+02 1.096216196906369476e+02 9.174611510020362459e+01
1.745882542064087488e+02 1.094857642982174184e+02 9.162154824420390753e+01
1.745396706319436930e+02 1.094915871825099174e+02 9.169624548994391944e+01
1.744536848497838832e+02 1.093498374593648350e+02 9.174604365377058457e+01
1.744460758046654405e+02 1.093843460865216315e+02 9.170038938306005605e+01
1.749897474368592043e+02 1.097471510734826552e+02 9.216396956381952066e+01
1.749329832458114424e+02 1.096630943450148266e+02 9.205354910156110293e+01
1.742250919872825250e+02 1.090867002464901958e+02 9.156978530346871992e+01
1.736837780873789825e+02 1.087421140999535538e+02 9.129660986675240508e+01
1.728598935448147813e+02 1.080316150466187963e+02 9.091569320901653839e+01
1.730621941199585478e+02 1.083352623870253240e+02 9.102536348372807140e+01
1.740484764048154886e+02 1.090420105026256579e+02 9.194030650519772507e+01
1.743107919837102031e+02 1.092245561390347603e+02 9.200232200907369418e+01
1.739556317650841208e+02 1.090794484335369532e+02 9.171717929482370835e+01
1.739109062980030842e+02 1.090923802379166290e+02 9.143871682206265916e+01
1.733937770156825025e+02 1.084980888079162611e+02 9.098531775801093602e+01
1.731769728146322223e+02 1.082143035758939789e+02 9.075665344907655196e+01
1.734148537134283572e+02 1.083827742649948220e+02 9.063180080734468902e+01
1.733156146179402128e+02 1.083127210374022127e+02 9.066523773800592778e+01
1.737662272711035030e+02 1.086872789625977873e+02 9.086707391133496969e+01
1.744706533776301285e+02 1.093841674704390385e+02 9.132733183295823665e+01
1.741643982424177466e+02 1.091522523488014826e+02 9.124166755974708565e+01
1.737017825885042726e+02 1.088585717858035906e+02 9.100367949130139777e+01
1.736693101846890386e+02 1.088977958775408155e+02 9.104897652984674039e+01
1.737010324009573878e+02 1.087286107241096005e+02 9.111699353409781565e+01
1.742247347551173391e+02 1.091991926553066889e+02 9.140231486443039444e+01
1.747620833779873522e+02 1.096508055585324968e+02 9.168617154288571669e+01
1.743659129067981155e+02 1.093483370842710656e+02 9.141367484728324655e+01
1.740977387203943749e+02 1.090858428892937582e+02 9.137123566605937697e+01
1.740966313006823043e+02 1.086907083913835663e+02 9.132475976136890949e+01
1.736739184796199140e+02 1.079726717393634061e+02 9.092062301289608683e+01
1.738925088414960953e+02 1.079545243453720502e+02 9.075522452041582255e+01
1.743641624691887273e+02 1.082446325867181116e+02 9.101632550994891346e+01
1.742685671417854394e+02 1.080638373879184115e+02 9.083528024863358041e+01
1.741465366341585366e+02 1.081259243382274207e+02 9.080327224663308527e+01
1.743035401707569747e+02 1.081182795698924792e+02 9.091237094988032652e+01
1.743004679741363816e+02 1.080301146715250269e+02 9.091154931590040178e+01
1.747808023434430140e+02 1.083650555496016921e+02 9.111770799842817325e+01
1.747794448612152962e+02 1.083848819347694103e+02 9.115410995606043798e+01
1.741775801093130553e+02 1.079068695745364863e+02 9.077601543242953142e+01
1.744480405815739630e+02 1.080208980816632760e+02 9.088143464437537489e+01
1.747155003036473317e+02 1.082330225413496265e+02 9.093080412960382830e+01
1.747422212696031067e+02 1.082310220412245911e+02 9.106483763798092923e+01
1.748796484835494596e+02 1.084736184046011545e+02 9.138977601543243168e+01
1.738494266423748797e+02 1.086536276926374427e+02 9.130150394741542641e+01
1.732671024899081829e+02 1.083691994427178287e+02 9.105812167327546547e+01
1.732216268352802615e+02 1.085181295323830994e+02 9.113371199942842793e+01
1.728258493194727237e+02 1.084999464151752164e+02 9.107805522809273668e+01
1.723986710963455096e+02 1.082753188297074303e+02 9.081663272961097277e+01
1.725236309077269254e+02 1.085399921408923660e+02 9.110734826563783884e+01
1.724328939377701602e+02 1.085845032686743110e+02 9.104497552959668383e+01
1.719090129675275875e+02 1.082753545529239432e+02 9.080527274675812066e+01
1.719447361840460076e+02 1.081707569749580244e+02 9.069774586503768887e+01
1.716454113528382095e+02 1.079137998785410701e+02 9.039584896224056365e+01
1.713280105740720956e+02 1.074325367056049743e+02 9.002361304611866899e+01
1.715355267388275706e+02 1.076205122709248769e+02 9.014814417890187315e+01
1.715912906798128006e+02 1.077408280641588902e+02 9.023484442539206896e+01
1.714173543385846585e+02 1.077137141428214164e+02 9.009813167577608795e+01
1.717624048869360252e+02 1.079180866645232726e+02 9.046250848426392110e+01
1.718383524452541735e+02 1.078069874611509960e+02 9.028878648233487070e+01
1.720574072089450794e+02 1.079202300575143738e+02 9.019219090486907930e+01
1.725185939341978383e+02 1.082194119958561060e+02 9.037666559497017715e+01
1.724891580037866561e+02 1.081792948237059306e+02 9.018175972564569065e+01
1.724635801807594646e+02 1.081104561854749448e+02 9.025077697995926940e+01
1.734283213660557976e+02 1.088217054263565871e+02 9.082145536384095408e+01
1.737175365269888800e+02 1.090432250919872814e+02 9.112153038259565108e+01
1.736850998463901590e+02 1.089204801200300068e+02 9.108930804129603587e+01
1.736724181045261446e+02 1.088652520272925415e+02 9.104022434179974255e+01
1.730815203800950144e+02 1.084527560461543914e+02 9.055442432036581124e+01
1.728520701603972327e+02 1.082978959025470687e+02 9.025542099810667196e+01
1.729788161326045781e+02 1.086012217340049233e+02 9.047426142249848624e+01
1.727119994284285269e+02 1.081842960740185049e+02 9.042164112456686098e+01
1.725108419962133439e+02 1.081277462222698489e+02 9.023538027363983360e+01
1.727470081806165751e+02 1.084787625477798088e+02 9.043685921480370382e+01
1.724197477940913927e+02 1.080319365555674693e+02 9.004186760975957782e+01
1.720623012896081150e+02 1.075379201943343048e+02 8.975590326152966725e+01
1.719443432286643088e+02 1.073265816454113519e+02 8.961226020790911662e+01
1.717121780445111199e+02 1.071317829457364326e+02 8.933033258314578973e+01
1.717849462365591364e+02 1.072285214160683040e+02 8.937241453220447340e+01
1.720511913692708958e+02 1.074021005251312886e+02 8.966259421998356061e+01
1.716191190654806462e+02 1.067464366091522834e+02 8.920151466438038312e+01
1.713194727253241751e+02 1.065476726324438204e+02 8.888718608223484807e+01
1.715280963097917208e+02 1.064724752616725567e+02 8.880098596077590400e+01
1.710625513521237337e+02 1.061273532668881501e+02 8.831536455542456565e+01
1.711151716500553732e+02 1.062138391740792400e+02 8.822116243346550846e+01
1.715531740077876748e+02 1.067597970921301709e+02 8.857250026792412712e+01
1.719225520665880822e+02 1.069641338906155141e+02 8.905362054799414295e+01
1.721843675204515307e+02 1.073000035723216570e+02 8.914410745543528947e+01
1.722083020755188727e+02 1.072437037830886339e+02 8.906523059336262804e+01
1.719338048797913814e+02 1.069346979602043319e+02 8.881631122066231399e+01
1.718860429393062645e+02 1.068609295180938119e+02 8.875261672560996828e+01
1.716721680420104974e+02 1.068557496516986447e+02 8.904290358303862263e+01
1.712854284999821459e+02 1.068304933376201262e+02 8.875300968099168131e+01
1.719560961668988739e+02 1.074397527953416898e+02 8.928174900868074815e+01
1.723872753902761303e+02 1.077596899224806180e+02 8.958171685778587801e+01
1.719042975029471734e+02 1.074044582574214957e+02 8.937234308577144759e+01
1.716430178973314753e+02 1.070503340120744440e+02 8.928307076769192463e+01
1.711740435108777092e+02 1.066808130604079565e+02 8.884999821383917151e+01
1.701276747758368231e+02 1.058238488193476883e+02 8.810588361376058231e+01
1.698519272675311811e+02 1.055212374522201912e+02 8.779494873718429915e+01
1.696015789661701092e+02 1.052647447576179758e+02 8.750884149608830853e+01
1.694033508377094392e+02 1.050524774050655452e+02 8.727271103490157600e+01
1.698751116350516099e+02 1.053990997749437355e+02 8.755588897224306777e+01
1.698898296002572010e+02 1.054195334547922727e+02 8.774804415389561996e+01
1.689402350587646993e+02 1.051027399707069634e+02 8.744350373307612756e+01
1.690341156717750835e+02 1.053301896902797097e+02 8.773850605508519607e+01
1.689457007108919981e+02 1.054443968134890923e+02 8.776047583324402979e+01
1.688156324795484693e+02 1.054445397063551582e+02 8.770867716929232927e+01
1.688176687028900176e+02 1.056561640410102569e+02 8.780938091665773015e+01
1.683924552566712975e+02 1.053326188690029710e+02 8.759575608187761020e+01
1.680355446004358271e+02 1.051564319651341464e+02 8.764483978137391773e+01
1.684085307041046065e+02 1.055897903047190312e+02 8.800260779480584006e+01
1.685674632943950257e+02 1.057697638695388065e+02 8.814771550030364722e+01
1.685432786768120650e+02 1.058028792912513865e+02 8.797906619512021109e+01
1.686114742971457190e+02 1.058896152609580952e+02 8.804719036902082507e+01
1.678557853749151434e+02 1.052388811488586384e+02 8.751427142499910872e+01
1.673407280391526513e+02 1.047677990926302982e+02 8.708716464830493464e+01
1.673765941485371229e+02 1.047188940092165836e+02 8.725874325724288383e+01
1.673852034437180691e+02 1.047185010538348848e+02 8.704736898510341803e+01
1.673278676812060155e+02 1.045139499160504357e+02 8.696020433679848338e+01
1.673927053191869447e+02 1.042505983638766764e+02 8.701303897402921450e+01
1.667266459472010922e+02 1.033539099060479458e+02 8.642649948201335519e+01
1.663520165755724634e+02 1.028110599078341068e+02 8.589858178830421309e+01
1.664044582574215099e+02 1.027607258957596486e+02 8.574222126960312096e+01
1.666067231093487635e+02 1.028960811631479260e+02 8.563801664701890104e+01
1.677318972600292852e+02 1.036844925517093543e+02 8.646854570785554017e+01
1.689206587361125855e+02 1.045982209838173844e+02 8.722427035330261447e+01
1.690551923695209382e+02 1.046579859250526852e+02 8.743750223270103561e+01
1.689684563998142437e+02 1.046738113099703469e+02 8.739438431036330712e+01
1.687857678705390754e+02 1.045617118565355668e+02 8.746125817168578465e+01
1.682925731432858356e+02 1.043146500910942081e+02 8.734572928946522552e+01
1.684637945200585989e+02 1.046239416997106417e+02 8.774397170721252337e+01
1.692203765227021108e+02 1.052094809416639833e+02 8.831657914478620341e+01
1.693898474618654575e+02 1.053022541349623111e+02 8.829818168827921454e+01
1.697256099739220474e+02 1.055932554567213231e+02 8.842181974064945393e+01
1.696988890079662724e+02 1.055962919301253891e+02 8.841117422212695942e+01
1.691110634801557637e+02 1.051786875290251118e+02 8.784563998142392904e+01
1.687217161433215438e+02 1.047769799592755362e+02 8.735298110241846814e+01
1.685310256135462339e+02 1.046751330689815376e+02 8.692844639731362122e+01
1.682016218340299361e+02 1.042487764798342482e+02 8.672460972385952971e+01
1.685615332404529738e+02 1.044577930196834927e+02 8.687346836709177467e+01
1.691506805272746874e+02 1.049192655306683832e+02 8.712167327546171691e+01
1.694821562533490464e+02 1.049927839102632845e+02 8.720744471832243505e+01
1.699718858285999943e+02 1.053389061551102088e+02 8.735776801343192233e+01
1.698930089665273329e+02 1.052803200800200045e+02 8.728803629478798598e+01
1.694425034830136099e+02 1.048623227235380284e+02 8.707216089736719766e+01
1.693560175758225341e+02 1.049318758260993860e+02 8.698921158861143965e+01
1.694748687171793051e+02 1.050801628978673250e+02 8.709102275568892537e+01
1.692352731039902949e+02 1.049114778694673618e+02 8.686371592898224492e+01
1.694209981066695150e+02 1.047580109313042556e+02 8.717922337727289062e+01
1.695269174436466244e+02 1.044927303254385009e+02 8.712492408816490297e+01
1.693291179937841662e+02 1.041449290894152142e+02 8.692683885257028464e+01
1.697110349015825363e+02 1.042987532597435063e+02 8.717511520737326691e+01
1.697159647054620848e+02 1.042133033258314612e+02 8.748090594077090998e+01
1.694503268674311300e+02 1.038807916264780431e+02 8.729493087557604269e+01
1.693974565069839002e+02 1.038257064266066578e+02 8.705994355731790790e+01
1.688738613224734877e+02 1.034588289929625233e+02 8.687203943843103104e+01
1.681346765262744327e+02 1.028633944200335861e+02 8.622662808559282155e+01
1.679600257207158904e+02 1.027768013431929432e+02 8.617057835887543149e+01
1.678065587825527700e+02 1.025351695066623847e+02 8.603068624298931866e+01
1.672890722680670308e+02 1.021792233772728906e+02 8.540567284678311921e+01
1.675382059800664365e+02 1.023747365412781818e+02 8.568585003393705790e+01
1.676444468259922189e+02 1.024727610474047026e+02 8.583628049869609811e+01
1.677902332726038708e+02 1.024136034008502065e+02 8.583878112385238524e+01
1.680822705676418991e+02 1.027881256028292825e+02 8.623055763940985230e+01
1.676008287786232245e+02 1.024485764298217418e+02 8.604211767227521079e+01
1.672888936519844378e+02 1.021014539349122998e+02 8.572096595577465905e+01
1.676849212303075660e+02 1.023434072803915313e+02 8.602664951952273498e+01
1.675498160254349216e+02 1.023817025684992643e+02 8.590358303861680156e+01
1.675399206944593402e+02 1.023314400028578603e+02 8.601007394705818854e+01
1.675899689208016241e+02 1.024109241596113264e+02 8.600682313435501669e+01
1.665466723823813027e+02 1.019327331832958237e+02 8.555381702568499236e+01
1.658102025506376549e+02 1.013742721394634430e+02 8.522719965705712752e+01
1.657968777908762945e+02 1.014782266995320299e+02 8.531114921587540323e+01
1.653394777265745006e+02 1.013553031114921623e+02 8.507926981745436024e+01
1.654495766798842453e+02 1.015060550851998755e+02 8.505933626263708902e+01
1.657367198942592665e+02 1.018178473189725963e+02 8.537094988032723109e+01
1.655703925981495388e+02 1.017316829207301794e+02 8.552395241667559844e+01
1.656677383631622149e+02 1.018027363983853064e+02 8.556785624977672455e+01
1.655160933090415369e+02 1.021829028685742884e+02 8.551845104133175823e+01
1.649216232629586045e+02 1.019575965419926433e+02 8.517393634122817048e+01
1.648240274354302812e+02 1.019916050441181739e+02 8.504304647590468846e+01
1.650853784874790051e+02 1.022414889436644927e+02 8.535223091487156921e+01
1.649901046690243902e+02 1.021190297574393639e+02 8.512931804379665834e+01
1.652397385060550903e+02 1.023857392919658480e+02 8.532508127031758249e+01
1.656709891758654010e+02 1.027625835030186181e+02 8.535380273639837867e+01
1.652213410495481014e+02 1.020824491837245063e+02 8.493019683492300942e+01
1.650943450148251372e+02 1.019244453970635504e+02 8.453016825634979625e+01
1.647126067231093600e+02 1.016595220233629817e+02 8.419601328903654291e+01
1.642588504268924510e+02 1.013141499660629421e+02 8.411688636444824851e+01
1.648759689922480618e+02 1.017996642017647275e+02 8.439263387275390471e+01
1.658970456899939165e+02 1.026756331940127893e+02 8.525559961418926491e+01
1.661394991605044140e+02 1.029170864144607549e+02 8.538827564033866224e+01
1.666419462008359176e+02 1.033349408780766652e+02 8.575104490408315883e+01
1.666812060157896553e+02 1.031118136677026342e+02 8.557121423212946354e+01
1.661175651055621074e+02 1.025323473725574246e+02 8.499214089236595271e+01
1.664332511699353461e+02 1.025225234880148548e+02 8.510588361376058231e+01
1.673171864394670081e+02 1.030470831993712721e+02 8.560979530596934239e+01
1.678882220555138645e+02 1.034807630479048299e+02 8.592198049512377622e+01
1.689267674061372588e+02 1.042391312113742714e+02 8.656571285678562333e+01
1.692095166648805105e+02 1.044582931447147445e+02 8.681602543493016810e+01
1.685671417854463527e+02 1.038253134712249448e+02 8.631672203765226925e+01
1.679654199264101635e+02 1.032259850676954898e+02 8.572428821491087092e+01
1.667914121387489672e+02 1.022225913621262521e+02 8.462269138713249106e+01
1.656205837173579027e+02 1.010200407244668241e+02 8.363365841460364436e+01
1.648502125531382774e+02 1.001294252134462255e+02 8.287789804594005716e+01
1.642243060765191274e+02 9.968792198049511910e+01 8.238366734540778680e+01
1.639715285964348368e+02 9.940270781981209325e+01 8.212896081163147244e+01
1.649283749508805670e+02 1.001547886971742969e+02 8.269924624013145831e+01
1.651498231700782355e+02 1.007656199764226841e+02 8.297420783767370267e+01
1.651451077054977929e+02 1.009416639874254287e+02 8.327842674954452207e+01
1.650258993319758645e+02 1.011073839888543517e+02 8.330768406387311131e+01
1.641447147501160941e+02 1.006452327367556165e+02 8.303833101132426009e+01
1.639878183831672231e+02 1.008823277247883397e+02 8.329939627764083809e+01
1.650804844068159980e+02 1.020381881184581800e+02 8.413078269567391487e+01
1.659963562319151151e+02 1.026134747972707402e+02 8.466638088093452552e+01
1.661602900725181371e+02 1.027459364841210316e+02 8.490190404744042496e+01
1.657548672882506366e+02 1.025162719251241441e+02 8.442882149108706358e+01
1.645755367413281931e+02 1.015701425356339058e+02 8.378859000464402129e+01
1.638324223913121216e+02 1.009571321401779045e+02 8.317843746650947878e+01
1.643857392919658480e+02 1.013146858143107210e+02 8.351105633551244978e+01
1.649510949165862996e+02 1.016958525345622064e+02 8.392440967384703754e+01
1.654176044011002773e+02 1.021374986603793786e+02 8.435844675454578123e+01
1.657139284821205365e+02 1.023492301646840303e+02 8.484274640088592889e+01
1.653640910227557015e+02 1.018473546958168043e+02 8.443514450041081432e+01
1.651742221269603021e+02 1.016461615403850942e+02 8.406319437002107975e+01
1.657787661201014657e+02 1.019405565677133580e+02 8.425852891794377797e+01
1.659930696959954162e+02 1.020915586039367042e+02 8.426453041831886992e+01
1.663209016539849188e+02 1.023883113635551751e+02 8.466327296109741951e+01
1.668780052155896101e+02 1.029684563998142437e+02 8.516279069767442422e+01
1.667557603686636014e+02 1.029993569821026682e+02 8.522330582645660968e+01
1.667569035115921849e+02 1.030748758618226049e+02 8.520730182545636922e+01
1.664491480012860336e+02 1.029276962097667223e+02 8.507080341513949406e+01
1.652312006573071699e+02 1.019789947486871711e+02 8.424741899760654462e+01
1.641677919479869843e+02 1.010681598971171411e+02 8.354885149858893101e+01
1.638563212231629223e+02 1.008486050083949550e+02 8.318697531525738498e+01
1.636712749615975326e+02 1.004827992712463782e+02 8.279066195120208249e+01
1.644201764726896045e+02 1.011119922837852272e+02 8.323730932733182897e+01
1.654679026899582084e+02 1.018841496088307821e+02 8.376608437823742292e+01
1.657955917550816309e+02 1.020608366377308585e+02 8.401639695638195349e+01
1.660329010824134741e+02 1.023917050691244270e+02 8.432608152038010019e+01
1.661386775265244751e+02 1.025222019790661960e+02 8.441906905297753383e+01
1.660130746972457416e+02 1.022969313757010639e+02 8.413842746400885630e+01
1.663519451291394375e+02 1.024338584646161507e+02 8.432447397563676361e+01
1.672552066588075661e+02 1.032872861072411013e+02 8.489175865394919640e+01
1.675751080627299814e+02 1.035068767191798003e+02 8.522159111206373439e+01
1.676923873825599287e+02 1.037718000928803690e+02 8.547318972600292852e+01
1.675180223627335465e+02 1.036883863823098579e+02 8.551337834458614395e+01
1.674250348301360987e+02 1.036559854249276640e+02 8.554392169470939677e+01
1.681037759439859940e+02 1.041589325902904335e+02 8.593669846032936732e+01
1.681140642303433026e+02 1.041446790268995812e+02 8.586868145607830627e+01
1.679691351409281026e+02 1.037452577430071869e+02 8.540945950773406992e+01
1.680911656485550054e+02 1.039321258886150048e+02 8.562047654770834981e+01
1.680276854928017656e+02 1.040387596899224860e+02 8.571517879469867296e+01
1.681561819026184992e+02 1.040547636909227265e+02 8.598428178473189121e+01
1.693295109491658650e+02 1.049689208016289825e+02 8.689200871646482938e+01
1.709702068374236319e+02 1.060935948272782525e+02 8.745686421605401506e+01
1.721278176687029031e+02 1.066985674990176136e+02 8.811467152502410727e+01
1.727235737505804991e+02 1.073459436287643314e+02 8.834401457507233602e+01
1.723313328332083074e+02 1.069819597756581970e+02 8.802068374236415593e+01
1.716894580788054157e+02 1.065918979744936195e+02 8.792783910263280234e+01
1.723135426713821232e+02 1.073191512163755164e+02 8.855674632943950542e+01
1.731204586861001076e+02 1.080695888257778705e+02 8.911877969492373097e+01
1.734450041081699112e+02 1.081977280034294324e+02 8.916200478691101239e+01
1.738359947129639522e+02 1.083241524666881048e+02 8.929385917908048498e+01
1.735925767156074642e+02 1.079904976244061032e+02 8.896134747972708112e+01
1.729632765334190765e+02 1.076923159361268887e+02 8.855692494552209837e+01
1.730640160040009903e+02 1.077739792090879831e+02 8.875433144000285779e+01
1.732803200800200045e+02 1.079316972100167931e+02 8.894720108598578179e+01
1.737230736255492332e+02 1.077374343585896526e+02 8.896259779230521758e+01
1.741984781909763171e+02 1.079543457292894715e+02 8.920690887007465619e+01
1.738152038009502292e+02 1.074023505876469073e+02 8.889904619011895193e+01
1.732835351695066493e+02 1.065289179437716598e+02 8.845004108169899837e+01
1.725933626263708902e+02 1.060752330939877766e+02 8.811527881970492615e+01
1.718017361483227887e+02 1.054981245311327882e+02 8.750280427249668946e+01
1.715168434965884217e+02 1.053056121173150501e+02 8.717643696638445761e+01
1.721802950737684341e+02 1.058255992569570907e+02 8.768413531954416840e+01
1.724751187796949239e+02 1.058813631979423491e+02 8.768945807880541565e+01
1.727848747901261106e+02 1.060451898688957897e+02 8.784017432929661595e+01
1.729645268459972272e+02 1.060634801557532256e+02 8.796459829243025297e+01
1.723352623870253240e+02 1.057381130997034973e+02 8.772625299181937919e+01
1.718008073446933111e+02 1.052008359232665242e+02 8.726335155217375927e+01
1.703783445861465395e+02 1.042198049512378049e+02 8.634190690529774770e+01
1.706264780480834418e+02 1.044315721787589695e+02 8.644486121530383116e+01
1.717110349015825363e+02 1.054701175293823496e+02 8.706272996820634091e+01
1.723730932733183181e+02 1.064905154860143597e+02 8.741688993676990549e+01
1.719750294716536416e+02 1.062827135355267387e+02 8.726838852570286065e+01
1.707437930911299304e+02 1.054656878505340671e+02 8.663665916479119744e+01
1.699762083377987381e+02 1.049127281820455124e+02 8.604001000250062248e+01
1.692224127460436591e+02 1.042241631836530615e+02 8.547901261029542752e+01
1.696826706676669119e+02 1.044865859321973289e+02 8.559104061729718183e+01
1.705182009788161395e+02 1.051625763583753042e+02 8.614528632158040011e+01
1.704072446683099429e+02 1.049958203836673505e+02 8.583052906083663913e+01
1.702448112028006904e+02 1.048154538634658621e+02 8.582588504268925078e+01
1.702876433394062872e+02 1.048500339370556986e+02 8.597820883792377344e+01
1.704750473332618981e+02 1.049322330582645719e+02 8.601261029543100278e+01
1.709090844139606418e+02 1.053987425427785496e+02 8.639188368520701999e+01
1.710712320937377342e+02 1.055179151930839794e+02 8.662247704783338520e+01
1.707455078055228057e+02 1.051243167934840841e+02 8.632815346693816139e+01
1.707800164326795880e+02 1.052729610974172090e+02 8.638109527381845965e+01
1.704015646768835097e+02 1.052380237916622008e+02 8.636702032651020033e+01
1.700514057085700017e+02 1.049162647804808302e+02 8.632508127031758249e+01
1.704065302039795711e+02 1.053596970671239177e+02 8.672921801879040515e+01
1.704149608830779243e+02 1.055272746758118103e+02 8.674965169863894232e+01
1.697297538670381982e+02 1.051809023684492530e+02 8.609016539849247351e+01
1.692054799414139268e+02 1.047082484906941033e+02 8.573096845639980756e+01
1.690706247990569011e+02 1.044305362054799389e+02 8.567384703318687400e+01
1.692992533847747723e+02 1.043652698889007979e+02 8.570556924945522326e+01
1.700528346372307453e+02 1.051770442610652623e+02 8.629728860786624978e+01
1.699771371414282157e+02 1.051378201693280516e+02 8.624045297038544788e+01
1.695565319901403996e+02 1.047320758761118782e+02 8.606283713785589384e+01
1.692637802307719710e+02 1.043855606758832550e+02 8.554520773050406035e+01
1.683394777265745006e+02 1.036820276497695801e+02 8.472586003643768038e+01
1.679546672382381303e+02 1.034204265352052232e+02 8.447083199371270723e+01
1.686363019326260257e+02 1.037765155574607974e+02 8.479459150501911324e+01
1.689054763690922698e+02 1.037621905476369051e+02 8.504315364555424139e+01
1.688797199299824854e+02 1.036246204408244864e+02 8.486003643768084714e+01
1.692387739792090997e+02 1.036059371985853659e+02 8.500446540206479540e+01
1.686794198549637542e+02 1.031832243775229472e+02 8.469731718643946294e+01
1.681898688957953709e+02 1.026474118529632449e+02 8.422512771049905211e+01
1.687180366520201460e+02 1.028670381881184568e+02 8.438048797913764076e+01
1.690859857821598382e+02 1.031871182081234650e+02 8.461465366341585081e+01
1.696538420319365628e+02 1.036543778801843274e+02 8.484399671346407956e+01
1.701174936591290816e+02 1.041012038723966668e+02 8.547097488657878728e+01
1.695807523309398732e+02 1.037125709998928329e+02 8.519722787839816647e+01
1.693455863965991455e+02 1.035348479977137117e+02 8.511031329260886480e+01
1.698019862108384359e+02 1.040023934555067342e+02 8.533072553852748854e+01
1.702534204979816366e+02 1.042932161611831532e+02 8.560261493944915401e+01
1.707946986746686662e+02 1.047600828778623168e+02 8.603475868967241524e+01
1.706160468688600815e+02 1.050842353445504216e+02 8.626688815060907700e+01
1.697844103883113576e+02 1.047024970528346302e+02 8.589090129675275875e+01
1.695574250705533643e+02 1.046664166041510384e+02 8.569474511485013579e+01
1.697937698710391885e+02 1.048951166363019354e+02 8.581713285464223873e+01
1.695511020612295852e+02 1.048303147215375333e+02 8.565477083556604043e+01
1.694065302039795711e+02 1.048276712035151661e+02 8.571614332154467775e+01
1.694504697602972101e+02 1.050093594827278309e+02 8.572410959882827797e+01
1.688610366877433648e+02 1.045666773836316281e+02 8.548497838745400657e+01
1.690384381809738272e+02 1.046613081841889112e+02 8.550869860322222848e+01
1.696872075161647615e+02 1.050135390990604805e+02 8.592780337941628943e+01
1.697558318150966272e+02 1.049008680741613944e+02 8.557675133068981665e+01
1.696791340692315941e+02 1.048182759975708223e+02 8.562597792305219002e+01
1.692494194977315658e+02 1.045486371592898251e+02 8.546365162719251884e+01
1.688575000893080471e+02 1.042427035330261162e+02 8.517143571607186914e+01
1.692352016575572407e+02 1.046338727539027644e+02 8.532300932375950708e+01
1.697866609509520117e+02 1.049620262208409258e+02 8.603536598435323413e+01
1.697041403207944938e+02 1.045656771335691104e+02 8.578205265602115048e+01
1.697831957989497482e+02 1.042695673918479571e+02 8.561586825277747437e+01
1.695511735076626394e+02 1.040424391812238838e+02 8.563865966491623283e+01
1.690359018326010130e+02 1.035742864287500424e+02 8.521080270067517404e+01
1.692423463008609303e+02 1.040867002464901958e+02 8.567856249776730237e+01
1.690322937877326410e+02 1.042488122030507611e+02 8.570053227592612188e+01
1.687127138927588987e+02 1.038662522773550592e+02 8.543110777694423064e+01
1.691227449719572746e+02 1.040559425570678371e+02 8.567231093487657745e+01
1.695708927231808048e+02 1.044629371628621470e+02 8.594073518379595100e+01
1.691836887793377002e+02 1.041188154181402439e+02 8.568695745364912852e+01
1.688134890865573539e+02 1.040033937055692519e+02 8.547472582431322508e+01
1.680371521451791637e+02 1.034366805987211109e+02 8.504640445825742745e+01
1.677910549065837813e+02 1.030059657771585790e+02 8.471946558068088962e+01
1.685046976029721577e+02 1.035613546243703809e+02 8.500532275926124726e+01
1.690900582288429348e+02 1.036756331940127893e+02 8.541020969528096884e+01
1.691007037473654009e+02 1.033689851034187086e+02 8.524866931018469529e+01
1.690277569392348198e+02 1.033659843532311697e+02 8.526999607044618301e+01
1.685574250705533643e+02 1.027902332726038708e+02 8.466141535383846417e+01
1.682090522630657574e+02 1.022181616832779554e+02 8.439127639052620111e+01
1.686539492015861015e+02 1.026349444503983079e+02 8.474293573393347856e+01
1.688671453577680097e+02 1.028633944200335861e+02 8.467999142642803179e+01
1.691912621012396016e+02 1.030902725681420407e+02 8.492816061158146113e+01
1.697103918836852188e+02 1.035086271567892027e+02 8.538577501518236090e+01
1.695589254456471338e+02 1.036474118529632449e+02 8.555217375772514288e+01
1.690973457650126761e+02 1.032004072446683125e+02 8.534272853927767244e+01
1.688636444825492049e+02 1.030491194227128204e+02 8.524691887257529288e+01
1.686721680420104974e+02 1.030208980816632760e+02 8.523384417532955126e+01
1.685675347408280516e+02 1.030153609831029229e+02 8.523034330011074644e+01
1.688088807916264784e+02 1.033107205372771773e+02 8.550187546886721179e+01
1.687611188511413616e+02 1.030625870753402609e+02 8.526295859679206046e+01
1.687092844639731481e+02 1.026978530346872418e+02 8.463740935233808216e+01
1.688831493587682644e+02 1.028175972564569776e+02 8.449015825384917378e+01
1.684699389132997567e+02 1.023915264530418341e+02 8.408373521951916985e+01
1.680451184224627639e+02 1.019817811595756041e+02 8.363680205765727749e+01
1.677709427356839171e+02 1.019940699460579481e+02 8.337320044296788524e+01
1.673711999428428499e+02 1.017649769585253523e+02 8.321155288822205875e+01
1.672474189976065304e+02 1.018364233915621782e+02 8.315010895581038142e+01
1.674172828921516043e+02 1.018957239309827401e+02 8.338459614903726447e+01
1.672817490086807481e+02 1.015418497481513214e+02 8.315664630443325223e+01
1.671673989926052855e+02 1.014457900189333088e+02 8.298485335619619718e+01
1.671565748580002264e+02 1.014802986460900911e+02 8.296441967634766002e+01
1.667841246025792259e+02 1.012322723538027418e+02 8.281884756903511402e+01
1.666986746686671665e+02 1.011424641874754400e+02 8.286800271496446157e+01
1.671278891151359289e+02 1.014759046904583357e+02 8.319326260136462281e+01
1.670327581895473941e+02 1.014410745543528805e+02 8.285285607116064455e+01
1.675225234880148548e+02 1.017550816275497425e+02 8.291694352159468906e+01
1.675730718393884047e+02 1.019901761154574302e+02 8.291312113742721124e+01
1.670794841567534661e+02 1.017779802093380539e+02 8.297513664130318034e+01
1.670983460150752080e+02 1.018080234344300408e+02 8.320701603972422333e+01
1.673589111563605059e+02 1.021202086235844746e+02 8.360100739470581743e+01
1.676002929303754456e+02 1.022382381309613066e+02 8.370178258850427255e+01
1.679572393098274574e+02 1.026464830493337672e+02 8.406533776301218097e+01
1.677590826277998133e+02 1.025545314900153642e+02 8.394066373736291098e+01
1.665803593755581744e+02 1.016146893866323779e+02 8.340992390954880875e+01
1.664664737612974648e+02 1.016282284856928584e+02 8.361776158325295683e+01
1.669737434358589780e+02 1.020800200050012450e+02 8.413046118672525608e+01
1.670939877826599513e+02 1.024193548387096797e+02 8.403597327903403880e+01
1.671882256278355214e+02 1.025705712142321318e+02 8.412135176651305812e+01
1.668982960025720672e+02 1.022065159146929574e+02 8.397017111420711899e+01
1.659992498124531153e+02 1.015424570428321402e+02 8.360793769871038705e+01
1.658639302682813650e+02 1.015949701711142126e+02 8.378791126353016239e+01
1.659559175508162809e+02 1.019134069231593571e+02 8.411806523059335916e+01
1.661002393455506763e+02 1.021050977029971847e+02 8.426406601650413108e+01
1.666817418640374342e+02 1.026797770871289259e+02 8.489447361840460360e+01
1.666944593291179899e+02 1.027739434858714702e+02 8.506655235237380452e+01
1.659647769085128459e+02 1.022350944879076877e+02 8.480838066659522667e+01
1.657695852534562277e+02 1.021677205015539585e+02 8.455317400778766057e+01
1.655760011431429177e+02 1.020272925374200668e+02 8.447658343157218042e+01
1.656281213160432912e+02 1.021757939484871258e+02 8.468999392705319451e+01
1.663760940235058854e+02 1.028074518629657348e+02 8.528139177651556224e+01
1.664719751366413050e+02 1.029873539813524843e+02 8.541263887400421595e+01
1.659937127138927622e+02 1.025569963919551384e+02 8.499728503554460701e+01
1.656185832172328674e+02 1.023165791447862034e+02 8.484714035651769848e+01
1.647780159325545810e+02 1.018372093023255758e+02 8.463894545064837871e+01
1.645375272389526060e+02 1.015869324473975581e+02 8.453767013181867185e+01
1.649236594863001528e+02 1.020200407244668241e+02 8.480788054156396072e+01
1.649198013789161621e+02 1.021006680241488880e+02 8.495873968492122685e+01
1.645963990997749420e+02 1.018079877112135136e+02 8.475608187761226020e+01
1.645228807201800407e+02 1.018027721216018335e+02 8.489597399349837303e+01
1.642427392562426292e+02 1.015034115671775083e+02 8.458475333118994399e+01
1.643824884792626619e+02 1.015842532061586780e+02 8.481702568499267159e+01
1.645731790090379718e+02 1.018087736219769255e+02 8.499649912478119518e+01
1.644069946057942957e+02 1.017247526167256098e+02 8.484742614224984436e+01
1.641461079555603249e+02 1.015529239452720276e+02 8.467220376522702452e+01
1.641386060800914493e+02 1.015952916800628714e+02 8.486221555388847548e+01
1.635745364912656612e+02 1.013269031543600249e+02 8.460382952881077756e+01
1.634797270746257993e+02 1.013180437966634457e+02 8.462201264601864636e+01
1.636994963026470771e+02 1.014845139856392677e+02 8.470928446397313394e+01
1.634912656735612586e+02 1.014630800557282129e+02 8.464505412067302359e+01
1.631881899046190085e+02 1.012065159146929574e+02 8.457021398206694585e+01
1.629098703247240394e+02 1.010780195048762238e+02 8.452413103275819140e+01
1.619950701961204516e+02 1.005796449112278026e+02 8.466609509520236543e+01
1.615382774264994907e+02 1.005198085235594618e+02 8.457357196441967062e+01
1.619099774943736065e+02 1.008552852498839059e+02 8.507044618297430816e+01
1.616119386989604436e+02 1.005385989354481495e+02 8.494094952309505686e+01
1.611470724824063154e+02 1.001460365091272848e+02 8.475908262779981328e+01
1.608297431500732273e+02 1.002258421748294239e+02 8.478205265602115048e+01
1.607700853784874653e+02 1.002412746043653726e+02 8.487257528667880990e+01
1.610942378451755701e+02 1.004906583788804397e+02 8.513035401707570315e+01
1.613704140320794522e+02 1.008028435680348593e+02 8.513724859786374566e+01
1.609593469796020315e+02 1.003216161183152906e+02 8.465494945164863339e+01
1.605104133176151322e+02 9.997363626620941091e+01 8.429696709891759099e+01
1.599931411424284704e+02 9.953952773907762719e+01 8.407551887971993665e+01
1.595097345765012733e+02 9.915671775086629225e+01 8.381788304218912344e+01
1.602358803986710996e+02 9.964680455828242600e+01 8.422712821062408750e+01
1.610220055013753324e+02 1.000366162969313706e+02 8.452891794377165979e+01
1.606714535776801256e+02 9.973050405458506873e+01 8.421394634372879295e+01
1.604490051084199536e+02 9.929343050048225905e+01 8.394877290751259125e+01
1.602972528846497369e+02 9.908416389811738156e+01 8.379187654056370604e+01
1.605742864287500424e+02 9.934405029828886313e+01 8.383413710570499688e+01
1.618393884185332183e+02 1.003717357910906287e+02 8.436727038902583331e+01
1.621232808202050535e+02 1.006743471582181257e+02 8.468467116779194725e+01
1.618011645768584970e+02 1.002489193727003141e+02 8.445014825134855130e+01
1.620612295931125573e+02 1.004301075268817272e+02 8.464555424570428954e+01
1.619333404779766283e+02 1.005255599614189208e+02 8.459432715321688079e+01
1.620249705283463584e+02 1.004266423748794352e+02 8.452570285428500085e+01
1.627246097238595439e+02 1.008501411067052516e+02 8.475636766334440608e+01
1.630911299253384641e+02 1.011619333404779724e+02 8.498178115957560408e+01
1.629146572357375078e+02 1.009843175079484183e+02 8.513982066945307281e+01
1.629462722823562899e+02 1.012854999464151717e+02 8.519522737827314529e+01
1.623177937341478128e+02 1.011141356767763426e+02 8.506287286107240675e+01
1.619435573179009111e+02 1.007744078876862091e+02 8.474529346622369985e+01
1.625123423713071134e+02 1.011525024113171156e+02 8.494623655913979121e+01
1.628463187225377737e+02 1.012489908191333541e+02 8.497442217697280853e+01
1.629403422284142380e+02 1.013041474654377936e+02 8.512438823991712411e+01
1.633030757689422217e+02 1.016075090201121753e+02 8.527028185617832889e+01
1.628789697424356007e+02 1.011251027042474959e+02 8.480387954131390416e+01
1.623081484656878501e+02 1.004836209052263030e+02 8.434079948558567708e+01
1.621891544314649991e+02 1.005042332011574331e+02 8.416279069767442422e+01
1.620505126281570369e+02 1.004804772621726840e+02 8.405129853892044878e+01
1.624374307862679814e+02 1.007403993855606785e+02 8.417125709998927618e+01
1.631087057478655424e+02 1.012566355874682955e+02 8.465562819276247808e+01
1.628691101346765322e+02 1.009861036687743336e+02 8.449340906655234562e+01
1.627742292716036161e+02 1.009293394777265718e+02 8.442035508877219740e+01
1.629954631515021504e+02 1.011482870717679390e+02 8.437223591612189466e+01
1.630435466009359402e+02 1.009752080877362204e+02 8.428203479441289403e+01
1.631432858214553505e+02 1.011195298824706157e+02 8.428196334797985401e+01
1.634136748472832608e+02 1.012529560961668977e+02 8.437002107669773920e+01
1.629967849105133553e+02 1.007913049690994143e+02 8.408998678240989477e+01
1.629112278069517288e+02 1.007743721644696819e+02 8.422287714785839796e+01
1.633641267459722144e+02 1.011406780266495247e+02 8.456767763369413160e+01
1.634598649662415539e+02 1.012416318365305585e+02 8.458046654520772734e+01
1.638664666166541508e+02 1.013764155324545442e+02 8.459064766191548301e+01
1.637408995105919303e+02 1.011742221269603164e+02 8.443232236630586840e+01
1.631592540992390923e+02 1.006976386953881359e+02 8.407719787089629904e+01
1.632271639338406146e+02 1.007010681241739007e+02 8.409598828278498672e+01
1.636022934305004810e+02 1.010100382238416756e+02 8.423788089879612073e+01
1.631331404279641220e+02 1.007733719144071785e+02 8.396513414067803183e+01
1.631580395098774829e+02 1.008104168899367750e+02 8.410299003322259637e+01
1.631634337155717560e+02 1.009211945843603786e+02 8.431515021612545979e+01
1.628434251419997736e+02 1.006003286535919727e+02 8.457578680384381187e+01
1.626967456149751854e+02 1.004970171114207176e+02 8.469181581109563695e+01
1.626975315257385830e+02 1.005748937234308613e+02 8.478255278105240222e+01
1.623766298717536642e+02 1.003584824777622941e+02 8.470799842817847036e+01
1.626056514128532058e+02 1.006274782981459595e+02 8.507769799592755078e+01
1.625858250276855017e+02 1.006365877183581574e+02 8.506258707534026087e+01
1.616558068088450568e+02 1.001004179616332692e+02 8.462190547636909344e+01
1.615108777194298568e+02 9.997492230200407448e+01 8.441410352588147248e+01
1.615965777158575349e+02 9.995041617547244073e+01 8.434129961061694303e+01
1.613610902725681342e+02 9.971675061622548242e+01 8.426038652520273331e+01
1.619737077126424367e+02 1.000102525631407815e+02 8.453166863144357990e+01
1.620399028328510838e+02 1.001332833208302020e+02 8.479316257635836962e+01
1.616445897188582990e+02 1.000969170864144644e+02 8.454960168613581573e+01
1.619289107991283458e+02 1.002389525952916784e+02 8.449180152180902326e+01
1.615807880541563861e+02 1.002885364198192377e+02 8.416539849248026428e+01
1.608776837066409371e+02 1.000585860750902043e+02 8.371264244632587292e+01
1.607115707498303152e+02 1.002588861501089497e+02 8.346322294859429292e+01
1.608909370199692717e+02 1.004727967706212297e+02 8.328875075911835779e+01
1.610593719858536019e+02 1.006682027649769537e+02 8.350880577287179563e+01
1.614715821812596062e+02 1.010236130461186690e+02 8.389343764512557300e+01
1.606352659593469809e+02 1.006021862608509281e+02 8.355056621298182051e+01
1.599155145929339596e+02 9.989508091308540827e+01 8.332811774372164848e+01
1.595736791340692378e+02 9.985746436609151999e+01 8.334505054835136661e+01
1.591547886971742969e+02 9.943735933983495556e+01 8.306226556639160208e+01
1.591691851534312150e+02 9.939902832851069547e+01 8.267452577430071869e+01
1.599895330975600984e+02 9.996016861358197048e+01 8.300082163397992474e+01
1.598861143857392904e+02 9.990865573536241584e+01 8.324688314935876576e+01
1.596272639588468678e+02 9.970121101703998079e+01 8.325309898903297778e+01
1.598102739970707091e+02 1.000464044582574275e+02 8.337938055942557014e+01
1.597968777908762945e+02 9.945550673382631146e+01 8.331397134998034915e+01
1.596293716286214419e+02 9.910016789911763624e+01 8.305615689636694299e+01
1.597347193941342596e+02 9.899067624048869618e+01 8.294480763047904759e+01
1.591472868217054213e+02 9.847615475297395449e+01 8.246029364483977986e+01
1.592257707283963839e+02 9.850805558532489670e+01 8.261058121673275423e+01
1.602547422569928131e+02 9.923309398778266655e+01 8.321258886150108935e+01
1.605557103561604606e+02 9.950137534383596005e+01 8.341935483870967971e+01
1.609314828707176730e+02 9.980530846997463357e+01 8.353059693494802218e+01
1.611736148322794975e+02 9.999224806201550564e+01 8.392866073661272708e+01
1.606244418247418935e+02 9.962994320008573368e+01 8.374654377880183631e+01
1.610088236344800521e+02 9.990029650269710260e+01 8.403325831457864581e+01
1.617360054299289231e+02 1.004962669238738187e+02 8.446254420748044822e+01
1.616591290679812687e+02 1.003587682634944400e+02 8.445807880541563861e+01
1.617326831707927113e+02 1.003740578001643229e+02 8.435626763833815289e+01
1.617901261029543036e+02 1.004027435430286204e+02 8.445004108169899837e+01
1.614003143643053590e+02 9.991294252134461829e+01 8.408862930018219117e+01
1.613519094059228962e+02 9.961036687743364837e+01 8.379548458543207801e+01
1.615650341156717786e+02 9.984821205301325620e+01 8.393587682634944258e+01
1.617261458221698263e+02 9.985871467866967066e+01 8.396702747115350007e+01
1.622152681027399694e+02 1.004060658021648322e+02 8.435294537920194102e+01
1.627473296895652481e+02 1.008256707033901307e+02 8.473114707248240052e+01
1.625381702568499236e+02 1.005535669631693594e+02 8.467059622048368794e+01
1.624765119851391546e+02 1.004595791805094080e+02 8.470792698174543034e+01
1.623224020290786882e+02 1.004254277855178117e+02 8.461025970778409544e+01
1.616430178973314753e+02 9.988036294787983138e+01 8.410634801557532114e+01
1.617512592433822647e+02 9.988064873361197726e+01 8.393023255813953654e+01
1.619446647376129818e+02 1.001977637266459453e+02 8.433486943164362515e+01
1.621622905726431725e+02 1.002627085342764275e+02 8.412567427571178769e+01
1.619884256778480278e+02 1.002126603079341294e+02 8.412513842746400883e+01
1.616367306112242375e+02 1.000012145893616236e+02 8.411717215018040861e+01
1.613504447540456681e+02 9.971199942842854114e+01 8.395734647947701035e+01
1.615322402029078717e+02 9.968542135533883197e+01 8.392219483442289629e+01
1.612629228735755476e+02 9.960536562712105990e+01 8.359486300146464544e+01
1.605370271139213401e+02 9.896645589968920831e+01 8.303800950237558709e+01
1.604064587575465168e+02 9.890122530632658027e+01 8.291526453041831246e+01
1.600146822419890782e+02 9.887364698317436762e+01 8.282149108705748120e+01
1.598647161790447626e+02 9.873064694745114878e+01 8.292569570964170111e+01
1.603675561747579650e+02 9.930293287607615582e+01 8.330228985817882403e+01
1.603031472153752759e+02 9.933372628871504162e+01 8.348783624477547960e+01
1.599265530668381246e+02 9.892340942378451984e+01 8.320272925374200668e+01
1.597727646197263596e+02 9.875008037723716825e+01 8.296634873003965538e+01
1.593065051977280007e+02 9.827174650805558542e+01 8.272050155395992022e+01
1.590544779051905948e+02 9.828428535705354818e+01 8.262379880684456168e+01
1.597788375665344915e+02 9.901478941163861691e+01 8.329943200085735100e+01
1.601090629800307283e+02 9.928607151787946350e+01 8.349633837030685868e+01
1.598979030471903684e+02 9.936877076411960275e+01 8.345722144821920097e+01
1.597750151823670137e+02 9.952516700603722200e+01 8.371607187511163772e+01
1.592339513449790900e+02 9.913864180330797637e+01 8.340242203407994737e+01
1.589468081306040688e+02 9.891065623548743702e+01 8.333629836030436877e+01
1.594592933947772622e+02 9.941088843639481354e+01 8.358257421498231565e+01
1.596060800914514459e+02 9.955849676704890783e+01 8.380730897009966895e+01
1.599207301825456398e+02 9.984578287428999488e+01 8.428057014253563750e+01
1.603622691387132591e+02 1.001914407173221946e+02 8.438130961311756550e+01
1.598379237666559618e+02 9.972761047404708279e+01 8.427714071374987270e+01
1.589576679884256691e+02 9.900739470581930846e+01 8.358193119708498386e+01
1.588780409388061230e+02 9.902179116207622656e+01 8.364976958525345196e+01
1.584779051905833569e+02 9.875590326152966725e+01 8.330178973314757229e+01
1.584230343300110633e+02 9.867509734576501046e+01 8.325334905154859655e+01
1.585502447040331617e+02 9.879555603186510382e+01 8.349308755760368683e+01
1.581284606866002207e+02 9.858464616154039106e+01 8.332250919872825534e+01
1.585011610045368400e+02 9.869721001678991001e+01 8.350609080841638843e+01
1.592373807737648690e+02 9.896431250669810709e+01 8.373525524238202422e+01
1.591732576001143116e+02 9.875986853856321090e+01 8.363540885221304677e+01
1.589521308898653160e+02 9.857103561604687059e+01 8.357803736648448023e+01
1.592146250848426519e+02 9.869356624870503936e+01 8.370471189225878561e+01
1.592224484692601720e+02 9.851427142499910872e+01 8.359043332261636294e+01
1.597064266066516609e+02 9.900317936627014603e+01 8.412149465937912396e+01
1.605030900582288496e+02 9.972839638481049462e+01 8.472761047404708279e+01
1.604415389561676193e+02 9.974114957310756324e+01 8.472314507198228739e+01
1.605887543314400148e+02 9.982342014074947656e+01 8.470767691922981157e+01
1.608204551137784506e+02 9.992273068267066094e+01 8.478648233486943298e+01
1.605805379916407674e+02 9.967495445289894462e+01 8.457035687493302589e+01
1.609320544421819648e+02 9.982184831922266710e+01 8.491451434287142774e+01
1.610898438895438005e+02 1.001459650626942448e+02 8.511159932840352838e+01
1.608638230986317978e+02 9.999946415175222114e+01 8.513228307076769852e+01
1.613703425856463980e+02 1.002018361733290419e+02 8.532443825242025071e+01
1.614724752616725709e+02 1.002087307541170986e+02 8.518558210981316847e+01
1.611758296717036387e+02 9.986514485764298854e+01 8.490915586039366758e+01
1.612292001571821629e+02 9.981620405101274685e+01 8.470021076697746309e+01
1.611315686064373267e+02 9.973450505483513950e+01 8.449483799521308924e+01
1.607557603686636014e+02 9.948887221805451020e+01 8.407044618297430816e+01
1.611659700639445703e+02 9.975354552923944595e+01 8.446032936805629276e+01
1.614028864358946862e+02 1.000524774050655452e+02 8.472260922373450853e+01
1.615794662951452096e+02 1.000725538527488965e+02 8.485035544600435742e+01
1.619762440610152510e+02 1.003676990676240450e+02 8.496416961383202704e+01
1.616652734612224549e+02 1.000626585217733009e+02 8.486732397385060267e+01
1.612199478441038707e+02 9.961983352981101802e+01 8.458425320615867804e+01
1.615178437466509536e+02 9.996631300682312826e+01 8.468377808737898249e+01
1.614206765977208704e+02 1.001419997856607011e+02 8.472978959025471113e+01
1.613948844353945731e+02 1.001426428035580329e+02 8.480073589826028524e+01
1.621195298824706299e+02 1.005028399957132166e+02 8.446354445754295170e+01
1.618492480262922868e+02 1.001692565998642550e+02 8.393848462115528264e+01
1.614250348301360987e+02 9.974718679669916810e+01 8.351755796091880768e+01
1.613042546350873465e+02 9.971571464294645182e+01 8.335612474547208706e+01
1.609606330153966951e+02 9.959307684063873012e+01 8.323062908584289232e+01
1.609734219269103050e+02 9.953892044439680831e+01 8.331386418033079622e+01
1.612752116600578631e+02 9.993605544243203553e+01 8.354231414996606020e+01
1.609396277640838662e+02 9.970785553531240453e+01 8.327074625799306773e+01
1.606568070589075887e+02 9.929528810774121439e+01 8.300028578573214588e+01
1.608272782481334673e+02 9.944511127781944992e+01 8.295280963097917493e+01
1.606871360697317073e+02 9.938920444396813991e+01 8.280680884506840300e+01
1.606992462401314583e+02 9.936209052263065189e+01 8.298210266852427708e+01
1.612980387954131345e+02 9.992862501339619996e+01 8.347794091379988402e+01
1.612986103668774263e+02 9.992830350444754117e+01 8.355274532918943464e+01
1.610142535633908381e+02 9.968206337298610720e+01 8.345479226949593965e+01
1.606041867609759493e+02 9.947326117243596855e+01 8.301829028685742173e+01
1.598626442324867014e+02 9.904408244918371906e+01 8.264869788875790846e+01
1.598807201800450173e+02 9.896870646232986246e+01 8.275386703818811895e+01
1.601167791947987098e+02 9.933008252063015675e+01 8.304986961025970515e+01
1.599794591505019241e+02 9.924313221162432797e+01 8.300085735719643765e+01
1.597490444039581234e+02 9.915732504554709692e+01 8.280266495195228060e+01
1.599280534419319224e+02 9.934755117350766795e+01 8.279041188868646373e+01
1.596474832993962707e+02 9.894566498767548524e+01 8.271667916979244239e+01
1.596988890079662724e+02 9.901286035794663576e+01 8.268935090915586272e+01
1.599146572357375078e+02 9.922912871074912289e+01 8.306094380738041139e+01
1.596197978065945051e+02 9.894255706783839344e+01 8.291347836959239714e+01
1.598523202229128799e+02 9.913671274961598101e+01 8.285442789268745400e+01
1.601942628514271405e+02 9.931982995748937526e+01 8.296402672096596120e+01
1.600286857428642975e+02 9.913396206194406091e+01 8.274550780552280571e+01
1.601504661879755531e+02 9.920994534347872218e+01 8.268059872110885067e+01
1.595729646697388660e+02 9.929246597363626847e+01 8.254856571285678513e+01
1.586764905512092412e+02 9.882981459650626732e+01 8.213278319579895026e+01
1.584301075268817272e+02 9.877240738756117366e+01 8.192419533454791747e+01
1.583923123638052459e+02 9.883556603436574051e+01 8.199399849962490805e+01
1.581912978244561145e+02 9.885560675883256465e+01 8.199642767834815515e+01
1.585696424106026541e+02 9.941335333833458776e+01 8.238002357732290193e+01
1.592097667273961292e+02 9.977626549494516439e+01 8.284267495445290308e+01
1.591796877790876295e+02 9.990665523523738045e+01 8.287239667059621695e+01
1.594033151144928979e+02 1.001324616868502773e+02 8.298517486514485597e+01
1.593785232022291325e+02 9.992301646840282103e+01 8.312403100775193820e+01
1.591564319651341464e+02 9.972164469688850374e+01 8.284413960633015961e+01
1.596608795055906853e+02 1.000774122101954049e+02 8.326835280248633353e+01
1.598494266423748797e+02 1.002741756867788325e+02 8.345518522487765267e+01
1.594160325795734536e+02 9.995309541671132081e+01 8.331172078733969499e+01
1.595708569999642634e+02 1.000900582288429206e+02 8.362183402993605341e+01
1.595874682956453512e+02 9.990733397635122515e+01 8.383206515914693568e+01
1.595788232772478921e+02 9.974715107348265519e+01 8.370674811560033390e+01
1.602202336298360308e+02 9.997345765012681795e+01 8.388361376058300323e+01
1.601101346765262861e+02 9.969892473118279952e+01 8.377597970921301851e+01
1.597254313578394544e+02 9.897345765012681795e+01 8.347976279784231224e+01
1.594346086521630355e+02 9.885117707998428216e+01 8.339506305147715182e+01
1.591767584753331164e+02 9.859604186760975608e+01 8.324945522094809292e+01
1.590484406815989757e+02 9.865762869288751347e+01 8.308205622834279325e+01
1.598101311042046291e+02 9.911452863215804143e+01 8.361326045797163431e+01
1.601013824884792598e+02 9.931032758189547849e+01 8.370989175865395282e+01
1.600603365126995925e+02 9.937959489872467600e+01 8.370321151716500196e+01
1.601641124566855865e+02 9.942114099953559503e+01 8.392866073661272708e+01
1.592625656414103616e+02 9.876515557460793104e+01 8.346082949308755872e+01
1.590606937448647784e+02 9.851194941592541454e+01 8.312424534705104406e+01
1.596181902618511685e+02 9.900814489336619317e+01 8.351305683563748516e+01
1.594606508770049516e+02 9.940002857857321317e+01 8.361690422605651918e+01
1.592618511770799898e+02 9.991608616439823720e+01 8.379287679062622374e+01
1.593746293716286289e+02 1.005807166077233603e+02 8.412163755224520401e+01
1.589716357660843755e+02 1.002992176615582451e+02 8.410127531882970686e+01
1.585975779659200384e+02 1.000757332190190425e+02 8.394230700532276046e+01
1.583433358339584913e+02 9.999932125888615531e+01 8.375336691315686721e+01
1.574500768049155113e+02 9.927021040974528887e+01 8.327188940092166547e+01
1.570011074197120706e+02 9.880502268424248768e+01 8.283620905226307229e+01
1.569273747008180635e+02 9.868363519451291666e+01 8.268388525702854963e+01
1.564654377880184200e+02 9.844039581323902155e+01 8.244621869753152055e+01
1.566860643732361780e+02 9.862462044082448642e+01 8.249190869145857619e+01
1.570294002071946693e+02 9.897285035544599907e+01 8.263744507555460928e+01
1.567173936341228284e+02 9.876644161040259462e+01 8.263598042367735275e+01
1.564450041081699112e+02 9.861458221698281079e+01 8.248876504840495727e+01
1.563518379594898704e+02 9.853545529239453060e+01 8.263226520915942785e+01
1.563102204122459113e+02 9.795827528310648802e+01 8.241688993676990549e+01
1.566329082270567596e+02 9.786957453649127103e+01 8.253252598864001754e+01
1.571537527238952521e+02 9.791383560175758305e+01 8.289086557353624585e+01
1.568164541135283798e+02 9.752323795234522663e+01 8.262222698531775222e+01
1.567924838352445249e+02 9.736798485335619091e+01 8.262701389633122062e+01
1.570356160468688529e+02 9.737552245204157941e+01 8.286110813417640486e+01
1.569446647376129818e+02 9.725552816775622489e+01 8.282820705176294496e+01
1.573314042796413332e+02 9.765748580002143342e+01 8.280527274675812066e+01
1.572625299181938203e+02 9.757150001786160942e+01 8.292891079912836005e+01
1.566242274854427876e+02 9.707562604936948958e+01 8.263958846854571050e+01
1.566139034758689661e+02 9.712535276676311469e+01 8.254849426642374510e+01
1.570504769049405240e+02 9.748594291429999714e+01 8.291044189618833116e+01
1.572252348801486050e+02 9.763969563819526343e+01 8.303097202872146454e+01
1.576266209409495218e+02 9.805169149430214759e+01 8.325342049798163657e+01
1.574656164041010129e+02 9.783731647197514292e+01 8.308462829993212040e+01
1.566987103918836794e+02 9.738759689922480334e+01 8.213256885649984440e+01
1.566803486585932319e+02 9.735301682563498105e+01 8.180005715714642633e+01
1.568449255170935714e+02 9.743160790197549659e+01 8.172114457185725200e+01
1.570284356803486503e+02 9.758246704533276272e+01 8.171310684814061176e+01
1.575101989783159979e+02 9.793987782659951336e+01 8.212156610581216398e+01
1.572169470939163318e+02 9.778433894187833175e+01 8.196913514092808839e+01
1.564759046904583215e+02 9.741531811524309603e+01 8.150273282606366365e+01
1.569706355160218720e+02 9.769924624013145831e+01 8.185728575000892704e+01
1.572284142464187369e+02 9.795002322009074192e+01 8.210213267602614451e+01
1.572671382131246958e+02 9.783885257028542526e+01 8.197381488229200386e+01
1.573165434215696905e+02 9.796956381952631432e+01 8.198785410638373605e+01
1.569772443110777829e+02 9.761361769013682022e+01 8.176122602079091450e+01
1.567267888400671723e+02 9.739109777444360816e+01 8.171867966991747778e+01
1.575021612545993719e+02 9.806512342371307511e+01 8.225502804272497315e+01
1.577521880470117424e+02 9.833654842281998754e+01 8.241656842782124670e+01
1.576476261922623507e+02 9.862558496767049121e+01 8.266366591647911832e+01
1.574616154038509706e+02 9.874279284106741272e+01 8.306615939699210571e+01
1.568889722430607776e+02 9.834955167363268913e+01 8.279923552316650159e+01
1.562742471332118726e+02 9.798838995463151491e+01 8.223552316650591365e+01
1.566433036830636354e+02 9.841946200835923264e+01 8.268552852498838490e+01
1.567676204765477053e+02 9.859886400171471621e+01 8.288772193048262693e+01
1.569183010038223927e+02 9.879373414782267560e+01 8.294852284499695827e+01
1.572355946129389395e+02 9.916925659986425501e+01 8.329375200943093205e+01
1.567763726645947315e+02 9.872921801879040515e+01 8.302093380487978891e+01
1.564000285785732274e+02 9.846933161861893780e+01 8.279812810345443097e+01
1.566932090165398392e+02 9.879752080877362630e+01 8.297792305219161335e+01
1.568212410245418482e+02 9.894377165720001699e+01 8.297485085557103446e+01
1.570805201300325109e+02 9.903229378773264102e+01 8.310924159611330708e+01
1.572408459257671609e+02 9.923991712213768324e+01 8.341624691887257370e+01
1.565768227771228567e+02 9.895463151502161736e+01 8.309330904154610664e+01
1.567368627871253466e+02 9.860440110027506933e+01 8.302221984067445248e+01
1.569198013789161621e+02 9.855828242774978776e+01 8.288464973386203383e+01
1.566486978887579085e+02 9.818301003822384132e+01 8.264062444182474110e+01
1.570858786125102711e+02 9.842128389240167508e+01 8.288618583217233038e+01
1.575534955167363194e+02 9.878466045082699054e+01 8.302586360875933735e+01
1.571032758189547280e+02 9.843439431286392960e+01 8.275465294895151658e+01
1.568036294787982570e+02 9.816889936769906910e+01 8.261140285071267897e+01
1.567293609116564994e+02 9.795923980995249281e+01 8.250541206730254373e+01
1.564181045261315433e+02 9.748179902118386053e+01 8.208048440681598379e+01
1.567237523666630921e+02 9.776194048512128632e+01 8.215771800092880994e+01
1.570708748615725483e+02 9.818976172614581799e+01 8.257414353588397660e+01
1.569474868717179277e+02 9.808423534455042159e+01 8.244282499196228287e+01
1.568568213481941882e+02 9.797920908798627693e+01 8.240788768620726046e+01
1.567894830850569861e+02 9.792387382559925868e+01 8.232583145786446721e+01
1.563911692208766340e+02 9.750730539777801198e+01 8.200310791983710601e+01
1.562621012395956086e+02 9.745297038545351143e+01 8.170478333869181142e+01
1.559431643625192123e+02 9.707237523666630352e+01 8.124477547958417745e+01
1.553260457971635731e+02 9.653127567606186687e+01 8.059686350158968082e+01
1.556074018504626224e+02 9.666530918443896780e+01 8.078633944200335293e+01
1.558541063837387810e+02 9.699917836602007526e+01 8.098038795413138757e+01
1.560356874933019071e+02 9.705529953917050534e+01 8.109502375593898194e+01
1.564353231164934073e+02 9.746100810917015167e+01 8.137170006787411580e+01
1.562279141213874993e+02 9.733104704747616154e+01 8.134176401243168186e+01
1.556715964705462056e+02 9.681381059550601265e+01 8.115903975993998642e+01
1.558001286035794521e+02 9.695684635444575861e+01 8.111117064980530245e+01
1.560235773229021561e+02 9.706476619154788921e+01 8.121773300467974366e+01
1.562334154967313395e+02 9.723984567570464321e+01 8.135483870967742348e+01
1.568685385632122404e+02 9.782520630157539188e+01 8.180448683599470883e+01
1.569709213017540037e+02 9.800367949130139777e+01 8.198817561533240905e+01
1.567227163933840473e+02 9.772839638481049462e+01 8.177104990533347006e+01
1.567417211445718692e+02 9.779712785339191328e+01 8.194666523773800293e+01
1.563110063230093374e+02 9.738091665773586669e+01 8.152973957775158453e+01
1.559819240524416841e+02 9.717743721644697530e+01 8.127685492801771261e+01
1.564783338691815686e+02 9.752545279176936788e+01 8.167981281034543883e+01
1.563129710999178315e+02 9.735908977244311302e+01 8.152902511342121272e+01
1.560993819883542244e+02 9.718493909191583668e+01 8.134244275354552656e+01
1.561409638123816706e+02 9.719008323509449099e+01 8.122980745186296758e+01
1.556498767549030049e+02 9.659432715321688079e+01 8.074014932304504555e+01
1.550100382238416614e+02 9.598206694530774996e+01 8.006908870074661877e+01
1.548554281427499859e+02 9.594291430000357934e+01 8.002136248347801484e+01
1.547359339834958689e+02 9.565637838030936280e+01 7.986743114350015560e+01
1.549662058371735895e+02 9.600010716964955293e+01 8.020258636087592663e+01
1.557802307719787223e+02 9.676104740470832155e+01 8.073368342085521476e+01
1.559005108419962085e+02 9.684038866859572181e+01 8.072043010752688019e+01
1.562141964062444117e+02 9.717500803772371398e+01 8.105905047690494314e+01
1.564995177365769905e+02 9.758100239345550619e+01 8.153813453363341068e+01
1.561269960347229642e+02 9.759036187618333713e+01 8.150469760297217192e+01
1.559540242203408127e+02 9.756128317793734084e+01 8.139888543564462964e+01
1.559523095059479090e+02 9.767966991747937300e+01 8.174918729682420349e+01
1.561105990783410107e+02 9.782960025720716146e+01 8.194248562140535341e+01
1.565846104383238639e+02 9.827324688314935486e+01 8.216543421569677719e+01
1.571000250062515704e+02 9.878801843317972953e+01 8.264962669238738613e+01
1.567943057192869674e+02 9.833976351230664648e+01 8.247572607437574277e+01
1.563369056549851734e+02 9.809577394348586665e+01 8.232004429678848112e+01
1.557267531168506309e+02 9.770774836566283739e+01 8.186593076840638616e+01
1.548887579037616433e+02 9.698449612403101128e+01 8.119083342264137571e+01
1.548044153895616830e+02 9.677026399457007244e+01 8.092251634337155508e+01
1.547167148930089695e+02 9.677158575358124892e+01 8.070514057085699733e+01
1.537883399421284025e+02 9.588093451934412315e+01 8.012742471332119010e+01
1.530544421819740535e+02 9.533937055692494766e+01 7.950312578144536246e+01
1.528280998821133778e+02 9.510802700675168353e+01 7.921862608509270842e+01
1.525430643375129591e+02 9.492605294180688702e+01 7.865659271960846866e+01
1.531730075375986928e+02 9.549358768263493857e+01 7.888786482334869277e+01
1.539351980852355837e+02 9.619904976244060890e+01 7.954995891830100163e+01
1.539082985031972157e+02 9.623580895223805953e+01 7.976747758368163943e+01
1.539524881220305019e+02 9.627921266030793390e+01 7.979959275533168750e+01
1.538038438180973912e+02 9.630053942056942162e+01 7.970989175865395282e+01
1.536634515771800125e+02 9.612963955274533134e+01 7.978283856678454811e+01
1.541214232129460981e+02 9.653795591755081773e+01 7.991887257528668442e+01
1.542267709784588874e+02 9.667245382774264328e+01 8.002422034079948787e+01
1.538199907119636975e+02 9.654024220340799900e+01 7.984263923123637596e+01
1.540819847819097674e+02 9.675579609188011432e+01 8.011920837352195690e+01
1.539510234701532454e+02 9.668642160540134967e+01 8.009541671132068075e+01
1.538551780802343387e+02 9.653777730146822478e+01 8.005308469974636409e+01
1.540804844068159980e+02 9.670706962454899269e+01 8.023830957739434666e+01
1.539480584431822194e+02 9.640788768620726046e+01 8.042317722287714332e+01
1.536558782552781111e+02 9.633326188690030278e+01 8.034562211981567259e+01
1.541304969099417690e+02 9.669499517736576877e+01 8.091226378023077359e+01
1.543245096988532907e+02 9.681749008680741042e+01 8.117622262708533754e+01
1.542827135355267387e+02 9.683549458793270048e+01 8.137441503232950879e+01
1.548495695352409598e+02 9.735612474547208706e+01 8.189082985031971873e+01
1.552830350444754117e+02 9.772950380452256525e+01 8.206115814667953146e+01
1.558378880434394205e+02 9.803007894830849978e+01 8.235144500410817159e+01
1.565129139427714051e+02 9.857300039295537886e+01 8.292194477190726332e+01
1.564927660486550280e+02 9.878155253098988453e+01 8.280062872861071810e+01
1.564622584217482881e+02 9.861193869896045783e+01 8.291601471796521139e+01
1.565810738398885462e+02 9.888343514450041027e+01 8.308519987139642637e+01
1.562633872753902722e+02 9.855410281141713824e+01 8.307901975493874147e+01
1.561612188761476148e+02 9.844693316186189236e+01 8.293241167434716488e+01
1.564687600471546318e+02 9.878112385239167281e+01 8.304869074411459451e+01
1.559303397277890895e+02 9.854349301611117085e+01 8.259857821598257033e+01
1.558315650341156697e+02 9.826967456149752422e+01 8.249894616511271295e+01
1.560360804486836059e+02 9.847833386918158283e+01 8.242532061586825876e+01
1.560510127531883029e+02 9.849991069195870352e+01 8.245068409959633016e+01
1.560021433929911154e+02 9.851491444289644051e+01 8.233694137820168635e+01
1.562178401743292966e+02 9.879712785339191328e+01 8.255056621298182051e+01
1.559232308077019127e+02 9.851037759439860508e+01 8.238498910441896328e+01
1.559299467724073907e+02 9.841606830278998075e+01 8.238391740792340556e+01
1.560743400135748118e+02 9.846286571642910701e+01 8.243500160754474848e+01
1.559593112563855186e+02 9.815100203622334618e+01 8.217472225199156810e+01
1.559417711570749816e+02 9.809609545243453965e+01 8.203286535919694700e+01
1.559717786589504556e+02 9.811538598935447908e+01 8.196399099774943409e+01
1.555192012288786430e+02 9.764380380809488713e+01 8.162822848569285838e+01
1.555563533740578066e+02 9.769095845389918509e+01 8.160507984138891402e+01
1.558670739113349839e+02 9.784949808880791977e+01 8.178083806665952693e+01
1.560272210909870410e+02 9.786217983067194837e+01 8.164826921015968253e+01
1.566669167291823044e+02 9.816814918015218439e+01 8.207684063873111313e+01
1.572771764369663856e+02 9.856564141035258331e+01 8.254792269495945334e+01
1.572278426749544451e+02 9.845757868038438687e+01 8.254206408745042722e+01
1.575204515414567936e+02 9.879341263887400260e+01 8.256732040152895991e+01
1.579899260529417973e+02 9.909470224699032315e+01 8.295291680062872786e+01
1.581191012038723898e+02 9.927610474047082789e+01 8.319244096738469807e+01
1.585823598756832098e+02 9.965477083556604043e+01 8.343493016111170846e+01
1.589382702818561768e+02 1.000138248847926263e+02 8.359629193012538906e+01
1.589116564855499689e+02 1.000805201300325109e+02 8.375115207373272597e+01
1.592478833994212835e+02 1.005439216947093968e+02 8.404786911013466977e+01
1.594791912263780205e+02 1.007597256456971451e+02 8.439799235523166487e+01
0.000000000000000000e+00 0.000000000000000000e+00 0.000000000000000000e+00
