1.419755295836376945e+02 6.966946676406135452e+01 5.312835808781754565e+01
1.415665936206476658e+02 6.914422530638746878e+01 5.259402645889132089e+01
1.408807726645564458e+02 6.888296404512620086e+01 5.226621215810404664e+01
1.411926385845304708e+02 6.913054946838730075e+01 5.256338771203635929e+01
1.405198847496144765e+02 6.913988312636961098e+01 5.244058923788653459e+01
1.398117035954873870e+02 6.895649703757811722e+01 5.242675107539972146e+01
1.380083191299407588e+02 6.920684197711224783e+01 5.250121743364986315e+01
1.373270838405973677e+02 6.923861699537374648e+01 5.241822903985065807e+01
1.367686470254037943e+02 6.912624786949110955e+01 5.268529340150961815e+01
1.367566755945134389e+02 6.927984741498255516e+01 5.311054297540783864e+01
1.383257852447041500e+02 7.009398587776966849e+01 5.397272948624299715e+01
1.400148526905283575e+02 7.107596785975164266e+01 5.443462381300219022e+01
1.414585666747829009e+02 7.160847333820306915e+01 5.518565863160457496e+01
1.424808862916970895e+02 7.195089684278873676e+01 5.532408083759435158e+01
1.431184968752536406e+02 7.195544192841489917e+01 5.522425127830533143e+01
1.431906906906907011e+02 7.190840840840840542e+01 5.535682980277574927e+01
1.444393312231150048e+02 7.293178313448584049e+01 5.593823553283012728e+01
1.455725996266536697e+02 7.392882071260449095e+01 5.651651651651651775e+01
1.461519763006249377e+02 7.405965424884344372e+01 5.695536076617158017e+01
1.470569353136920654e+02 7.446067689310932280e+01 5.688897005113221184e+01
1.475855855855855907e+02 7.474584043502962061e+01 5.728147065984904174e+01
1.472980683386088856e+02 7.470676081486892883e+01 5.738543949354760088e+01
1.467923869815761577e+02 7.445211427643860702e+01 5.714243973703432999e+01
1.453379595812028242e+02 7.330577875172470215e+01 5.609962665368070844e+01
1.434537781024267531e+02 7.168293969645320374e+01 5.518837756675594619e+01
1.433542731921110374e+02 7.151026702378054267e+01 5.499659118578037464e+01
1.432906825744663593e+02 7.136421556691827561e+01 5.494671698725753117e+01
1.427701079457836215e+02 7.093592240889537948e+01 5.453124746367989673e+01
1.429925330736141689e+02 7.077591104618132078e+01 5.428666504342179877e+01
1.433459946432919310e+02 7.076235695154613836e+01 5.418050482915347743e+01
1.438814625436247070e+02 7.084071909747585494e+01 5.438158428698969260e+01
1.453788247707166761e+02 7.188089440792143137e+01 5.514053242431620561e+01
1.459736222709195772e+02 7.220404187971755050e+01 5.538519600681762967e+01
1.448942455969483092e+02 7.153128804480155623e+01 5.482525769012255523e+01
1.442487216946676369e+02 7.143989935881828046e+01 5.439720801882963741e+01
1.441734031328626031e+02 7.114572680788897685e+01 5.422112653193734388e+01
1.440303952601249762e+02 7.097114682249817008e+01 5.407909260611963020e+01
1.446593214836458117e+02 7.147037578118658985e+01 5.444943592240889529e+01
1.446881746611476274e+02 7.145495495495495675e+01 5.459406704001298749e+01
1.443099180261342553e+02 7.118245272299326132e+01 5.447350052755458449e+01
1.445423666910153315e+02 7.135682980277574927e+01 5.475996266536807155e+01
1.444310120931742460e+02 7.130472364256148410e+01 5.450519438357276414e+01
1.447717311906501152e+02 7.107170684197711807e+01 5.446534372210047792e+01
1.449576738901063209e+02 7.145422449476502891e+01 5.475314503692882084e+01
1.443375537699862150e+02 7.107580553526499045e+01 5.442180017855693563e+01
1.432128074019965993e+02 7.026264101939777618e+01 5.383337391445499520e+01
1.427875172469767051e+02 7.027534291047804516e+01 5.376239753266780497e+01
1.431971836701566474e+02 7.047483970456943325e+01 5.372400779157536022e+01
1.432506290073857542e+02 7.089379920461001916e+01 5.374859995130265133e+01
1.433493628763899039e+02 7.139631523415307868e+01 5.378703027351676269e+01
1.422776154532911335e+02 7.133966398831263689e+01 5.337367096826556434e+01
1.403903498092687414e+02 7.083171008846684913e+01 5.277497768038308834e+01
1.384159159159159174e+02 7.026134242350458692e+01 5.240629819008197643e+01
1.359288612937261576e+02 6.910303546790032669e+01 5.162515217920623201e+01
1.351053485918350816e+02 6.842163785407028342e+01 5.137342748153559313e+01
1.344741092443795196e+02 6.823532992451910673e+01 5.125610745881016328e+01
1.343724535346156870e+02 6.811370830289749279e+01 5.108384059735411142e+01
1.341485674864053124e+02 6.777489651813975513e+01 5.070728836945053075e+01
1.332590292995698462e+02 6.713623082542001441e+01 5.032298514730947403e+01
1.326929632335037752e+02 6.671934096258421221e+01 5.018415713010307400e+01
1.323244054865676560e+02 6.638389741092443330e+01 5.007499391283175072e+01
1.322326515704893950e+02 6.667806996185375112e+01 4.991457673890106150e+01
1.323383248112977810e+02 6.664666017368719508e+01 4.996230013797581648e+01
1.333108513919324594e+02 6.663095527960392417e+01 5.017693369044720697e+01
1.339279279279279251e+02 6.657966074182290583e+01 5.037269702134567240e+01
1.339994724454184052e+02 6.661614317019721909e+01 5.039432675919162108e+01
1.347147552958363690e+02 6.670525931336742076e+01 5.055308010713416422e+01
1.349856342829315849e+02 6.662576089603116714e+01 5.072291210129048267e+01
1.348405567729892027e+02 6.656054703352000956e+01 5.062612612612612395e+01
1.351341611882152449e+02 6.669028487947406347e+01 5.068647025403782180e+01
1.350708140573005380e+02 6.648539079620161374e+01 5.059926142358574452e+01
1.350702459215972624e+02 6.629035792549305484e+01 5.070444769093417392e+01
1.356186591997402786e+02 6.669827936044151784e+01 5.074665205746286745e+01
1.362108595081568012e+02 6.683386088791493762e+01 5.095430565700836212e+01
1.366666666666666572e+02 6.709293076860645044e+01 5.129445661878094143e+01
1.373887265644022477e+02 6.752718935151366964e+01 5.162669426182939958e+01
1.379133593052511912e+02 6.773046018991965411e+01 5.173873873873873919e+01
1.376128155182209127e+02 6.764394123853583096e+01 5.149817384952520172e+01
1.380562454346238042e+02 6.786900413927440923e+01 5.158404350296242313e+01
1.381378540702864939e+02 6.782278224170116232e+01 5.161176040905770890e+01
1.383225387549711911e+02 6.787038389741091748e+01 5.167072477883288428e+01
1.393860076292508836e+02 6.855628601574547076e+01 5.221223926629332368e+01
1.397674295917539098e+02 6.883455076698319886e+01 5.223597922246570846e+01
1.394795471146822479e+02 6.863472932391850634e+01 5.245008522035548992e+01
1.396229202175148032e+02 6.882318805291778574e+01 5.241762032302573004e+01
1.391411817222628144e+02 6.825245515786056671e+01 5.200831912994075168e+01
1.389236263290317481e+02 6.815250385520656096e+01 5.169604739875010324e+01
1.399196087979871663e+02 6.868273679084489913e+01 5.242180017855693563e+01
1.404646944241538904e+02 6.909816573330087408e+01 5.267685252820388087e+01
1.403272867462056581e+02 6.919994318642967812e+01 5.278106484863241832e+01
1.404187971755539195e+02 6.925562048535022086e+01 5.259763817871925795e+01
1.400114032951870797e+02 6.897159321483646011e+01 5.234380326272218298e+01
1.398977355734112393e+02 6.851456862267673387e+01 5.239193247301355427e+01
1.401629332034737558e+02 6.906046587127667635e+01 5.276876876876876565e+01
1.401794091388686070e+02 6.964304845385926512e+01 5.311549387225063157e+01
1.400128642155669070e+02 6.968918918918919303e+01 5.325618862105348938e+01
1.398123934745556483e+02 6.993778914049184436e+01 5.324442009577144574e+01
1.392550523496469452e+02 6.919543868192516811e+01 5.283515948380813398e+01
1.386191867543219018e+02 6.852520087655223335e+01 5.226426426426426275e+01
1.378730622514406434e+02 6.815477639801963505e+01 5.181332684035386649e+01
1.366142358574790876e+02 6.776089603116629689e+01 5.140654167681194764e+01
1.355218326434542746e+02 6.775687850012174351e+01 5.151874847820793946e+01
1.347761139517896254e+02 6.765461407353299705e+01 5.118241214187160182e+01
1.343903498092687414e+02 6.760210210210210846e+01 5.151095690284879680e+01
1.345857073289505763e+02 6.753035467900332378e+01 5.152840678516353989e+01
1.353416930443957540e+02 6.789732976219463012e+01 5.168444119795471181e+01
1.356057544030516908e+02 6.776109893677461571e+01 5.167531044558071329e+01
1.354163623082542074e+02 6.739047155263371280e+01 5.143364986608229827e+01
1.358960311663014409e+02 6.762941319698076370e+01 5.157381706030354707e+01
1.366473500527554563e+02 6.751878905932960606e+01 5.162283905527148420e+01
1.373582907231555907e+02 6.766727538349159943e+01 5.184323512701890735e+01
1.380713416118821613e+02 6.808448989530070605e+01 5.236368801233665948e+01
1.384202580959337752e+02 6.825825825825825177e+01 5.259110461813164505e+01
1.391060384709033428e+02 6.856411817222628713e+01 5.274056488921353747e+01
1.395147715282850527e+02 6.879916402889375604e+01 5.306789221654086219e+01
1.398858858858858980e+02 6.909544679814949575e+01 5.310997483970457012e+01
1.401893109325541786e+02 6.912876389903416907e+01 5.313639314990666662e+01
1.407095609122636120e+02 6.938377566755944770e+01 5.316593620647674356e+01
1.412022157292427664e+02 6.955941076211345830e+01 5.337354922490057874e+01
1.416834672510348128e+02 6.970838405973540830e+01 5.335070205340475269e+01
1.416013310607905282e+02 6.986259232205178193e+01 5.329924519113708214e+01
1.413654330005681459e+02 6.962539566593621032e+01 5.333085788491193568e+01
1.417825257690122669e+02 6.985183832481129684e+01 5.318062657251846304e+01
1.420133106079051970e+02 6.992135378621864561e+01 5.305470335200065080e+01
1.421272623975326610e+02 6.989554419284148423e+01 5.329656683710737752e+01
1.427785488190893659e+02 7.018151935719502887e+01 5.345779563347130647e+01
1.435697183670156676e+02 7.032460839217596060e+01 5.352767632497361916e+01
1.440572193815437174e+02 7.067997727457186841e+01 5.395357519681844138e+01
1.445044233422611910e+02 7.084424965506046590e+01 5.393141790439087657e+01
1.440276763249736121e+02 7.040824608392175321e+01 5.366593620647674356e+01
1.434922895868841692e+02 6.991206070935800199e+01 5.319620972323674835e+01
1.438528528528528625e+02 7.008562616670724310e+01 5.325679733787841741e+01
1.441509617725834005e+02 7.008773638503367920e+01 5.340337634932229349e+01
1.441977112247382422e+02 7.016078240402565314e+01 5.343251359467575412e+01
1.450066958850742651e+02 7.063408002597191171e+01 5.387537537537537702e+01
1.450169629088547936e+02 7.062697832968103739e+01 5.360214268322376086e+01
1.450229689148607974e+02 7.066658550442333819e+01 5.353940426913399619e+01
1.459506127749370989e+02 7.124827530232936112e+01 5.398328057787517054e+01
1.457943348754159558e+02 7.111760409057706056e+01 5.379198117035954851e+01
1.457070448827205666e+02 7.107381706030353996e+01 5.379153477802126559e+01
1.464269945621296927e+02 7.160141222303384723e+01 5.399553607661715660e+01
1.463003003003003073e+02 7.142934826718609997e+01 5.393872250629007681e+01
1.457826069312555717e+02 7.112324486648810762e+01 5.367685252820388087e+01
1.463908773638503362e+02 7.148011525038552350e+01 5.412413765116468056e+01
1.465438276113951872e+02 7.150953656359061483e+01 5.407564321077834535e+01
1.465593295998701535e+02 7.141924356789220951e+01 5.418679490301111912e+01
1.470338446554662823e+02 7.199724048372696927e+01 5.447463679896112154e+01
1.471859426994562057e+02 7.190990990990991349e+01 5.435167600032465174e+01
1.475538511484457445e+02 7.179230581933285293e+01 5.430914698482266090e+01
1.483909991072153218e+02 7.249565781998214220e+01 5.484043502962421712e+01
1.485926061196331602e+02 7.251501501501500968e+01 5.455170034899764886e+01
1.485702459215972624e+02 7.218472526580634963e+01 5.454062170278386645e+01
1.483320347374401535e+02 7.227660092524956781e+01 5.446481616751886889e+01
1.477581365148932662e+02 7.187383329275220945e+01 5.403623894164434915e+01
1.475603847090333716e+02 7.147975002029056668e+01 5.367608148689230063e+01
1.482706355003652163e+02 7.201412223033844384e+01 5.383434786137488715e+01
1.489647755863971952e+02 7.248973297621945733e+01 5.401258014771528337e+01
1.488931904877850911e+02 7.249513026540053318e+01 5.399565781998214220e+01
1.474304033763493180e+02 7.247735573411249277e+01 5.369065010956902739e+01
1.454694424153883574e+02 7.181206882558234383e+01 5.305239022806590299e+01
1.441076211346481557e+02 7.149614479344208462e+01 5.290057625192760327e+01
1.435313692070448894e+02 7.135650515380244485e+01 5.285273110948786979e+01
1.434355165976787703e+02 7.120935800665530735e+01 5.289055271487703891e+01
1.439310932554175793e+02 7.115258501744987996e+01 5.287590292995698604e+01
1.442893839785731700e+02 7.153437221004789137e+01 5.322222222222222143e+01
1.447359386413440347e+02 7.187894651408164748e+01 5.336470254037821803e+01
1.449335281227173198e+02 7.213391770148527371e+01 5.378865351838324926e+01
1.448236750263777424e+02 7.246035224413603260e+01 5.418780943105267767e+01
1.447516029543056675e+02 7.294403863322781945e+01 5.450511322132943803e+01
1.450081973865757732e+02 7.365850986121256483e+01 5.533126369612855910e+01
1.454194058923788759e+02 7.466979141303465894e+01 5.626146416686957252e+01
1.458144225306387511e+02 7.529031734437140244e+01 5.695540134729323967e+01
1.464352731109487991e+02 7.569056894732570129e+01 5.728447366285204367e+01
1.460584773963152259e+02 7.526337147958768981e+01 5.688410031653275212e+01
1.459577144712279733e+02 7.490406622839054762e+01 5.663290317344371516e+01
1.457280253226199136e+02 7.493486729973216143e+01 5.685289343397451489e+01
1.454565376186997696e+02 7.537906825744663308e+01 5.718448177907637131e+01
1.450344939534128628e+02 7.558688418147877996e+01 5.722684847009170994e+01
1.450881827773719692e+02 7.560271081892703648e+01 5.742622352081811243e+01
1.451479993507020652e+02 7.560336011687363111e+01 5.730139599058517774e+01
1.452314341368395390e+02 7.526511646781916909e+01 5.731689797906014405e+01
1.450405405405405475e+02 7.406387468549630171e+01 5.620079538998457735e+01
1.444245191137082998e+02 7.314779644509374634e+01 5.547520493466439717e+01
1.449713497281064747e+02 7.296790033276519694e+01 5.551404106809512484e+01
1.461484863241620076e+02 7.384266699131563882e+01 5.625578280983686597e+01
1.467812677542407300e+02 7.424011849687525455e+01 5.667441766090414745e+01
1.469702134566999518e+02 7.403039526012499039e+01 5.664203392581770657e+01
1.474566593620647552e+02 7.362847983118253126e+01 5.630732083434786261e+01
1.471140329518707972e+02 7.330995860725590774e+01 5.619698076454832858e+01
1.473330492654816908e+02 7.412791169547926984e+01 5.689172956740524256e+01
1.486540865189513738e+02 7.586348510672834777e+01 5.830293807320834532e+01
1.503705056407759173e+02 7.826637448259069174e+01 6.023151529908286506e+01
1.522653193734274737e+02 8.132643454265075889e+01 6.273630387143900577e+01
1.535175310445580692e+02 8.318634851067282909e+01 6.387910883856829969e+01
1.531417092768444093e+02 8.291461732002272811e+01 6.386393149906663069e+01
1.522213700186673293e+02 8.122453534615696924e+01 6.261374888401915229e+01
1.523328869409950528e+02 8.046457268078889058e+01 6.170201282363444761e+01
1.522872737602467339e+02 7.976990504017531691e+01 6.110960960960960620e+01
1.528634039444850146e+02 7.954752049346643616e+01 6.106846035224413782e+01
1.532096826556285976e+02 7.922688905121337655e+01 6.067040012985958697e+01
1.534114114114114216e+02 7.780711792873954380e+01 5.937789140491842943e+01
1.535209804398993469e+02 7.676637448259069174e+01 5.847244541839136645e+01
1.543612531450369261e+02 7.679246814381949093e+01 5.828171414657901295e+01
1.547465303140978676e+02 7.664933852771690681e+01 5.835455725996266807e+01
1.551971836701566474e+02 7.702386169953737749e+01 5.833219706192679155e+01
1.558034250466682806e+02 7.750921191461732462e+01 5.878496063631198609e+01
1.556955198441685013e+02 7.743222952682411631e+01 5.839631523415307157e+01
1.558666910153396543e+02 7.728224170116061487e+01 5.863927440954468295e+01
1.561874847820793661e+02 7.781263696128560525e+01 5.864000486973459658e+01
1.559381949517084536e+02 7.760766171576982231e+01 5.839663988312636889e+01
1.556316045775505188e+02 7.705141628114600394e+01 5.836056326596867194e+01
1.556140735329924496e+02 7.724417660904147453e+01 5.853412872331791306e+01
1.552764386007629298e+02 7.706898790682573974e+01 5.821037253469685879e+01
1.548077266455644860e+02 7.692780618456293951e+01 5.795783621459297308e+01
1.544677785894002113e+02 7.716297378459540823e+01 5.821637854070286267e+01
1.541918269620972239e+02 7.740426913399886644e+01 5.825200876552227669e+01
1.541822903985066091e+02 7.778991153315477902e+01 5.858367827286745921e+01
1.537783459134810471e+02 7.817498579660741598e+01 5.861504747991234154e+01
1.525611963314665900e+02 7.763590617644670999e+01 5.815733300868436118e+01
1.510308010713416138e+02 7.685861537212888095e+01 5.790134729323918350e+01
1.500140816492167914e+02 7.668249330411492792e+01 5.763529745962178197e+01
1.494639639639639768e+02 7.639270351432513451e+01 5.735358331304276902e+01
1.498630792955117386e+02 7.661512864215566765e+01 5.760936612287963499e+01
1.503382842301761286e+02 7.762158104049996155e+01 5.814329194058923633e+01
1.507078565051538135e+02 7.831275870465059086e+01 5.874604334063793232e+01
1.516583475367259268e+02 7.878739550361171950e+01 5.943803262722181557e+01
1.523362957552146781e+02 7.934498011525037953e+01 5.975955685415144814e+01
1.532281064848632468e+02 7.964629494359223827e+01 6.014487460433406341e+01
1.538357682006330549e+02 8.059763817871926506e+01 6.079956984011037946e+01
1.543447772096420749e+02 8.163590617644670999e+01 6.212474636798960859e+01
1.550324243162081075e+02 8.288897005113221894e+01 6.320351432513594858e+01
1.561874036198360614e+02 8.411102994886778106e+01 6.439939939939939961e+01
1.568267997727457157e+02 8.474855937018098473e+01 6.490605470335199811e+01
1.574211914617320076e+02 8.534449314179043711e+01 6.517133349565781941e+01
1.578175472770067245e+02 8.533609284960635932e+01 6.494951708465221429e+01
1.580172875578280980e+02 8.471325379433487512e+01 6.427562697832968297e+01
1.583568298027757351e+02 8.450641181722262729e+01 6.375773070367664985e+01
1.585650921191461862e+02 8.413748884019153707e+01 6.357815924032140487e+01
1.581476747017287607e+02 8.390467494521548986e+01 6.349391283175067002e+01
1.579136433731028433e+02 8.420456943429915952e+01 6.373411249086925068e+01
1.583131645158672143e+02 8.445272299326353505e+01 6.377096014933852786e+01
1.585326678029380787e+02 8.456022238454670514e+01 6.367413359305250964e+01
1.589662365067770509e+02 8.455847739631524007e+01 6.377972567161756245e+01
1.597844736628520366e+02 8.433873062251440444e+01 6.356391526661796831e+01
1.597871925980034007e+02 8.403323593864134011e+01 6.321686551416281219e+01
1.599778021264507686e+02 8.420529989448908736e+01 6.329490301111922435e+01
1.604084895706517386e+02 8.439209479750020648e+01 6.364872981089197168e+01
1.601912994075156291e+02 8.383536238941644569e+01 6.327769661553445246e+01
1.603313448583718923e+02 8.393227010794578291e+01 6.327250223196168832e+01
1.603610096583069549e+02 8.400300300300300194e+01 6.343596299001704608e+01
1.598909991072153218e+02 8.365656196737278094e+01 6.353189676162649135e+01
1.596248681113546013e+02 8.379453778102426043e+01 6.388552065579092698e+01
1.595680545410275215e+02 8.329474068663257924e+01 6.360863566268971425e+01
1.594221654086518924e+02 8.271869166463761758e+01 6.309077996915834774e+01
1.598472526580634678e+02 8.310567324080837182e+01 6.321735248762275461e+01
1.604653031409788184e+02 8.384396558720882808e+01 6.328504179855531220e+01
1.601923950978004996e+02 8.310778345913480791e+01 6.270193166139112151e+01
1.604397776154532949e+02 8.312056651245841010e+01 6.297589481373265130e+01
1.607125639152666281e+02 8.345966236506777136e+01 6.318419771122474060e+01
1.606387874360847263e+02 8.348250953656359741e+01 6.286997808619430117e+01
1.607730297865433045e+02 8.384798311825338146e+01 6.291498255011768492e+01
1.605954467981495100e+02 8.408416524632740163e+01 6.305364824283743275e+01
1.600054784514244091e+02 8.346911776641506719e+01 6.258327246165084290e+01
1.605165165165165035e+02 8.372327733138544659e+01 6.291027514000487031e+01
1.610762113464816139e+02 8.418922977031084542e+01 6.299906663420176756e+01
1.608165327489651872e+02 8.393640938235532190e+01 6.296266536807077330e+01
1.605717068419771181e+02 8.424413602791980793e+01 6.327177177177177470e+01
1.606125314503692891e+02 8.436896355815274262e+01 6.348701404106809321e+01
1.602572843113383669e+02 8.380809187565944285e+01 6.319462705949192127e+01
1.601492167843519212e+02 8.364840516191867437e+01 6.310258907556205088e+01
1.602185699212726320e+02 8.369637204772340056e+01 6.340000811622433474e+01
1.599066634201769261e+02 8.353088223358493281e+01 6.316346075805535065e+01
1.599137245353461481e+02 8.347958769580391447e+01 6.306545734924113589e+01
1.597068419771122478e+02 8.388304520736953407e+01 6.313537862186510807e+01
1.597261991721451295e+02 8.384989043097151296e+01 6.265599383166950531e+01
1.599373427481535543e+02 8.445438681925168112e+01 6.290098206314422669e+01
1.600269052836620460e+02 8.472510348186024487e+01 6.295353461569677478e+01
1.593989124259394430e+02 8.448697345994642660e+01 6.253834915997077815e+01
1.587216540865189529e+02 8.422697021345669555e+01 6.234481779076373442e+01
1.578761058355652835e+02 8.442086681275870319e+01 6.241762032302573004e+01
1.575023942861780597e+02 8.459719178638097503e+01 6.264215566918269928e+01
1.575010145280415657e+02 8.482322863403943813e+01 6.276702378053729348e+01
1.576347293239185205e+02 8.517218569921273286e+01 6.298559370180991834e+01
1.578020047074101058e+02 8.503924194464734398e+01 6.281912994075156575e+01
1.578695722749776849e+02 8.476661796932067716e+01 6.286807077347617678e+01
1.579620160701241787e+02 8.486328220112004317e+01 6.317251034818602307e+01
1.582152828504179922e+02 8.509840922003084529e+01 6.325736547358169304e+01
1.589366528690852931e+02 8.514008603197792979e+01 6.322587452317181800e+01
1.594547114682249855e+02 8.473654735816897698e+01 6.311703595487379204e+01
1.594013878743608359e+02 8.457629250872494708e+01 6.332521710900089573e+01
1.599809674539404227e+02 8.468866163460758401e+01 6.348202256310364078e+01
1.601768525282038809e+02 8.450442334226117680e+01 6.340061683304926277e+01
1.604022400779157635e+02 8.469706192679166179e+01 6.338166544923301871e+01
1.604274815355896351e+02 8.437432026621215186e+01 6.337975813651489432e+01
1.597261585910234487e+02 8.387488840191542749e+01 6.306521386251115757e+01
1.598115818521224014e+02 8.392898303709114316e+01 6.310344127911695722e+01
1.604266699131563882e+02 8.398397045694342467e+01 6.299285772258745197e+01
1.601126531937342747e+02 8.348210372534697399e+01 6.266264913562211092e+01
1.599041879717555332e+02 8.368480642804966863e+01 6.260080350620891210e+01
1.599292671049427668e+02 8.385362389416442852e+01 6.281040499959419066e+01
1.599669669669669645e+02 8.380906582257934190e+01 6.291940589237886883e+01
1.603971674377079921e+02 8.395690284879474063e+01 6.300564077591104706e+01
1.608690853015177424e+02 8.420947975002029295e+01 6.288316695073451967e+01
1.610614398181965612e+02 8.364613261910558606e+01 6.267182046911776894e+01
1.611679246814381941e+02 8.328804480155831413e+01 6.270805941076211099e+01
1.613309796282769355e+02 8.302666179693206061e+01 6.239262235208180840e+01
1.610760490219949759e+02 8.240532424316208449e+01 6.173415307199091018e+01
1.614812109406703939e+02 8.228552877201525462e+01 6.138479019560100625e+01
1.618166139112084920e+02 8.251464978492005287e+01 6.170107945783621517e+01
1.617903985066147357e+02 8.231758785812840529e+01 6.148526905283662103e+01
1.620831101371641978e+02 8.244951708465221429e+01 6.180529177826475262e+01
1.622742066390715081e+02 8.288564239915591259e+01 6.188661634607580453e+01
1.620068987906825839e+02 8.227887346806265612e+01 6.131012093174255284e+01
1.623764304845385880e+02 8.244829965100235825e+01 6.135861537212888805e+01
1.626617157698238714e+02 8.297110624137651769e+01 6.177331385439493516e+01
1.625483726970213354e+02 8.277376024673321808e+01 6.156111516922327809e+01
1.630842869896924014e+02 8.305303952601249762e+01 6.152325298271244236e+01
1.632945783621459270e+02 8.354196087979872232e+01 6.199724048372696927e+01
1.626953981008035157e+02 8.335309633958281950e+01 6.162734355977599421e+01
1.625423666910153315e+02 8.348023699375050910e+01 6.171601331060790585e+01
1.624882314747179635e+02 8.368675432188945251e+01 6.203871439006574207e+01
1.625741822903985110e+02 8.393620647674701729e+01 6.208676243811378725e+01
1.629214755295836312e+02 8.428098368638909221e+01 6.231052674295917626e+01
1.634281308335362439e+02 8.492796850904959172e+01 6.265286908530151777e+01
1.631434948461975409e+02 8.494809674539403943e+01 6.264848632416200047e+01
1.632841895950004130e+02 8.501063225387549949e+01 6.269405892378865275e+01
1.632831750669588473e+02 8.504009414820225743e+01 6.286600113627140729e+01
1.629943592240889529e+02 8.468082947812678185e+01 6.222311500689878727e+01
1.632007548088629107e+02 8.431807483158834771e+01 6.214828341855368876e+01
1.631200389578768011e+02 8.464373833292752636e+01 6.218837756675594619e+01
1.628305738170602979e+02 8.436876065254443802e+01 6.216427238048859749e+01
1.627896274653031412e+02 8.403587371154938523e+01 6.191530719909098224e+01
1.625911046181316522e+02 8.395832318805291550e+01 6.204796688580472619e+01
1.627141465790114410e+02 8.416646376105835259e+01 6.215806346887428191e+01
1.623902280659037274e+02 8.367863809755701254e+01 6.197488028569109986e+01
1.613774450125801536e+02 8.311886210534859742e+01 6.134765846928009125e+01
1.604074750426101730e+02 8.262308254200145541e+01 6.110453696940183477e+01
1.597141871601330934e+02 8.223472120769417870e+01 6.082773313854394814e+01
1.591220680139599040e+02 8.182493304114925081e+01 6.080322214105997602e+01
1.589996347699050432e+02 8.173926629332034111e+01 6.088004220436653213e+01
1.592156480805129490e+02 8.173626329031733917e+01 6.102203554906257921e+01
1.590641993344696061e+02 8.162722181641100860e+01 6.091705218732245442e+01
1.597005113221329395e+02 8.222043665286908265e+01 6.126454833211590056e+01
1.605059654248843515e+02 8.267279441603766088e+01 6.147187728268809082e+01
1.605243486729973199e+02 8.255750344939534102e+01 6.156468630792954855e+01
1.602752617482347262e+02 8.259414820225630649e+01 6.151578605632659702e+01
1.600000405811216524e+02 8.239392094797500476e+01 6.166122879636392895e+01
1.595921597272948702e+02 8.203700998295592228e+01 6.137204772339907777e+01
1.599485431377323152e+02 8.253526499472445721e+01 6.125513351189027134e+01
1.605715039363687993e+02 8.269945621296972149e+01 6.103498092687281940e+01
1.599239509780050241e+02 8.230310039769499042e+01 6.005498741985228150e+01
1.585163136109082131e+02 8.115956497037578288e+01 5.906152098043990151e+01
1.590314503692881942e+02 8.196871195519844377e+01 5.971966561155750242e+01
1.585028812596380305e+02 8.144010226442658507e+01 5.936096907718529536e+01
1.591873630387143805e+02 8.204102751400048987e+01 5.970444769093417392e+01
1.598037091145199327e+02 8.240934177420663787e+01 5.966366366366366236e+01
1.601400454508562632e+02 8.223796769742715185e+01 5.961305900495089816e+01
1.607865838811784727e+02 8.263631198766333341e+01 6.005673240808376079e+01
1.613008684360035829e+02 8.320383897410924590e+01 6.017969320672023059e+01
1.613786624462300097e+02 8.310912263614966378e+01 6.007113870627384244e+01
1.616018586153721230e+02 8.333276519763006718e+01 6.021589156724292025e+01
1.619623407190974831e+02 8.364962259556854463e+01 6.059017125233341261e+01
1.618411654898141308e+02 8.338182777371966381e+01 6.022068013959906096e+01
1.624375050726402208e+02 8.272680788897005755e+01 6.029441603765928193e+01
1.625657414170927666e+02 8.248770392013635444e+01 6.015059654248843657e+01
1.622373183994805572e+02 8.153112572031490402e+01 5.981458485512539625e+01
1.623273273273273389e+02 8.138300462624786746e+01 5.996554662770878963e+01
1.627785894002110183e+02 8.187298108919731021e+01 6.059731352974596064e+01
1.625857073289505763e+02 8.177347617888158027e+01 6.061472283093904423e+01
1.623379190000811718e+02 8.132103725346968304e+01 6.062900738576414028e+01
1.621614722830939002e+02 8.128345913481048512e+01 6.058769580391201970e+01
1.615840435029624302e+02 8.073443713984254089e+01 6.013432351270189002e+01
1.617972972972972912e+02 8.066118821524226234e+01 6.004642480318155862e+01
1.622392662933203553e+02 8.111764467169872717e+01 6.026613099586072764e+01
1.624260611963314602e+02 8.108696534372209896e+01 5.979733787841895776e+01
1.623396234071909703e+02 8.073687200714228140e+01 5.965814463111760091e+01
1.620334388442496447e+02 8.061987663339014887e+01 5.941502313123934442e+01
1.618123123123123150e+02 8.038949760571382797e+01 5.919779238698157542e+01
1.621148851554256964e+02 8.062105348591835252e+01 5.890946351757162347e+01
1.623235532830127283e+02 8.118509049590130644e+01 5.876775424072721421e+01
1.626415875334794237e+02 8.171800178556935634e+01 5.883077672266861669e+01
1.626337959581202881e+02 8.193738332927522094e+01 5.888754971187403697e+01
1.627610177745312967e+02 8.195767389010632087e+01 5.890297053810567007e+01
1.627697427156886647e+02 8.222774125476827578e+01 5.885902118334550437e+01
1.629764629494359269e+02 8.220915510104698853e+01 5.875107539972405135e+01
1.627559857154451777e+02 8.193791088385682997e+01 5.860786462137813402e+01
1.630222790357925362e+02 8.217457998539079256e+01 5.880581933284636165e+01
1.634032546059573008e+02 8.252248194140085502e+01 5.910262965668371038e+01
1.634394935476016428e+02 8.248879961042123909e+01 5.911013716419121522e+01
1.636276276276276178e+02 8.283714795876957737e+01 5.942338284230176271e+01
1.634183507832156579e+02 8.316630143657170038e+01 5.950771041311581655e+01
1.624933852771690681e+02 8.264950085220355902e+01 5.946534372210047792e+01
1.611942618293969645e+02 8.259747585423261285e+01 5.943543543543543706e+01
1.594659118578037464e+02 8.221889457024592218e+01 5.928788247707166903e+01
1.578494440386332371e+02 8.123484295105916431e+01 5.897053810567324206e+01
1.572165814463111815e+02 8.128211995779562926e+01 5.914268322376430831e+01
1.574808457105754371e+02 8.164130346562778584e+01 5.952865027189351821e+01
1.573267186105023825e+02 8.124068663257853018e+01 5.931101371641911868e+01
1.573869004139274352e+02 8.151059167275383288e+01 5.949586072559045391e+01
1.581483645807970220e+02 8.189647755863971668e+01 5.968813408002597498e+01
1.577726645564483476e+02 8.112340719097475983e+01 5.917738008278548989e+01
1.575165976787598368e+02 8.080825420014609506e+01 5.893851960068176510e+01
1.575465465465465513e+02 8.089168898628358306e+01 5.904683061439818204e+01
1.572034331628926225e+02 8.026373670968266083e+01 5.871702783864945729e+01
1.575656602548494334e+02 8.039473257040825160e+01 5.886121256391526657e+01
1.587219787354922573e+02 8.157020534047561000e+01 5.929064199334469265e+01
1.592213294375456485e+02 8.198794740686632565e+01 5.919024429835240397e+01
1.595307604902199614e+02 8.211038065092118643e+01 5.942804967129291782e+01
1.598219706192679155e+02 8.241323756188620564e+01 5.967993669345020891e+01
1.592337878418959463e+02 8.170935800665530735e+01 5.898194140086032178e+01
1.591563590617644763e+02 8.155961366772177712e+01 5.870643616589562441e+01
1.595528366204041788e+02 8.202731109487866945e+01 5.896278711143575890e+01
1.595204123041960997e+02 8.209467575683791551e+01 5.905730054378702931e+01
1.597000649297946495e+02 8.210717474230987989e+01 5.890682574466358545e+01
1.600989773557341209e+02 8.250482915347780022e+01 5.928938397857317000e+01
1.599231799366934581e+02 8.214394123853583096e+01 5.894907069231393848e+01
1.599130346562778868e+02 8.171564808051294904e+01 5.890544598652707009e+01
1.602011200389578676e+02 8.201391932473013924e+01 5.919085301517733910e+01
1.601431701972242649e+02 8.197897897897897224e+01 5.889935881827774011e+01
1.600689067445824207e+02 8.149139680220761761e+01 5.860620079538998795e+01
1.601216622027432948e+02 8.153270838405973109e+01 5.849586072559045391e+01
1.600343316289262248e+02 8.145369694018341988e+01 5.827915753591429393e+01
1.601573330086843612e+02 8.127100073046018736e+01 5.841084327570813883e+01
1.599006574141709223e+02 8.144829965100235825e+01 5.866739712685658503e+01
1.594792630468306243e+02 8.127745312880448125e+01 5.811415469523577570e+01
1.591285609934258503e+02 8.111005600194789622e+01 5.771130590049509124e+01
1.588365798230663017e+02 8.098644590536481758e+01 5.788349159970781699e+01
1.585924437951464938e+02 8.063087411736060517e+01 5.770310851391932516e+01
1.584353542731921038e+02 8.035350215079944292e+01 5.750620891161431558e+01
1.581600925249573777e+02 8.011411411411411621e+01 5.763265968671374395e+01
1.581982387793198654e+02 8.041413034656278569e+01 5.790978816654492078e+01
1.585622920217514888e+02 8.056574141709276660e+01 5.791421150880610469e+01
1.586403295187078868e+02 8.053733463192922670e+01 5.796668289911533378e+01
1.587285122960798560e+02 8.094054865676487509e+01 5.812762762762762492e+01
1.592993669345020749e+02 8.106192679165651782e+01 5.830013797581364798e+01
1.592544436328220172e+02 8.103311419527635451e+01 5.834757730703676515e+01
1.596111111111111143e+02 8.139436734031328058e+01 5.835350215079945002e+01
1.598563022481941402e+02 8.165611557503449092e+01 5.844720396071747359e+01
1.599985796607418251e+02 8.104549143738333328e+01 5.844590536482428433e+01
1.603210778345913354e+02 8.105218732245759838e+01 5.862178394610827326e+01
1.606955198441685013e+02 8.108193328463599414e+01 5.876024673321970937e+01
1.606484051619186744e+02 8.075695966236506251e+01 5.856160214268322051e+01
1.608938803668533524e+02 8.105125395665936594e+01 5.876316857397938520e+01
1.614325135946757541e+02 8.139769499228958693e+01 5.919434299164029056e+01
1.611885804723642650e+02 8.127124421719015857e+01 5.885058031003976708e+01
1.612014852690528244e+02 8.159252495738982702e+01 5.900750750750750484e+01
1.614057300543786937e+02 8.191137083028975496e+01 5.917766415063712060e+01
1.605444363282201152e+02 8.139278467656845351e+01 5.908728999269539628e+01
1.598485918350783095e+02 8.162474636798961569e+01 5.928970862754646731e+01
1.590046668289911622e+02 8.180009739469198848e+01 5.913968022076129927e+01
1.576573330086843612e+02 8.094947650353056190e+01 5.849687525363201246e+01
1.573741985228471663e+02 8.071378134891648415e+01 5.857385764142520657e+01
1.575917944971999134e+02 8.084867299732164270e+01 5.871264507750993999e+01
1.574345832318805378e+02 8.009057706355004314e+01 5.874312149987825649e+01
1.575804317831344861e+02 8.013038714390066275e+01 5.890735329924519448e+01
1.579881503124746303e+02 8.028398668939209415e+01 5.913270026783540345e+01
1.574536157779401151e+02 7.967551335118902500e+01 5.868460352244135692e+01
1.574685090495901250e+02 7.957791575359142655e+01 5.883998863728593420e+01
1.582228715201688090e+02 8.041717393068744002e+01 5.915481697914130166e+01
1.584476503530557636e+02 8.033304926548170499e+01 5.933073614154695008e+01
1.586540865189513738e+02 8.042249005762519687e+01 5.936831426020615510e+01
1.589876227578930354e+02 8.070489408327246394e+01 5.949646944241538904e+01
1.587543624705786840e+02 8.041421150880610469e+01 5.918703838974109033e+01
1.590179774368963592e+02 8.071134648161675784e+01 5.938722506290073966e+01
1.595225225225225358e+02 8.137350864377891924e+01 5.959901793685577331e+01
1.591118009901793755e+02 8.103700998295592228e+01 5.925249573898222621e+01
1.590990179368557733e+02 8.076840353867380884e+01 5.935325866406947171e+01
1.591689392094797597e+02 8.121735248762276171e+01 5.954212320428536742e+01
1.585244704163623055e+02 8.125472770067364081e+01 5.875249573898222621e+01
1.582272137001866668e+02 8.126791656521386642e+01 5.823626329031734628e+01
1.580399318237156194e+02 8.169300381462544181e+01 5.809191624056489189e+01
1.579543056570083479e+02 8.166264913562210381e+01 5.766548981413846064e+01
1.580570976381787318e+02 8.152812271731190208e+01 5.765595325054784581e+01
1.582698644590536503e+02 8.192127262397532661e+01 5.789371804236669306e+01
1.584758542326109989e+02 8.214605145686226706e+01 5.785256878500121758e+01
1.588162080999918828e+02 8.221374076779481754e+01 5.797638178719260083e+01
1.591414657901144381e+02 8.256432107783459173e+01 5.833974515055596299e+01
1.590833942050158214e+02 8.252601249898546598e+01 5.829307686064442606e+01
1.594157130103075986e+02 8.241863485106728149e+01 5.830569758948137604e+01
1.593934745556367147e+02 8.254423342261179641e+01 5.828041555068582369e+01
1.597575683791899905e+02 8.284554825095365516e+01 5.843458323188053072e+01
1.598917295674052355e+02 8.295966236506777136e+01 5.836348510672834777e+01
1.599586072559045533e+02 8.301339177014853021e+01 5.874726077428780258e+01
1.606249086924762537e+02 8.297926304683061005e+01 5.906764872981089098e+01
1.611611070529989433e+02 8.253859264670074936e+01 5.963428293158023052e+01
1.614467169872575312e+02 8.238052917782647455e+01 5.982270107945783622e+01
1.616348916484051585e+02 8.267117117117116720e+01 6.001988474961447650e+01
1.620694748802856964e+02 8.293823553283013439e+01 6.025825825825825888e+01
1.624508968427887226e+02 8.321719016313610950e+01 6.071637854070286267e+01
1.625174904634364168e+02 8.358035062089116707e+01 6.075870465059654180e+01
1.625958120282444668e+02 8.347313529745962057e+01 6.074478532586640966e+01
1.621560749939128243e+02 8.292821199577956293e+01 6.035812839866893853e+01
1.621784757730703745e+02 8.297350052755457739e+01 6.046140735329924354e+01
1.622901550198847360e+02 8.312852041230419786e+01 6.052483564645726943e+01
1.619084489895300578e+02 8.266415063712361189e+01 6.052556610664719017e+01
1.620697183670156676e+02 8.290183426669912592e+01 6.063225387549712053e+01
1.622052593133674350e+02 8.289927765603441401e+01 6.068675432188945962e+01
1.614063793523253025e+02 8.215209804398993754e+01 6.047694992289586935e+01
1.601966966966967050e+02 8.219032546059573008e+01 6.028435191948705807e+01
1.590140816492167914e+02 8.237229121012904898e+01 6.029226523821118633e+01
1.573467656846035254e+02 8.137143900657413553e+01 5.934782079376673636e+01
1.564349078808538138e+02 8.103737521305089331e+01 5.934262641019397932e+01
1.561698725752779922e+02 8.114231799366935149e+01 5.937326515704894092e+01
1.556018991964938039e+02 8.050280009739469733e+01 5.893271650028406583e+01
1.558971674377079921e+02 8.077761545329113346e+01 5.919166463761058594e+01
1.564575115656196829e+02 8.122863403944485583e+01 5.949090982874766809e+01
1.562955523090658119e+02 8.067798879961041791e+01 5.925943511078646253e+01
1.563340232124016040e+02 8.075415956497037939e+01 5.955969482996510322e+01
1.568436003571138713e+02 8.122193815437059072e+01 5.980772664556448603e+01
1.567188539891242556e+02 8.105717880042203660e+01 5.968427887346805960e+01
1.569987419852284631e+02 8.121223926629332368e+01 5.998474149825501200e+01
1.573239590942293660e+02 8.161224738251765132e+01 6.034343803262721906e+01
1.565566106647187610e+02 8.090037334631929866e+01 5.995759272786299476e+01
1.564636798961123247e+02 8.051809918026134483e+01 5.963399886372859271e+01
1.566586721856992028e+02 8.033552471390309790e+01 5.987529421313205091e+01
1.558814625436247070e+02 7.969117766415064352e+01 5.909106403700998555e+01
1.553059004950896735e+02 7.941567242918594616e+01 5.891705218732245442e+01
1.551431296161025841e+02 7.933138543949354471e+01 5.878280983686389050e+01
1.542233584936287514e+02 7.865010956902848704e+01 5.831377323269214941e+01
1.537208018829640537e+02 7.814816167518870316e+01 5.815879392906420264e+01
1.534073127181235350e+02 7.817863809755701254e+01 5.834136839542244957e+01
1.534148202256310469e+02 7.794554013472932752e+01 5.814523983442902022e+01
1.539519925330736214e+02 7.818720071422774254e+01 5.835362389416443563e+01
1.546090820550280114e+02 7.877623569515461099e+01 5.863785407028650098e+01
1.549381137894651488e+02 7.879835240646050920e+01 5.823415307199091018e+01
1.552605713821930067e+02 7.880074669263858311e+01 5.828625923220517535e+01
1.556148851554256964e+02 7.905608311013716616e+01 5.842642642642642414e+01
1.557617076535995579e+02 7.930143657170684435e+01 5.856010064118171954e+01
1.562515217920623343e+02 7.961050239428617203e+01 5.862730297865432760e+01
1.565323431539647743e+02 7.990528366204041788e+01 5.906874442009576853e+01
1.565490625760895966e+02 7.968971674377080205e+01 5.913712361009658025e+01
1.564744744744744764e+02 7.940102264426589329e+01 5.910912263614966378e+01
1.563361740118496925e+02 7.935520655790925559e+01 5.904135216297378719e+01
1.564073532992451874e+02 7.964536157779400583e+01 5.920201282363444761e+01
1.568782160538917196e+02 7.998624299975651297e+01 5.948681113545978150e+01
1.566018991964938039e+02 7.996108270432594622e+01 5.964726889051213021e+01
1.565422449476503459e+02 7.996984822660498082e+01 5.977972567161756245e+01
1.563986689392094718e+02 7.968367015664313158e+01 5.975923220517815082e+01
1.561583475367259268e+02 7.942691339988637367e+01 5.969836052268484394e+01
1.562514406298190011e+02 7.967526986445905379e+01 5.992249005762518976e+01
1.564445661878094427e+02 8.003632010388767526e+01 5.997881665449232713e+01
1.559111679246814504e+02 7.948993588182777614e+01 5.979644509374239192e+01
1.555747504261017866e+02 7.938121905689473579e+01 5.951744988231475020e+01
1.558248518789059460e+02 7.929076373670967826e+01 5.954906257608960374e+01
1.555527148770391932e+02 7.895150555961366479e+01 5.946814381949516815e+01
1.553018018018018154e+02 7.929372615859102780e+01 5.982923464004544911e+01
1.547362227091956868e+02 7.931283986689392407e+01 5.990779969158347740e+01
1.531041717393068780e+02 7.843949354760165704e+01 5.968229039850661621e+01
1.521219868517165708e+02 7.802751400048697406e+01 5.946258420582744719e+01
1.519372615859102211e+02 7.805474393312231030e+01 5.942687281876471417e+01
1.513933933933933815e+02 7.747962827692558108e+01 5.908489570651732947e+01
1.512729486242999712e+02 7.737748559370180601e+01 5.912328544760977422e+01
1.516798555312068686e+02 7.772879636393149383e+01 5.934469604739874882e+01
1.518758623488353123e+02 7.760636311987663305e+01 5.941688986283580931e+01
1.519625842058274543e+02 7.783942050158266568e+01 5.957186916646376318e+01
1.519334469604739866e+02 7.791498255011768492e+01 5.951692232773314117e+01
1.512253469685902019e+02 7.710202093985877525e+01 5.916163460758055237e+01
1.510698401103806532e+02 7.722193815437059072e+01 5.938397857316775941e+01
1.514698482266049950e+02 7.791546952357762734e+01 6.025545816086356865e+01
1.510437058680302016e+02 7.789327165002841014e+01 5.986141546952357828e+01
1.507369531693856004e+02 7.791299407515623443e+01 5.981860238616995673e+01
1.505751968184400482e+02 7.796485674864052839e+01 5.994549955360766091e+01
1.497153640126612970e+02 7.747358168979791060e+01 5.946388280172063645e+01
1.490465871276682037e+02 7.733382030679328523e+01 5.983102020939858789e+01
1.497122392662933237e+02 7.804784514243974058e+01 6.048725752779807152e+01
1.495918756594432182e+02 7.809999188377567236e+01 6.053420988556123916e+01
1.493189270351432469e+02 7.793174255336417389e+01 6.039854719584449327e+01
1.497271325379433620e+02 7.824450125801476474e+01 6.070440710981251442e+01
1.499540215891567243e+02 7.830374969564158505e+01 6.067295674052430599e+01
1.506308335362389528e+02 7.879039850661472144e+01 6.129754078402726947e+01
1.512562292021751489e+02 7.941672753834916421e+01 6.172315558802045388e+01
1.513843032221410567e+02 7.922469767064362145e+01 6.146623650677705086e+01
1.515767389010632371e+02 7.915777940102265120e+01 6.138840191542894331e+01
1.519687931174417770e+02 7.964909504098693560e+01 6.151237724210697166e+01
1.523349565781998081e+02 7.980841652463274727e+01 6.146083921759597501e+01
1.524508968427887226e+02 7.968151935719502887e+01 6.161330249168086937e+01
1.525407434461488378e+02 7.988320753185618628e+01 6.161894326759191642e+01
1.527267673078483767e+02 8.005754403051700763e+01 6.139659930200470939e+01
1.537495333171008838e+02 8.069060952844736789e+01 6.179222465708951972e+01
1.545778751724697599e+02 8.145548250953656577e+01 6.212312312312312201e+01
1.549586478370262057e+02 8.170310851391931806e+01 6.228642155669182756e+01
1.547801720639558596e+02 8.138901063225387134e+01 6.199086924762600148e+01
1.539437139842545150e+02 8.072636149663176752e+01 6.164333252171090294e+01
1.537757487216946686e+02 8.035776316857398172e+01 6.137866244623001677e+01
1.538976138300462537e+02 8.010940670400130159e+01 6.105360766171577325e+01
1.536118009901793755e+02 7.990662283905527374e+01 6.072412953494034582e+01
1.535858290723155619e+02 8.003790276763250233e+01 6.078029380732083098e+01
1.541688174661147741e+02 8.041299407515623443e+01 6.094777209642074212e+01
1.540507669831994235e+02 8.010644428211995205e+01 6.110729648567486549e+01
1.538591835078321424e+02 8.007905202499797781e+01 6.118050482915347743e+01
1.535317344371398462e+02 7.941352162973784345e+01 6.079206233260287462e+01
1.526994156318480691e+02 7.851067283499716609e+01 6.016057949841733432e+01
1.516954386819251681e+02 7.807288369450532173e+01 5.974125476828179870e+01
1.509612450288125842e+02 7.817932797662527378e+01 5.952520087655222625e+01
1.498402321240158983e+02 7.780232935638341019e+01 5.954845385926466861e+01
1.492801314828341788e+02 7.779969158347536506e+01 5.934672510348185881e+01
1.486001136271406438e+02 7.726053080107134008e+01 5.908469280090901776e+01
1.475404187971755618e+02 7.618939209479749763e+01 5.837444200957714457e+01
1.474492330168005765e+02 7.590597354110867911e+01 5.818679490301111912e+01
1.483129210291372431e+02 7.616228390552714700e+01 5.840004869734599424e+01
1.487674295917539098e+02 7.619065010956903450e+01 5.816520574628682994e+01
1.494469604739875024e+02 7.674961447934420278e+01 5.893158022887752878e+01
1.502953899845791739e+02 7.748957065173281933e+01 5.946948299651002401e+01
1.498605632659686648e+02 7.736900413927440923e+01 5.961959256553851105e+01
1.491633390146903650e+02 7.718573979384790107e+01 5.971978735492248802e+01
1.496643535427319307e+02 7.826073370667965889e+01 6.033889294700105665e+01
1.501645970294619019e+02 7.843531369207045145e+01 6.052934015096177234e+01
1.503213213213213351e+02 7.880017855693530748e+01 6.074559694829964940e+01
1.502372778183589048e+02 7.878345913481048512e+01 6.079060141222303315e+01
1.501573330086843612e+02 7.834380326272217587e+01 6.042809025241457732e+01
1.502819576333089913e+02 7.856919081243405856e+01 6.044347049752455092e+01
1.505021507994480885e+02 7.903254605957309309e+01 6.096570895219544184e+01
1.503293969645320942e+02 7.890155019884750232e+01 6.094257771284798508e+01
1.502362632903173392e+02 7.875691908124341012e+01 6.102877201525850381e+01
1.504836863890917869e+02 7.902020939858778092e+01 6.119405892378865275e+01
1.499674945215485877e+02 7.828776073370667632e+01 6.042455969482996636e+01
1.497414982550117770e+02 7.780951221491761771e+01 5.996018991964938039e+01
1.499962259556854178e+02 7.804171739306875111e+01 6.022368314260206290e+01
1.506527473419365322e+02 7.840037334631929866e+01 6.020091713334956296e+01
1.513800016232448797e+02 7.906070935800666177e+01 6.030013797581364798e+01
1.515071016962908743e+02 7.925971917863809324e+01 6.048530963395828053e+01
1.510313692070448894e+02 7.871613505397289146e+01 5.985305575846116710e+01
1.505400129859589242e+02 7.809491924356788672e+01 5.955770635500365273e+01
1.503923382842301635e+02 7.819109650190731031e+01 5.959004950896842701e+01
1.511151692232773200e+02 7.872088304520737267e+01 6.006350945540134489e+01
1.517926710494278097e+02 7.923257040824609021e+01 6.041023455888321081e+01
1.519829153477802208e+02 7.948372697021345346e+01 6.078694911127343659e+01
1.517518464410356387e+02 7.944391688986283384e+01 6.065765765765765849e+01
1.516531531531531414e+02 7.924356789221654651e+01 6.052020939858777382e+01
1.513257446635824977e+02 7.921548575602629683e+01 6.038823959094229110e+01
1.512482753023293469e+02 7.900771041311581655e+01 6.023395016638259847e+01
1.516623244866487994e+02 7.900738576414252634e+01 6.024989854719584770e+01
1.520052349646944378e+02 7.916658550442333819e+01 6.029234640045450533e+01
1.527706760814868971e+02 7.953100397694991841e+01 6.026361496631766812e+01
1.532064767470172910e+02 7.950803506208912097e+01 6.006955604252901537e+01
1.525756837919000191e+02 7.868338608879149376e+01 5.952690528366203893e+01
1.523871033195357541e+02 7.822656440224007213e+01 5.902406460514568920e+01
1.529841733625517293e+02 7.844083272461651291e+01 5.927469361253145053e+01
1.530235776316857539e+02 7.830723967210454362e+01 5.922774125476828289e+01
1.529447690934177331e+02 7.835070205340475979e+01 5.910047885723561478e+01
1.528519600681762824e+02 7.804865676487298742e+01 5.872729486242999997e+01
1.520196818440061577e+02 7.731507182858534577e+01 5.815887509130752164e+01
1.519694424153883574e+02 7.730334388442496163e+01 5.830553526499472383e+01
1.524984173362551871e+02 7.785260936612287708e+01 5.865331547763980069e+01
1.524190812434055715e+02 7.778970862754646021e+01 5.871925980034087900e+01
1.530355490625760808e+02 7.845686226767307403e+01 5.957422287152017049e+01
1.545340881421962536e+02 8.018326434542650816e+01 6.085622108595081414e+01
1.554739875010145340e+02 8.128203879555231026e+01 6.173731839948056432e+01
1.561531125720314890e+02 8.226787598409219981e+01 6.253899845791737988e+01
1.571617563509455522e+02 8.337939290641993750e+01 6.323541108676243994e+01
1.571370018667315946e+02 8.323983442902361674e+01 6.316853339826312919e+01
1.569228552877201537e+02 8.309922084246409213e+01 6.297321645970294668e+01
1.570283662040418733e+02 8.338702215729242084e+01 6.342013635256878246e+01
1.559112490869247551e+02 8.293210778345913070e+01 6.304041879717555474e+01
1.548075237399561672e+02 8.270241863485107103e+01 6.286920704488272094e+01
1.541854151448746109e+02 8.268180342504666669e+01 6.284250466682899372e+01
1.533531775018261385e+02 8.209901793685577331e+01 6.250568135703270656e+01
1.528632822011200290e+02 8.170059248437627275e+01 6.205750344939534102e+01
1.531728755782809799e+02 8.196063631198767041e+01 6.258120282444606630e+01
1.529588913237561769e+02 8.157844330817303558e+01 6.236080675269864315e+01
1.527003084165246207e+02 8.122822822822823241e+01 6.233130427725022571e+01
1.529984984984984919e+02 8.154334063793523057e+01 6.232375618862105426e+01
1.533141384627870991e+02 8.149257365473582126e+01 6.240179368557746642e+01
1.538947731515299040e+02 8.144537781024267531e+01 6.263018423829234393e+01
1.546625273922571182e+02 8.196526255985715181e+01 6.302649947244541551e+01
1.549933041149257349e+02 8.209930200470741113e+01 6.297102507913318448e+01
1.548361334307280117e+02 8.204001298595893843e+01 6.271633795958120317e+01
1.540009739469198848e+02 8.215830695560424601e+01 6.273188052917782898e+01
1.524362064767470031e+02 8.191701160620080202e+01 6.200645239834428679e+01
1.511812758704650719e+02 8.135569353136921222e+01 6.147784270757243519e+01
1.504566999431864360e+02 8.122615859102346292e+01 6.132972161350539864e+01
1.503436815193572045e+02 8.145105916727538897e+01 6.151124097070042751e+01
1.507977031085139288e+02 8.141778264751238225e+01 6.158692476260043946e+01
1.505026783540297117e+02 8.116747828909990403e+01 6.132505478451424352e+01
1.500790114438763112e+02 8.087212888564239677e+01 6.075744663582501204e+01
1.506826962097232467e+02 8.087533479425371752e+01 6.081259638016394575e+01
1.515884262641019404e+02 8.076044963882802108e+01 6.119142115088060763e+01
1.522117522928333813e+02 8.095426507588669551e+01 6.135427319211103026e+01
1.528081324567810952e+02 8.135370505640776173e+01 6.169280090901712299e+01
1.529993507020533912e+02 8.161034006979953404e+01 6.220278386494602785e+01
1.530004869734599424e+02 8.185289343397451489e+01 6.262263614966317959e+01
1.533473744014284534e+02 8.225708140573004812e+01 6.287647106566025457e+01
1.533346319292265321e+02 8.212409707004302106e+01 6.266062007953900093e+01
1.532921029137245341e+02 8.223752130508887603e+01 6.278053729405080929e+01
1.539685496307118058e+02 8.266216216216216139e+01 6.304829153477802350e+01
1.542561886210534965e+02 8.242837432026621514e+01 6.289501663825988231e+01
1.544420501582663690e+02 8.235585585585585022e+01 6.298226604983361909e+01
1.551607824040256389e+02 8.284960636311987514e+01 6.330573817060303554e+01
1.552273354435516524e+02 8.266719422124828043e+01 6.319616914211508885e+01
1.549211102994886744e+02 8.260960960960960620e+01 6.328479831182534099e+01
1.555534047561074544e+02 8.307422287152016338e+01 6.349878256635013685e+01
1.555387549711874158e+02 8.284859183507832370e+01 6.314889213537862389e+01
1.554411167924681365e+02 8.248186023861698857e+01 6.285273110948786979e+01
1.558854800746692604e+02 8.295714633552471184e+01 6.255101046992938763e+01
1.559606363119876562e+02 8.273675026377729580e+01 6.220144468793117198e+01
1.557712442171901728e+02 8.236936936936936604e+01 6.182213294375456769e+01
1.563421394367340440e+02 8.296173200227254085e+01 6.181052674295917626e+01
1.564411573735898173e+02 8.289448908367826618e+01 6.179774368963558118e+01
1.561861861861861769e+02 8.275208992776560990e+01 6.178792305819332853e+01
1.563638503368233046e+02 8.324364905445986551e+01 6.188365392419446209e+01
1.560355896436977616e+02 8.320724778832887125e+01 6.173179936693450287e+01
1.559943186429673005e+02 8.301919487054621527e+01 6.160023537050564357e+01
1.568716824933041210e+02 8.354881908935962542e+01 6.230691502313123920e+01
1.573345507669831989e+02 8.374843762681599912e+01 6.254484213943673154e+01
1.573308578849119499e+02 8.371719016313610950e+01 6.262503043584124640e+01
1.572780618456294235e+02 8.396079863647430841e+01 6.286247057868679633e+01
1.568453453453453506e+02 8.392496550604658978e+01 6.280922814706598700e+01
1.565811622433243997e+02 8.380683386088792020e+01 6.224015907799691405e+01
1.569486242999756485e+02 8.382992451911370324e+01 6.250722343965587413e+01
1.568981008035061961e+02 8.388255823390959165e+01 6.231446311176041064e+01
1.569360035711387127e+02 8.370290560831101345e+01 6.215944322701079727e+01
1.569291859426994620e+02 8.368212807401997111e+01 6.223265157048940921e+01
1.563050077104131219e+02 8.355734112490868881e+01 6.193616589562535779e+01
1.556912182452722959e+02 8.352950247544842455e+01 6.157592727862998316e+01
1.545156643129616043e+02 8.305620485350215176e+01 6.122242512783053314e+01
1.532069231393555810e+02 8.284282931580229103e+01 6.081555880204528819e+01
1.518345101858615465e+02 8.243170197224250728e+01 6.060319779238697890e+01
1.508234721207694236e+02 8.219896923950977907e+01 6.043494846197548753e+01
1.496247463679896157e+02 8.175456537618700281e+01 6.015465465465465655e+01
1.490900089278467533e+02 8.163310607905202687e+01 5.988130021913805479e+01
1.488527311094878769e+02 8.139793847901955814e+01 5.984895706517328051e+01
1.484522766009252450e+02 8.111963314666017766e+01 5.973683142602061480e+01
1.488502962421881364e+02 8.125578280983685886e+01 5.991080269458647933e+01
1.484878256635013258e+02 8.109475691908124872e+01 5.969450531612693567e+01
1.478856829802775792e+02 8.075030435841246401e+01 5.966029543056570361e+01
1.479441603765928051e+02 8.099724048372696927e+01 5.973179936693450287e+01
1.481123285447609703e+02 8.107994480967454365e+01 5.969085301517733910e+01
1.482494521548575506e+02 8.110023537050564357e+01 5.993876308741173631e+01
1.488624299975651297e+02 8.148068338608878491e+01 6.003729405080756720e+01
1.491041311581852256e+02 8.158789870952033141e+01 6.009938316695073723e+01
1.484383166950734392e+02 8.104536969401834767e+01 5.965043421800178436e+01
1.482637367096826608e+02 8.110441522603684916e+01 5.965919974028081896e+01
1.483225793360928435e+02 8.112072883694504810e+01 5.950657414170927950e+01
1.483135703270838519e+02 8.099009820631442835e+01 5.957105754403051634e+01
1.491012093174255426e+02 8.147114682249817008e+01 5.998064280496713252e+01
1.495585179774369067e+02 8.171495820144468780e+01 6.013030598165732954e+01
1.490926061196331602e+02 8.138487135784433235e+01 6.004800746692638569e+01
1.487328138949760614e+02 8.141157373589805957e+01 6.008546384222059800e+01
1.475554338121905573e+02 8.139505721938154181e+01 5.991368395422449566e+01
1.465939858777696543e+02 8.107300543787030733e+01 5.977753429104780736e+01
1.469837269702134677e+02 8.160327895463031211e+01 6.014609203798392656e+01
1.481594432270107973e+02 8.237164191218245435e+01 6.054837269702134250e+01
1.487297297297297405e+02 8.243673403132862632e+01 6.070245921597273053e+01
1.494366934502069739e+02 8.285816897979060514e+01 6.119166463761058594e+01
1.500389578767957062e+02 8.309284960636311723e+01 6.134692800909017052e+01
1.497749370992614217e+02 8.283763493222951979e+01 6.102751400048697406e+01
1.498447772096420749e+02 8.279579579579579729e+01 6.106574141709276660e+01
1.501399237074912776e+02 8.295004463923382332e+01 6.117295674052430599e+01
1.503487135784432951e+02 8.293312231150069636e+01 6.111240970700430353e+01
1.505255255255255236e+02 8.311983605226848226e+01 6.120379839298757929e+01
1.507929956984011142e+02 8.325846116386657059e+01 6.132919405892378961e+01
1.509561723886048128e+02 8.345613180748316040e+01 6.145978410843275697e+01
1.516847252658063496e+02 8.349655060465870804e+01 6.168825582339096059e+01
1.520006492979466088e+02 8.353558964369774742e+01 6.145004463923383042e+01
1.519327165002840729e+02 8.354788572356139298e+01 6.125691908124340301e+01
1.514646538430322096e+02 8.345491437383329014e+01 6.125971917863810035e+01
1.508561805048291546e+02 8.338949760571382797e+01 6.105506858209560761e+01
1.510671211752292891e+02 8.365639964288612873e+01 6.106570083597110710e+01
1.515831912994075026e+02 8.361245028812597013e+01 6.127319211102994956e+01
1.517453940426913448e+02 8.363955847739632077e+01 6.122875578280983433e+01
1.520007304601899136e+02 8.365469523577631605e+01 6.130090901712523532e+01
1.519873792711630642e+02 8.375639152666180109e+01 6.107637367096826608e+01
1.519712279847414891e+02 8.346708871033195010e+01 6.111021832643454132e+01
1.524427400373346302e+02 8.367320022725428430e+01 6.076747017287557640e+01
1.522045694342991737e+02 8.345187078970862160e+01 6.076251927603279057e+01
1.514131158185212200e+02 8.284769905040175786e+01 6.019620972323674835e+01
1.510435841246652160e+02 8.287866244623000966e+01 5.993446148851554511e+01
1.514726483239996639e+02 8.300689879068256971e+01 6.018440061683305231e+01
1.520780374969564264e+02 8.287829721613505285e+01 5.999208668127587174e+01
1.531359467575683766e+02 8.329332034737440438e+01 6.014483402321240391e+01
1.537020939858777808e+02 8.354415226036847741e+01 6.034173362551740638e+01
1.534629088548007587e+02 8.313870627384140732e+01 6.045954062170278576e+01
1.535882639396153024e+02 8.345422449476502891e+01 6.038653518383247842e+01
1.534284960636312007e+02 8.348165733300868396e+01 6.011796932067202448e+01
1.522987987987987992e+02 8.278256635013391929e+01 5.975911046181316522e+01
1.518612531450369261e+02 8.282014446879311720e+01 5.964881097313529779e+01
1.516965749533317194e+02 8.299342585829072050e+01 5.974681438194951966e+01
1.509287395503611720e+02 8.213188864540215661e+01 5.927165002840678198e+01
1.503720883045207302e+02 8.202349646944242068e+01 5.928082136190244000e+01
1.502522116711305955e+02 8.191128966804642175e+01 5.912231150068988228e+01
1.502727051375700000e+02 8.153165327489651304e+01 5.892342342342342221e+01
1.508498092687281940e+02 8.158696534372209896e+01 5.908639720801883044e+01
1.508902280659037274e+02 8.171033195357519219e+01 5.889700511322133281e+01
1.505389172956740538e+02 8.090361983605227181e+01 5.841672753834915710e+01
1.511517733950166473e+02 8.088596704812921701e+01 5.861732002272542985e+01
1.520256472688905092e+02 8.138961934907881357e+01 5.889404269133999037e+01
1.526163054946838713e+02 8.128289099910720950e+01 5.878597516435354464e+01
1.528421394367340440e+02 8.122323675026377998e+01 5.873938803668533382e+01
1.529011443876308647e+02 8.149224900576251684e+01 5.883694505316127277e+01
1.526240159077997021e+02 8.124036198360522576e+01 5.882034737440142891e+01
1.527983118253388568e+02 8.126694261829396737e+01 5.906630955279604223e+01
1.529728918107296352e+02 8.143738332927522094e+01 5.912888564239915468e+01
1.527401996591185878e+02 8.140256472688905376e+01 5.890353867380894570e+01
1.524664394123853697e+02 8.118078889700511525e+01 5.873532992451911383e+01
1.524364499634770027e+02 8.110883856829802596e+01 5.882026621215810280e+01
1.525706923139355524e+02 8.115400535670805482e+01 5.888414089765441162e+01
1.531392744095446687e+02 8.143795146497849657e+01 5.903928252576901059e+01
1.535286502718935253e+02 8.164795876958038434e+01 5.924425777128480064e+01
1.533489164840516139e+02 8.186778670562453897e+01 5.931965749533316767e+01
1.530406622839055331e+02 8.174969564158753599e+01 5.942419446473500244e+01
1.527369531693856004e+02 8.131990098206314599e+01 5.932233584936287940e+01
1.531588750913075216e+02 8.176353380407434202e+01 5.942731921110299709e+01
1.538191299407515658e+02 8.204394935476015860e+01 5.962916971025079249e+01
1.537388604821037177e+02 8.182793604415226696e+01 5.961630549468387130e+01
1.532468955441928529e+02 8.171455239022806438e+01 5.940406622839055473e+01
1.529797094391688859e+02 8.164118172226280024e+01 5.938681925168411624e+01
1.531687363038714409e+02 8.149383166950734392e+01 5.931417904390877283e+01
1.537128885642399041e+02 8.195511727944160896e+01 5.977063550036523054e+01
1.545146903660417195e+02 8.243133674214755047e+01 5.980569758948137604e+01
1.539800746692638711e+02 8.186364743121499998e+01 5.961492573654735594e+01
1.538445337229121037e+02 8.193949354760165704e+01 5.941725509293076612e+01
1.541517328138949665e+02 8.231710088466844866e+01 5.980951221491761771e+01
1.539644103563022384e+02 8.215380245109975021e+01 5.968687606525444522e+01
1.540412304196088087e+02 8.206115575034493759e+01 5.962868273679084297e+01
1.542240483726970126e+02 8.234924113302491833e+01 5.985484132781429878e+01
1.541022238454670799e+02 8.196307117928739672e+01 5.944472851229608068e+01
1.547542813083353508e+02 8.237979871763656092e+01 5.975030435841246401e+01
1.559350296242187994e+02 8.310774287801314131e+01 6.035139193247301392e+01
1.557058274490706822e+02 8.286137488840191168e+01 6.015773881990098459e+01
1.554531693856018251e+02 8.259926142358574452e+01 6.015530395260125118e+01
1.554920461001541980e+02 8.268245272299326132e+01 6.017486405324243037e+01
1.552333414495576562e+02 8.244525606687768970e+01 5.987168249330411385e+01
1.555608716824933140e+02 8.254325947569191158e+01 5.998165733300868396e+01
1.566721451180910663e+02 8.334688742796851102e+01 6.052463274084895772e+01
1.566945864783702689e+02 8.334006979952926031e+01 6.049853907962015853e+01
1.564318237156074929e+02 8.298506614722830932e+01 6.032034737440142891e+01
1.563171414657901153e+02 8.313675838000162344e+01 6.034201769336904420e+01
1.561279116954792698e+02 8.288182777371966381e+01 5.985500365230095099e+01
1.566612287963639290e+02 8.259106403700998555e+01 6.009707004301598943e+01
1.567800503205908740e+02 8.263371479587695489e+01 6.020911451992532903e+01
1.559920866812758788e+02 8.219052836620404889e+01 5.996299001704407061e+01
1.550556367177988761e+02 8.159183507832156579e+01 5.967356545734924111e+01
1.541709276844412102e+02 8.132249817384952451e+01 5.959820631442253358e+01
1.535799853907961960e+02 8.097406866325785302e+01 5.962811460108757444e+01
1.532009577144712296e+02 8.060214268322376086e+01 5.960660660660660426e+01
1.533880366853339865e+02 8.074648973297621524e+01 5.953388523658794185e+01
1.535369288207126033e+02 8.081827773719665231e+01 5.947557016475935399e+01
1.537787111435760039e+02 8.054419284149014402e+01 5.945264183102020894e+01
1.536864296729161481e+02 8.023374726077429386e+01 5.943539485431377045e+01
1.536920704488271952e+02 8.026933690447204128e+01 5.917457998539079966e+01
1.541851716581446397e+02 8.048839379920461568e+01 5.974320266212158259e+01
1.544785731677623630e+02 8.060616021426832845e+01 5.993060628195763684e+01
1.548491599707815851e+02 8.090995049103156589e+01 6.006111516922327809e+01
1.544520736953169262e+02 8.105616427238048516e+01 5.989091794497199572e+01
1.538412466520574640e+02 8.096120444769093183e+01 5.970233747260774493e+01
1.537929956984011142e+02 8.114459053648242559e+01 5.962941319698076370e+01
1.536956821686551393e+02 8.131632984335686842e+01 5.977664150637123441e+01
1.529938722506290105e+02 8.088462787111436114e+01 5.939570651732813644e+01
1.529086924762600574e+02 8.088361334307279549e+01 5.932704325947569401e+01
1.527623975326677908e+02 8.086153721288856389e+01 5.905080756432107592e+01
1.523739144549955427e+02 8.039278467656845351e+01 5.917311906501095820e+01
1.523885236587939289e+02 8.046282769255742551e+01 5.914199334469604707e+01
1.528101615128642266e+02 8.089517896274652742e+01 5.942727862998133048e+01
1.527795227660092507e+02 8.069665611557503837e+01 5.923597922246570846e+01
1.528102020939858789e+02 8.059305251197143605e+01 5.909934258582907063e+01
1.533690447203960616e+02 8.097727457186915956e+01 5.923772421069718064e+01
1.529165652138624978e+02 8.081300219138057628e+01 5.899407515623731513e+01
1.531243811378946589e+02 8.077838649460271370e+01 5.913379595812028100e+01
1.537690122554987511e+02 8.133158834510186352e+01 5.962068825582338860e+01
1.538193734274815370e+02 8.095990585179774257e+01 5.976933690447204128e+01
1.536294537781024303e+02 8.080675269864458699e+01 5.964195276357438757e+01
1.541155750344939577e+02 8.121775829883938513e+01 5.990788085382679640e+01
1.537936449963476946e+02 8.090025160295429885e+01 5.949870140410681074e+01
1.540105105105104997e+02 8.085601818034250243e+01 5.956229202175148174e+01
1.546572518464410280e+02 8.148595893190487516e+01 5.999362876389903221e+01
1.542805372940508164e+02 8.127781835889943807e+01 5.990568947325704130e+01
1.539789383978573198e+02 8.094586478370261773e+01 5.962933203473743760e+01
1.541393961529096543e+02 8.104776398019640737e+01 5.962929145361577810e+01
1.536927197467738040e+02 8.087667397126855917e+01 5.919852284717149615e+01
1.537955523090658119e+02 8.063083353623893856e+01 5.918415713010307400e+01
1.543113789465140826e+02 8.127761545329113346e+01 5.960417173930687795e+01
1.541327002678353892e+02 8.137192598003409216e+01 5.939108026945864793e+01
1.541351351351351298e+02 8.117336255174093651e+01 5.935553120688256001e+01
1.546354192029867818e+02 8.160542975407840061e+01 5.948019641262884249e+01
1.547041636230825361e+02 8.171008846684522098e+01 5.929599870140410900e+01
1.546335524713903169e+02 8.146899602305008159e+01 5.926596867137407543e+01
1.552706355003652163e+02 8.178828828828828534e+01 5.978467656846035538e+01
1.555540540540540633e+02 8.208290723155587898e+01 5.988085382679977187e+01
1.556736872007142267e+02 8.194026458891323728e+01 5.988539891242594138e+01
1.561601736872007109e+02 8.216577388199009135e+01 6.013172632091551151e+01
1.558937586234883668e+02 8.221236100965830929e+01 6.006164272380488711e+01
1.559249655060465898e+02 8.199772745718691169e+01 5.984526418310202445e+01
1.560791737683629492e+02 8.209743527311094624e+01 6.000081162243324684e+01
1.554925736547358213e+02 8.201176852528203653e+01 5.990950409869329008e+01
1.544114114114114216e+02 8.151132213294376072e+01 5.956854151448746393e+01
1.533347536725915177e+02 8.116277087898708942e+01 5.931097313529745918e+01
1.523595081568054468e+02 8.083536238941644569e+01 5.896928009090171230e+01
1.517721370018667244e+02 8.038247707166625844e+01 5.867717717717717818e+01
1.517033114195276369e+02 8.028784189595000953e+01 5.854910315721126324e+01
1.517835808781754849e+02 8.011496631766901544e+01 5.837557828098368873e+01
1.517526986445905379e+02 7.988418147877607112e+01 5.828865351838324926e+01
1.519666423179936601e+02 7.977091956821686836e+01 5.804711468224981985e+01
1.521678029380732085e+02 8.000495089684278582e+01 5.806452398344290344e+01
1.525648080512945342e+02 8.020010551091631612e+01 5.799427806184562684e+01
1.524935881827773585e+02 8.010368476584692132e+01 5.805989773557340783e+01
1.525021913805697693e+02 8.020688255823391444e+01 5.811407353299244960e+01
1.525118496875253697e+02 8.039477315152990400e+01 5.809402645889132089e+01
1.525524308091875696e+02 8.009698888077267043e+01 5.799533317100884489e+01
1.526779887996104321e+02 8.027587046505965418e+01 5.802934015096177234e+01
1.529179855531207011e+02 8.046647999350702207e+01 5.798604009414820126e+01
1.529151448746043229e+02 8.030139599058517774e+01 5.837289992695398411e+01
