1.444704976175975446e+02 4.854806004370723116e+01 3.263056640275140552e+01
1.439836993515566235e+02 4.801719628846773702e+01 3.217586787518360580e+01
1.439614158277504998e+02 4.783864149321104975e+01 3.205033496936911064e+01
1.437730448178268148e+02 4.755619245512843207e+01 3.177189839859563492e+01
1.432020922150969113e+02 4.747268297925698022e+01 3.156944792748898365e+01
1.429129079640310920e+02 4.770454626876365722e+01 3.168487801382868341e+01
1.420906745960663500e+02 4.764475334073728874e+01 3.136377315229463036e+01
1.421272167090602920e+02 4.778913051266435019e+01 3.128029950202414611e+01
1.420829362662558708e+02 4.808254218464514906e+01 3.112395657937161886e+01
1.412614194103105945e+02 4.801053272668649186e+01 3.071307276179557988e+01
1.412491312291763563e+02 4.840669222226203061e+01 3.055776878157131193e+01
1.413374771611793790e+02 4.869752445097266502e+01 3.079729874968652581e+01
1.404412639272023853e+02 4.817694264321283981e+01 3.047572815533980517e+01
1.403571812417153239e+02 4.828359545731379399e+01 3.027112814817468589e+01
1.405117687099201191e+02 4.840841185110880218e+01 3.029258768315838424e+01
1.397597535198652849e+02 4.824483215705943451e+01 3.005667610074159057e+01
1.400396589402787129e+02 4.839193207466055213e+01 3.046512377745136746e+01
1.398884032529645651e+02 4.836868125962813281e+01 3.020531651918460980e+01
1.378297567441693730e+02 4.781059004764804854e+01 2.905513559989968897e+01
1.370720452835596177e+02 4.813803604055458152e+01 2.866230788521477280e+01
1.369159889657148881e+02 4.856865976426754372e+01 2.875187188765091406e+01
1.361516855945258442e+02 4.863608354530147437e+01 2.878619281338444580e+01
1.367137892738150811e+02 4.899588005588793749e+01 2.925063590441729744e+01
1.368712427900977957e+02 4.931436964855085137e+01 2.928101601404363663e+01
1.363494787375058195e+02 4.892329738831369212e+01 2.892093289864937589e+01
1.364081252463010117e+02 4.896936911116684144e+01 2.899820871995127547e+01
1.367007845806613489e+02 4.929330419517787476e+01 2.919883208540823105e+01
1.362916562175330455e+02 4.922333679647476146e+01 2.912764661627198848e+01
1.364746533873105818e+02 4.927664529072475119e+01 2.906502346576863971e+01
1.363724071221294878e+02 4.918271056496972449e+01 2.888353097123204094e+01
1.361414752982481389e+02 4.902647511912012135e+01 2.894414788808082406e+01
1.365725289291727904e+02 4.918983985956364080e+01 2.925332282449038246e+01
1.362900440654892122e+02 4.930544907390821407e+01 2.921584924587109811e+01
1.368511088023501543e+02 4.857654139648192881e+01 2.917923548167520664e+01
1.373754164726113345e+02 4.850453193852327161e+01 2.904435209400637774e+01
1.372898649374843387e+02 4.822129473721921755e+01 2.882835954573138082e+01
1.372633898183642032e+02 4.814538028875434605e+01 2.888969297459964736e+01
1.382322573711174130e+02 4.845082936266256013e+01 2.943062372371296576e+01
1.376266972378461730e+02 4.852237308780854619e+01 2.949009422133056191e+01
1.373593307777738062e+02 4.824189445777953011e+01 2.937548812381327679e+01
1.380213520581807813e+02 4.849378425823093153e+01 2.950965499946261517e+01
1.375236269838426608e+02 4.846000071651202035e+01 2.921205173216780793e+01
1.373577902769318939e+02 4.866302439723426687e+01 2.955042453337154740e+01
1.380997384731128932e+02 4.943377637659871482e+01 3.003908573066313181e+01
1.375785834557374585e+02 4.914512950954752313e+01 2.998129903629133253e+01
1.373728728549421305e+02 4.896732705191129753e+01 2.971955719557195508e+01
1.380200623365456920e+02 4.915576971303693909e+01 2.998402178196539225e+01
1.375496721957510715e+02 4.888367427363593976e+01 2.965399634578870192e+01
1.370514813886002798e+02 4.865238419374485090e+01 2.875162110844409469e+01
1.366435352703041701e+02 4.927929638519686506e+01 2.855816286318203012e+01
1.353688245620320174e+02 4.896843764554150624e+01 2.805703435675133406e+01
1.337676351520796629e+02 4.852996811521513365e+01 2.719306416365134638e+01
1.332536810805001153e+02 4.847991975065382064e+01 2.717124637265790099e+01
1.320319206104682337e+02 4.804933185254182604e+01 2.679912585533622149e+01
1.314662343710815833e+02 4.790581449503815747e+01 2.673184537670619321e+01
1.321767276896069916e+02 4.847185899043456203e+01 2.720567477519435329e+01
1.319239064235302408e+02 4.832457994482857799e+01 2.727220291620391990e+01
1.318869344033246023e+02 4.845247734030738229e+01 2.732794755132017173e+01
1.323879196073514208e+02 4.903328198330527243e+01 2.768014903450005448e+01
1.323716189589080443e+02 4.868154623293806083e+01 2.748683409164188873e+01
1.324819259843083898e+02 4.852943073120051309e+01 2.761372837029341198e+01
1.325797657005696237e+02 4.873811485687672729e+01 2.777587504030380217e+01
1.322332604879446762e+02 4.862082183928635715e+01 2.769322537885572899e+01
1.324067638734639729e+02 4.920151900548131607e+01 2.861276107906710209e+01
1.323987031132447214e+02 4.996507003904990540e+01 2.930179486260881916e+01
1.317478952459427433e+02 4.986472253072044936e+01 2.936173109303908646e+01
1.320281589223659182e+02 4.977293734102389777e+01 2.969071758678751749e+01
1.320385483466485255e+02 4.975545444774836312e+01 2.956855228746462316e+01
1.311376777845448487e+02 4.911156092143446017e+01 2.921079783613370040e+01
1.316704044710349990e+02 4.941496793608713034e+01 2.940909253752731800e+01
1.319528176835166278e+02 4.991125998638626982e+01 2.980740156916132122e+01
1.313578977537348180e+02 4.955998996883172936e+01 2.976054168308673553e+01
1.318269623472933745e+02 4.961068319421057993e+01 2.991018521835703936e+01
1.321461326263747935e+02 4.970171604628667694e+01 3.004671658367069043e+01
1.313937591803102407e+02 4.927585712750331481e+01 2.960727976211800794e+01
1.321924551284347729e+02 4.959097911367463496e+01 2.981116325726364025e+01
1.326142299287070614e+02 4.980245763622684763e+01 3.018285386737362685e+01
1.322279941246014516e+02 4.958270339984953523e+01 2.991473506968079477e+01
1.328668362411779356e+02 4.967215992548275239e+01 2.970877368967864385e+01
1.332661125640382522e+02 4.948805216207502156e+01 2.947859420341776371e+01
1.328344857234980054e+02 4.902866048077956407e+01 2.889134095224447307e+01
1.334003152652885831e+02 4.913319958442303204e+01 2.901049690108551715e+01
1.334171174721456055e+02 4.915688030666714781e+01 2.883280192025221211e+01
1.331066886397019289e+02 4.855096191738616085e+01 2.835768280012897335e+01
1.334348153190269670e+02 4.876516318561243679e+01 2.853093540644144355e+01
1.337024325583061568e+02 4.891280048722817497e+01 2.874287966180632736e+01
1.333501952495253136e+02 4.860208504997671497e+01 2.863400566044495221e+01
1.338738938845699238e+02 4.918783362590907160e+01 2.905069322537885412e+01
1.339407802815892126e+02 4.922871063662093150e+01 2.925866083903557424e+01
1.335207967613656592e+02 4.882545767205245113e+01 2.892806219324329220e+01
1.340456776412424347e+02 4.898717443485114131e+01 2.929939454734353177e+01
1.343060939347257658e+02 4.924332748181850405e+01 2.940543832622792308e+01
1.343854118152831916e+02 4.946766739512055011e+01 3.002303586142657466e+01
1.347416257657722269e+02 5.003944398667287885e+01 2.990742664708200493e+01
1.340706122595206580e+02 4.993246874216315234e+01 2.959764267545588012e+01
1.338511804535521037e+02 4.941002400315264964e+01 2.921040375452298221e+01
1.343141546949450174e+02 4.983394833948339198e+01 2.921115609214344744e+01
1.340199190341417932e+02 4.983645613155160703e+01 2.907451725002686871e+01
1.341458460215670243e+02 4.985856052735284294e+01 2.929452226561100403e+01
1.347753018306882211e+02 5.027309855622828394e+01 2.970451044316268252e+01
1.343833697560276619e+02 5.007612940207071972e+01 2.954114570271916307e+01
1.341851825314369648e+02 4.989435030272633043e+01 2.924504711066528273e+01
1.351527603625550853e+02 5.051488553720488994e+01 2.967438111274316626e+01
1.347891663382653178e+02 5.050044782001218380e+01 2.998061834987282026e+01
1.349229749579049269e+02 5.031039300684268767e+01 3.016691147493999381e+01
1.354984057607566399e+02 5.082470533443198235e+01 3.032658617848314364e+01
1.350844409414967799e+02 5.032217962956328705e+01 2.996790026152688569e+01
1.347864077669902940e+02 4.998792677247161009e+01 2.955758965356643841e+01
1.354004585676924819e+02 5.032260953677497639e+01 3.026299573675348498e+01
1.348814172607745547e+02 4.997399061369254269e+01 3.008175402142370913e+01
1.347912442231218506e+02 5.002289255902267939e+01 3.028861104145022054e+01
1.357510120732275425e+02 5.047300540966574545e+01 3.067810697524451058e+01
1.353586500913552868e+02 5.017257191989395437e+01 3.045892594848278634e+01
1.350484003869164837e+02 5.000501558413642300e+01 3.047888080822555779e+01
1.355265646831225581e+02 5.025866083903557779e+01 3.058607100634113252e+01
1.352758571275033148e+02 5.004316984917421962e+01 3.042553648837459335e+01
1.353252248056461156e+02 4.996979901837853077e+01 3.049041665173933424e+01
1.359150933256905489e+02 5.033407372908680344e+01 3.079772865689821870e+01
1.356747393687529097e+02 5.013749865653996096e+01 3.059022677605416973e+01
1.356395228029950317e+02 5.018794110271199571e+01 3.063303836921864232e+01
1.362457277970837879e+02 5.059216135850678597e+01 3.084118511088023595e+01
1.359572242324364879e+02 5.009637086662128524e+01 3.072790456059900421e+01
1.358769748862537199e+02 5.030433848027800536e+01 3.064471751513631759e+01
1.367132518898004605e+02 5.016970587181599939e+01 3.114588184716798480e+01
1.356661770501200124e+02 4.965073621610002164e+01 3.085974277218500461e+01
1.349257693547809254e+02 4.908401103428509771e+01 3.046215025257048836e+01
1.341575968186866419e+02 4.890756994948590375e+01 3.019729158456632945e+01
1.333309569018020397e+02 4.882094364632966688e+01 3.009336151613943500e+01
1.335292874287966072e+02 4.922459069250886898e+01 3.059646043062372200e+01
1.339790778490309151e+02 4.936076380181277301e+01 3.076337190556371581e+01
1.334004227420915072e+02 4.880586106831942317e+01 3.032311109518862224e+01
1.339818722459069136e+02 4.875291083007917337e+01 3.047805681940314670e+01
1.342544692437215588e+02 4.882294987998423608e+01 3.049485902626016554e+01
1.339009780389066009e+02 4.866839823738042980e+01 3.050883101064020408e+01
1.347474295131300721e+02 4.942209723068104665e+01 3.093476158062551562e+01
1.354919929781821963e+02 5.015272453695411059e+01 3.188403252964568324e+01
1.350893132232293112e+02 5.018177909934438929e+01 3.193211048615340530e+01
1.354708558736072916e+02 5.045874682047791282e+01 3.224311252821266294e+01
1.346533514849711537e+02 5.057836850213162450e+01 3.151782323648479078e+01
1.334407265431877647e+02 4.997717909217927001e+01 3.086106831942105799e+01
1.337745494930677523e+02 5.038408626804714885e+01 3.076476910400171860e+01
1.339854189804034093e+02 5.090398738938845469e+01 3.119467631569519739e+01
1.336624870132196463e+02 5.104456704761222596e+01 3.134041486045928337e+01
1.341090889549672056e+02 5.202475549027334978e+01 3.222609536774979233e+01
1.347021459534983592e+02 5.234453480457134589e+01 3.243818292551857496e+01
1.342548633253322805e+02 5.227385089384874561e+01 3.217662021280406748e+01
1.342541109877118117e+02 5.198602801561996500e+01 3.189778956041987712e+01
1.341238491025686983e+02 5.110389424282592330e+01 3.117848314405474142e+01
1.336712642854583919e+02 5.020803926485866953e+01 3.032830580732991876e+01
1.339339375918031010e+02 5.008444094149679415e+01 3.004492530362196945e+01
1.341454161143553279e+02 5.009432880736574134e+01 3.015179307132877184e+01
1.345189338301150030e+02 5.042109411385376205e+01 3.065263497295167028e+01
1.351775516784294098e+02 5.115057500089564257e+01 3.103274459929065188e+01
1.358468097302332183e+02 5.097309497366818221e+01 3.109869953068462678e+01
1.364061548382474029e+02 5.077884856518468126e+01 3.092655751800236530e+01
1.371917386164152788e+02 5.125618887256833744e+01 3.144739010496900988e+01
1.372174255723139709e+02 5.127485401067603021e+01 3.147859420341776371e+01
1.373550317056568701e+02 5.054544477483609910e+01 3.107709669329702962e+01
1.369987102783649107e+02 5.014502203274459902e+01 3.040293053415971158e+01
1.361705298606384247e+02 4.954114570271916307e+01 2.979285637516569452e+01
1.362240174828932879e+02 4.915211550173754063e+01 2.966162719879626053e+01
1.366229713753448323e+02 4.952072511016372403e+01 2.979145917672768817e+01
1.356554293698276865e+02 4.904356393078494136e+01 2.915720273707591303e+01
1.355379930498334033e+02 4.831637588220542057e+01 2.843782466950883148e+01
1.362062121592089738e+02 4.853046967362877240e+01 2.877487192347651757e+01
1.361774442016264857e+02 4.883129724501128521e+01 2.917536631676996350e+01
1.360926091785189556e+02 4.865403217138967307e+01 2.905871815999713448e+01
1.366612331171855317e+02 4.862207573532045757e+01 2.903607638018127801e+01
1.356173825815928069e+02 4.859710529144126667e+01 2.930304875864292669e+01
1.353434242109411514e+02 4.941668756493390191e+01 2.994773044817826957e+01
1.364189804033962616e+02 5.097270089205746757e+01 3.104223838354888443e+01
1.364534804571346740e+02 5.155486690789238224e+01 3.201841435890086984e+01
1.368801633647404401e+02 5.267796367284061176e+01 3.305334431985096444e+01
1.379987461039658854e+02 5.410278364919571459e+01 3.423927918890839095e+01
1.378704904524773269e+02 5.410242539318596755e+01 3.428098018844266193e+01
1.374782001218070491e+02 5.397176942643212527e+01 3.398620714362483142e+01
1.380163722996453259e+02 5.400372586250134077e+01 3.426285243434958971e+01
1.377089169920825498e+02 5.391179737040089037e+01 3.405649697273671705e+01
1.379045964246050175e+02 5.422699100777415282e+01 3.438258159280621840e+01
1.386312112635689573e+02 5.509167771289363458e+01 3.502450471106652685e+01
1.385370257586071148e+02 5.537054419087880319e+01 3.542908322287106415e+01
1.388190448894780218e+02 5.551868305090818012e+01 3.540558162863182190e+01
1.389624905957797409e+02 5.551714255006627496e+01 3.542893992046716534e+01
1.388099451868305039e+02 5.532708773689678594e+01 3.411034285100132735e+01
1.388165370974098209e+02 5.491115250958334570e+01 3.310493318525418260e+01
1.385897252176405345e+02 5.459742772185003190e+01 3.231759395263855339e+01
1.380636620929316223e+02 5.361405080070218077e+01 3.157106007953283466e+01
1.382279941246014516e+02 5.337441335578404278e+01 3.109905778669437026e+01
1.383563214272919311e+02 5.345634650521262188e+01 3.107326335399276473e+01
1.378766166302439728e+02 5.345090101386450954e+01 3.079754952889334874e+01
1.383275534697094429e+02 5.352753197434886800e+01 3.086744527639451263e+01
1.381173288431913306e+02 5.335209400637695865e+01 3.081349192132698178e+01
1.371866872066779024e+02 5.242166732346935021e+01 2.981112743166266554e+01
1.379500591122416040e+02 5.283645613155160703e+01 3.031691326622004112e+01
1.386516318561243963e+02 5.401228818113423813e+01 3.122534303012933066e+01
1.382605237702862553e+02 5.416802206857020252e+01 3.143818292551857496e+01
1.383534912048149579e+02 5.412564038261741928e+01 3.129885716332891477e+01
1.373017948626088298e+02 5.392401390033317909e+01 3.076097159029842842e+01
1.358688424748325190e+02 5.262118009529609708e+01 3.020839752086841301e+01
1.355983233618744066e+02 5.231118117006413115e+01 3.044774836097875692e+01
1.350916777128936417e+02 5.230333536345072076e+01 3.092831297245011157e+01
1.345488123813277070e+02 5.226707985526456923e+01 3.131282914770895331e+01
1.350093863074553155e+02 5.334725755024540206e+01 3.178157131085874099e+01
1.354764804929602633e+02 5.365070039049905404e+01 3.226948017052986017e+01
1.347950059112241661e+02 5.302357324544119166e+01 3.186930820764518302e+01
1.349857414108121532e+02 5.292702325081503290e+01 3.190696091426933734e+01
1.350138645075771251e+02 5.275445133092107852e+01 3.194239243363307423e+01
1.349054920646293851e+02 5.250241822806577829e+01 3.166657113173073412e+01
1.351114892702325108e+02 5.256475477376132943e+01 3.188575215849245836e+01
1.349714469960233600e+02 5.240547415182889779e+01 3.156926879948411013e+01
1.346779994984415794e+02 5.234091641887292923e+01 3.154666284526922837e+01
1.350139361587790745e+02 5.314409056711926382e+01 3.206595493139397490e+01
1.349489126930104135e+02 5.307161537634793547e+01 3.215473077060867979e+01
1.333078852147744726e+02 5.293340020778848753e+01 3.161971124565614488e+01
1.326087127861569854e+02 5.321240998817755496e+01 3.147719700497975737e+01
1.313455379213986305e+02 5.259345108014186820e+01 3.114881954644789275e+01
1.309105792999677647e+02 5.235395693762762903e+01 3.082101529753161628e+01
1.313195643606921408e+02 5.304879446852721259e+01 3.155558341991186921e+01
1.309722351592448035e+02 5.332834163293089347e+01 3.177429871386092586e+01
1.310287679575824882e+02 5.366012252355533008e+01 3.200379751370329018e+01
1.312231934940708697e+02 5.384788449826245937e+01 3.217665603840504218e+01
1.304957188406835655e+02 5.346225772937341247e+01 3.179425357360369730e+01
1.302890409486619205e+02 5.297416974169741621e+01 3.147787769139827319e+01
1.306675025973560764e+02 5.250929674345287168e+01 3.126607673843728818e+01
1.300945795865725643e+02 5.211156092143446017e+01 3.103973059148067293e+01
1.296444667359294840e+02 5.188528642567979432e+01 3.078701680220685688e+01
1.304297997348905653e+02 5.172174255723139424e+01 3.077705728513595673e+01
1.297788485651846884e+02 5.135066098233797760e+01 3.026589761043241467e+01
1.295511052197900597e+02 5.066119729158456408e+01 2.960778132053165024e+01
1.301468849639952623e+02 5.021323397699996605e+01 2.927911725719198799e+01
1.293973775660086574e+02 4.936936194604664507e+01 2.844090567119263468e+01
1.291102711997993708e+02 4.949862071436248101e+01 2.839712678680184865e+01
1.302948446960197657e+02 5.062658976104324182e+01 2.944778418657973162e+01
1.300937197721491714e+02 5.097176942643212527e+01 2.972328305807329940e+01
1.299794361050406621e+02 5.125572313975566630e+01 2.971418335542578859e+01
1.308503564647296855e+02 5.151219861713180137e+01 3.018582739225450595e+01
1.307639092895783222e+02 5.159979221151434814e+01 3.032117651273600245e+01
1.308388922724178656e+02 5.198387847956149699e+01 3.054741518288969360e+01
1.311714613262637386e+02 5.228922007666678695e+01 3.094636907534123793e+01
1.302460144018915855e+02 5.096818686633468332e+01 2.981402930534159879e+01
1.298659406011535964e+02 4.993372263819725276e+01 2.909569018020277298e+01
1.304025364525489863e+02 5.047565650413785932e+01 2.947193064163651499e+01
1.308520402679754966e+02 5.070988428330885256e+01 2.975814136782144459e+01
1.312413570737649025e+02 5.156977035789775243e+01 3.013617310930390758e+01
1.317817146132626362e+02 5.254132483072403659e+01 3.066678608533658235e+01
1.319933364382187619e+02 5.283072403539569706e+01 3.092283165550102098e+01
1.327140042274209009e+02 5.347762691219145381e+01 3.126700820406262338e+01
1.328927381506824759e+02 5.393275534697094287e+01 3.165851037151148262e+01
1.331128864686705242e+02 5.411267151506466178e+01 3.176888904811378112e+01
1.336326084620069423e+02 5.451302260595421245e+01 3.208691290796403450e+01
1.339720918568409047e+02 5.504689571167556039e+01 3.251055063948697921e+01
1.337758392147028133e+02 5.482108694873356569e+01 3.242514240676387516e+01
1.343366531723569608e+02 5.512259520653459077e+01 3.269738114856876621e+01
1.346376598717443471e+02 5.588514312327589550e+01 3.310772758213018818e+01
1.346474760864113591e+02 5.639988535807687953e+01 3.354630458925948489e+01
1.352309318238813489e+02 5.665858202271343202e+01 3.377429871386092231e+01
1.349201089098269506e+02 5.626245835273886797e+01 3.367344964711782751e+01
1.339299967756959120e+02 5.507881632214380119e+01 3.253759896822268871e+01
1.343273026905026200e+02 5.416687564933901911e+01 3.163017232114068733e+01
1.345824526206426981e+02 5.462325798015261569e+01 3.168093719772149086e+01
1.349445061440905533e+02 5.563472217246444274e+01 3.268362411779457943e+01
1.353768136710493195e+02 5.554505069322537736e+01 3.229964532655035470e+01
1.348327302690502734e+02 5.471099487693906127e+01 3.144796331458460159e+01
1.340190592197184003e+02 5.327134310178053056e+01 3.040027943968760127e+01
1.344703543151936458e+02 5.366814745817361398e+01 3.054010676029090376e+01
1.351510407337082995e+02 5.421151434815318737e+01 3.100705764339196691e+01
1.352529645684806496e+02 5.469329703005767840e+01 3.155805538637910601e+01
1.361885143123275839e+02 5.516544262530003806e+01 3.195711675563357446e+01
1.361743631999426896e+02 5.513989897180525190e+01 3.190298427256117364e+01
1.352211872604162863e+02 5.455569089671479333e+01 3.154773761329846238e+01
1.352976390928957926e+02 5.589968831727152576e+01 3.250338551929208819e+01
1.345734603947981327e+02 5.707795650772041540e+01 3.326525274961487355e+01
1.334517608282878882e+02 5.804926020133987663e+01 3.388338766882814213e+01
1.332821266076738311e+02 5.848307240353956615e+01 3.525450506932254058e+01
1.323911080858381411e+02 5.765886862752122966e+01 3.489918675885787991e+01
1.314690645935585565e+02 5.627908143159101684e+01 3.418944577795292616e+01
1.312871780174112359e+02 5.574338122021996611e+01 3.387862286389854205e+01
1.308992225844588404e+02 5.532157059434671709e+01 3.372561172213664094e+01
1.305772579085014229e+02 5.464830007523376310e+01 3.335367033281983140e+01
1.304928169670046145e+02 5.418686633468276170e+01 3.298746103965893894e+01
1.300345358793393871e+02 5.360355389961666361e+01 3.249167054777343822e+01
1.304843621251746413e+02 5.396564324866549356e+01 3.283731594597499281e+01
1.310259019095045403e+02 5.475312578368502159e+01 3.348998674452764135e+01
1.303442481997635412e+02 5.446408483502310816e+01 3.336803639881058814e+01
1.301714613262637386e+02 5.411335220148318115e+01 3.294138931680578963e+01
1.301101278973954720e+02 5.359613800021495678e+01 3.226435710959051306e+01
1.284571704940350401e+02 5.163418478844982928e+01 3.091452011607494654e+01
1.277981943897108863e+02 4.993171640454268356e+01 2.947988392505284239e+01
1.271598180059470451e+02 5.026005803747357703e+01 2.873764912406405614e+01
1.260449969548239153e+02 5.013079926915774109e+01 2.822021996918998354e+01
1.262804069788270738e+02 5.078278938129187026e+01 2.847443843370472649e+01
1.271999426790384433e+02 5.204277576756349788e+01 2.940941496793608678e+01
1.270827213126500226e+02 5.293458245262064565e+01 2.995471644036828707e+01
1.274049009422133025e+02 5.315956722674022927e+01 3.030709705155303979e+01
1.279494142514240735e+02 5.289280980188442527e+01 3.018106258732490232e+01
1.270448894780209912e+02 5.191434098807007302e+01 2.924214523698634949e+01
1.271449503815426567e+02 5.118482427542721780e+01 2.876301364955397233e+01
1.278679468348081514e+02 5.173499802959194938e+01 2.907304840038691651e+01
1.278565184680973061e+02 5.128914842546483754e+01 2.912768244187296318e+01
1.280625514993014065e+02 5.163629849890732260e+01 2.914315910149392863e+01
1.288057535915164920e+02 5.192014473542793951e+01 2.919976355103356980e+01
1.282797262924085544e+02 5.087321319815139731e+01 2.853584351377494244e+01
1.283394475692329877e+02 5.069766775337656384e+01 2.869114749399921038e+01
1.290743381220219987e+02 5.073256188872568373e+01 2.940189159173145228e+01
1.285348762225486325e+02 4.914104539103643532e+01 2.891004191595314055e+01
1.285249883566796711e+02 4.858209436463296527e+01 2.883269444344928800e+01
1.286318919499874482e+02 4.835137749435746457e+01 2.865689821946763161e+01
1.285636441801311207e+02 4.777691398273206147e+01 2.844584960412710828e+01
1.291764769104001687e+02 4.845473435316877442e+01 2.865055708809515167e+01
1.291653351484971211e+02 4.848267832192885152e+01 2.886941568444810713e+01
1.285561208039264898e+02 4.723179163830473470e+01 2.776838748970013881e+01
1.283573245441192228e+02 4.641572027370759201e+01 2.703077419123705738e+01
1.284654820334611145e+02 4.655175008060760433e+01 2.717812488804499793e+01
1.285366675025973677e+02 4.670906029448644148e+01 2.748479203238634483e+01
1.290733708307956817e+02 4.716838032457994245e+01 2.778526134775910705e+01
1.286158062551499199e+02 4.658685916956257245e+01 2.734661268942786450e+01
1.283434958621431008e+02 4.597850463941532695e+01 2.685555117687099269e+01
1.293703650628739297e+02 4.674707125712033928e+01 2.770293411671980621e+01
1.295729588363844869e+02 4.695224447390104672e+01 2.766850571418335392e+01
1.294469243721563316e+02 4.631651918460931938e+01 2.747232472324723318e+01
1.299282771468491262e+02 4.612392075377064771e+01 2.733038369218643737e+01
1.297987675993264816e+02 4.585426145523591401e+01 2.729703005767921908e+01
1.292742808010604278e+02 4.529946619854548118e+01 2.685522874646222036e+01
1.296999605918389307e+02 4.555927345681223528e+01 2.711797370400888596e+01
1.300434564539820030e+02 4.588808082255579990e+01 2.735392111202665433e+01
1.302062121592089738e+02 4.668459140902088933e+01 2.810271199799376518e+01
1.318040339626697346e+02 4.876057750868771024e+01 2.952749614874789685e+01
1.324140364704617809e+02 4.963615519650342378e+01 3.041292587683158288e+01
1.322666499480528728e+02 4.970307741912370858e+01 3.059592304660910855e+01
1.331424784150754022e+02 5.052896499838784905e+01 3.145896177408376104e+01
1.332732418586321899e+02 5.089664314118869015e+01 3.166990291262136026e+01
1.329211478522552170e+02 5.036581521155017072e+01 3.143388385340164248e+01
1.334188012753913881e+02 5.095568373159459696e+01 3.178558377816787939e+01
1.338179342958478060e+02 5.105932719521369734e+01 3.223444273277684147e+01
1.339193923978074849e+02 5.099939096478343714e+01 3.214831798803425045e+01
1.338080106043778983e+02 5.018271056496972449e+01 3.156808655465195557e+01
1.330748755060366193e+02 4.887475369899330246e+01 3.062537169061010900e+01
1.322819474796689576e+02 4.762558664421595722e+01 2.943571095905133816e+01
1.324438433704725355e+02 4.729588363844803212e+01 2.908125246301006683e+01
1.319564718948160476e+02 4.656289184251065905e+01 2.863282341561279765e+01
1.319095761831404729e+02 4.592913696127252621e+01 2.822663275176440933e+01
1.321947121412961792e+02 4.607566366925804857e+01 2.827653781392182708e+01
1.318802708415433642e+02 4.595417905635367362e+01 2.813488338766882890e+01
1.324250707555619329e+02 4.632468742163149500e+01 2.839863146204277555e+01
1.327619747071257166e+02 4.690104969010855029e+01 2.889581915236628262e+01
1.314804213090674523e+02 4.667832192885035880e+01 2.845659728441944480e+01
1.302201841435889946e+02 4.675975351986529915e+01 2.807870884534088063e+01
1.290648085121627844e+02 4.655633575753233089e+01 2.804352810518396311e+01
1.266960197757317417e+02 4.588299358721742749e+01 2.744219539282771336e+01
1.261616809371977155e+02 4.613305628201913322e+01 2.736262673306344695e+01
1.264393293447497513e+02 4.683806828359545449e+01 2.803199226167019020e+01
1.261591373195285399e+02 4.716605166051660802e+01 2.833009708737863974e+01
1.266725898326944417e+02 4.728789452943073002e+01 2.858395729588363920e+01
1.273771361014581061e+02 4.763493712607029096e+01 2.875491706373374257e+01
1.266671085157453547e+02 4.687174434851144866e+01 2.812542542901157105e+01
1.271817790993443964e+02 4.727385089384874561e+01 2.861408662630315547e+01
1.278642926235087600e+02 4.782914770895281720e+01 2.902052806935836315e+01
1.270145451939956303e+02 4.726998172894350603e+01 2.856715508902661682e+01
1.270825421846451491e+02 4.760029376992799399e+01 2.886665711317307270e+01
1.276789309640669217e+02 4.796471178304015837e+01 2.915150646652097421e+01
1.272645362375953795e+02 4.773481890158707586e+01 2.901769784688138287e+01
1.265734245691971438e+02 4.690058395729588625e+01 2.816014043635582098e+01
1.261168989359796484e+02 4.578207286927238329e+01 2.712066062408196743e+01
1.250413069179235492e+02 4.494758714577437075e+01 2.605660444953964117e+01
1.248644001003116841e+02 4.508637552394941395e+01 2.573446064557732882e+01
1.251068677677068024e+02 4.571493569304625026e+01 2.594948590262601584e+01
1.246757066599792267e+02 4.594088775839214378e+01 2.611338802708415585e+01
1.249815856410991302e+02 4.644996954823917434e+01 2.652008024934618291e+01
1.250259735607064755e+02 4.691086590477555518e+01 2.682416795041736890e+01
1.247262565829541785e+02 4.634424819976354826e+01 2.672195751083724602e+01
1.249138752552574090e+02 4.613370114283667078e+01 2.619256260523770408e+01
1.249076057750868785e+02 4.641468133127933271e+01 2.632110486153405304e+01
1.253820442087915978e+02 4.651198366352595315e+01 2.672453695410740693e+01
1.262280299502024121e+02 4.681549815498154743e+01 2.719080715078995425e+01
1.267794217748002694e+02 4.725396768530792002e+01 2.750578583455737558e+01
1.273409880700748715e+02 4.805234120302367984e+01 2.801733959087163583e+01
1.283317092394224801e+02 4.872099021961093257e+01 2.870339984953247736e+01
1.284301579909002839e+02 4.910633038369218895e+01 2.886207143624834259e+01
1.284083043743058852e+02 4.826346146956615257e+01 2.922054239959875233e+01
1.293486189230824266e+02 4.876107906710134898e+01 3.001798445168917695e+01
1.291917744420162535e+02 4.851789488768674374e+01 3.007573532046000153e+01
1.283908214810303434e+02 4.784344212374162453e+01 2.989152008024934659e+01
1.292271701357790334e+02 4.831705656862393994e+01 3.024988356679683221e+01
1.294011750797119760e+02 4.867574248558019434e+01 3.073313509834127544e+01
1.294674882671156695e+02 4.884136423888510592e+01 3.100411994411206251e+01
1.303225378855730412e+02 4.950746963780317600e+01 3.159126571848242904e+01
1.302873213198151348e+02 4.929756744169383609e+01 3.104488947802099474e+01
1.295694479274889943e+02 4.843517357503672116e+01 3.035642890409486583e+01
1.300685702002650999e+02 4.820241464550567656e+01 3.020180561028911370e+01
1.298020277290151512e+02 4.780561028911260024e+01 2.975749650700390347e+01
1.295831691326621922e+02 4.774599648909110527e+01 3.005710600795328347e+01
1.300409128363128275e+02 4.798047504746892145e+01 3.027030415935227481e+01
1.290470390140794734e+02 4.659165980009314723e+01 2.887296241894457793e+01
1.276915415756099321e+02 4.523171998710278530e+01 2.673424569197148415e+01
1.271486404184430228e+02 4.449360513022605801e+01 2.518890839393830916e+01
1.263286282377386840e+02 4.343592591265718283e+01 2.421839286354028431e+01
1.261266434994446968e+02 4.352824848636836208e+01 2.409346899294235556e+01
1.266804714649088197e+02 4.395554042919069815e+01 2.444086984559165998e+01
1.271139970623007258e+02 4.440697882706982114e+01 2.459606634901300382e+01
1.278099810124314786e+02 4.496499838784795600e+01 2.502411062945580866e+01
1.283166266614122435e+02 4.614065130942571358e+01 2.571339519220434866e+01
1.284622935549743943e+02 4.659692616343639315e+01 2.625658295417905563e+01
1.286383763837638412e+02 4.635198652957403453e+01 2.578372084691720545e+01
1.286752051015655809e+02 4.636316411707806395e+01 2.583652778275355644e+01
1.283971626124028091e+02 4.612696592985347621e+01 2.596879590155124973e+01
1.289017303765270697e+02 4.657159746354744811e+01 2.656622362340128163e+01
1.288599577257908493e+02 4.717490058395729591e+01 2.680360405545803104e+01
1.285852828431196997e+02 4.755776878157131193e+01 2.692867122845985861e+01
1.283458961774083775e+02 4.805194712141296520e+01 2.686303872747465249e+01
1.282584458854297225e+02 4.802955612080392456e+01 2.659957725790849992e+01
1.271623974492172096e+02 4.730795686597642913e+01 2.565568014903449878e+01
1.270255078278938186e+02 4.656289184251065905e+01 2.496840181994052799e+01
1.273495503887077689e+02 4.635829183534553977e+01 2.459466915057500103e+01
1.263347185899043410e+02 4.603002185361659571e+01 2.454419087880199157e+01
1.257033998495324738e+02 4.571518647225307319e+01 2.392490954035753958e+01
1.243993479740622661e+02 4.482653244008168514e+01 2.312714505785834618e+01
1.214966861319098683e+02 4.329606276645290563e+01 2.165313653136531258e+01
1.204605022749256591e+02 4.328047863002901607e+01 2.157063017232114177e+01
1.204443449288861814e+02 4.394687063375488378e+01 2.190971948554437176e+01
1.194660910686776703e+02 4.367953999928348452e+01 2.189933006126177872e+01
1.199182459785762944e+02 4.355429369827678698e+01 2.206183498728191239e+01
1.203500161215204400e+02 4.371171138895854824e+01 2.210489735965320790e+01
1.210414860459284228e+02 4.408214810303442732e+01 2.235413606563250255e+01
1.221042883244366379e+02 4.476656038405044313e+01 2.319159531401139418e+01
1.229330419517787476e+02 4.527617955791208715e+01 2.360813957654139728e+01
1.229148425464837118e+02 4.494973668183283877e+01 2.347447425930570120e+01
1.226229713753448181e+02 4.450782789381291593e+01 2.307655930928241261e+01
1.223152294629742443e+02 4.352452262386701420e+01 2.241822806577580351e+01
1.212785082219754287e+02 4.189872102604520876e+01 2.111363880629097523e+01
1.203178447318453834e+02 4.090782072869272668e+01 2.011371045749292463e+01
1.198273206033031215e+02 4.038960341059721060e+01 1.975111955003045239e+01
1.193662092931608925e+02 4.037838999749220648e+01 2.003937233547092589e+01
1.194778776913982767e+02 4.057865510693942213e+01 2.008759359438254677e+01
1.192134131050048325e+02 4.036828717801741107e+01 1.991670547773438926e+01
1.191181528320137630e+02 4.056600866979543696e+01 1.991047182316483344e+01
1.203052341203023730e+02 4.145810195966037526e+01 2.062555081861498252e+01
1.204551642603804709e+02 4.192938774047934913e+01 2.091813850177336676e+01
1.203625192562605264e+02 4.188059327195213655e+01 2.100558879375201471e+01
1.214684913839429612e+02 4.181155733887435844e+01 2.135976068498549196e+01
1.215102282090782069e+02 4.131411886934403555e+01 2.152896499838784905e+01
1.216079246229355562e+02 4.089026618421524262e+01 2.132511732884319144e+01
1.225247375774728624e+02 4.107924622935549763e+01 2.165417547379357188e+01
1.223204241751155337e+02 4.158485293590800325e+01 2.208927739762834364e+01
1.227651273600114621e+02 4.194690645935585849e+01 2.235015942392433530e+01
1.240441013147995619e+02 4.241278257442768762e+01 2.287332067495432142e+01
1.242086124744742648e+02 4.234650521262494038e+01 2.308601726793967046e+01
1.242251997277254389e+02 4.215172142012682599e+01 2.289320388349514701e+01
1.252869630638054019e+02 4.234378246695088421e+01 2.304428044280442833e+01
1.254135349120481493e+02 4.241185110880235243e+01 2.300666356178124872e+01
1.249679360871278675e+02 4.233819367319886595e+01 2.305004836456131656e+01
1.254838963923619843e+02 4.257775946691505453e+01 2.325722781499659675e+01
1.248972880020062348e+02 4.173958370651667593e+01 2.257367534840397028e+01
1.243147637301615731e+02 4.132715938809873535e+01 2.210228209078207229e+01
1.238016694730054041e+02 4.173736251925625851e+01 2.197359653208182451e+01
1.224946798982552991e+02 4.107544871565220745e+01 2.111174004943933014e+01
1.215557267223157680e+02 4.070640920001432761e+01 2.066886397019310095e+01
1.217273671765843801e+02 4.073130799269157620e+01 2.050023286640633557e+01
1.216562891842510652e+02 4.046755991831763311e+01 2.017214201268226148e+01
1.220318847848672732e+02 4.043116110772758276e+01 2.012040984487514805e+01
1.230248271414752992e+02 4.140540250062694838e+01 2.085390319922616698e+01
1.232985705585211207e+02 4.162698384265396356e+01 2.128269981728943350e+01
1.235774370365062822e+02 4.169501665890444997e+01 2.119747071257120297e+01
1.232339053487622209e+02 4.166123311718553879e+01 2.116028373875971624e+01
1.225498154981549845e+02 4.086805431161107549e+01 2.019800809658581997e+01
1.227754809586930804e+02 4.086121162182495681e+01 2.037212051732167950e+01
1.230000716512019494e+02 4.108444094149679415e+01 2.069623472933758634e+01
1.224849711603912112e+02 4.065503528821695767e+01 2.023673557123920830e+01
1.229140185576613078e+02 4.072890767742629237e+01 2.047479668971446998e+01
1.231364955397126835e+02 4.076602300003582258e+01 2.089395622111560868e+01
1.227675276752767530e+02 4.049285279260559633e+01 2.116827284777702189e+01
1.235429728083688588e+02 4.080571776591552435e+01 2.178855730304875848e+01
1.245415039587289101e+02 4.131687744061906642e+01 2.226919356572206610e+01
1.246891054347436665e+02 4.101708881166481291e+01 2.231261419410310509e+01
1.251042883244366379e+02 4.075022391000609190e+01 2.207362161000250822e+01
1.250644144305520769e+02 3.995220864830007201e+01 2.135220148317987920e+01
1.238429763909289534e+02 3.877458531866871994e+01 2.023487263998853436e+01
1.240729409235839995e+02 3.880955110521978924e+01 2.030441013147995477e+01
1.243249740264392926e+02 3.893257621896607645e+01 2.037040088847490438e+01
1.235190413069179272e+02 3.859269874252140653e+01 2.019016228997241313e+01
1.235181814924945343e+02 3.865535771862573000e+01 2.044405832407838730e+01
1.237868734998029652e+02 3.877777379715544726e+01 2.054085909791136899e+01
1.232868197614015031e+02 3.848232006591910448e+01 2.007573532046000153e+01
1.234489664314118897e+02 3.850130763443556958e+01 2.012098305449073976e+01
1.241186543904273947e+02 3.814985848887614850e+01 2.064450256153046936e+01
1.235279260559595826e+02 3.746920789596245527e+01 2.068566617705011979e+01
1.230524486798266111e+02 3.722097230681044522e+01 2.071626124028230720e+01
1.220245763622684763e+02 3.731934940708630677e+01 2.091383942965643072e+01
1.205506753125783632e+02 3.683588292193601887e+01 2.037194138931680598e+01
1.202104037545229858e+02 3.711872604162935119e+01 2.061172213663884278e+01
1.198926306738795518e+02 3.672987496865260226e+01 2.080596854512234373e+01
1.197077705728513592e+02 3.660412710923225887e+01 2.046813312793322126e+01
1.202431841794146123e+02 3.687833625909074442e+01 2.064550567835775396e+01
1.198485651846809787e+02 3.689323970909612171e+01 2.054272202916203938e+01
1.200008239888224182e+02 3.668566617705012334e+01 2.055561924551284392e+01
1.210267258983269443e+02 3.709418550496184253e+01 2.114588184716798480e+01
1.212120517321678079e+02 3.735295382080034443e+01 2.124862967076272824e+01
1.212047791351699857e+02 3.714813886002937693e+01 2.113269802600938618e+01
1.214946798982552991e+02 3.699494859026260229e+01 2.112263103213556548e+01
1.211903055923763191e+02 3.693784258230931528e+01 2.023548167520510077e+01
1.214013183821158606e+02 3.669440762368788711e+01 1.957073764912406233e+01
1.224427327768423339e+02 3.703654211299394206e+01 1.978988285028481187e+01
1.222230501916669709e+02 3.698151398989718075e+01 1.967810697524451058e+01
1.216799699064951881e+02 3.692523197076631192e+01 1.946003654211299505e+01
1.224391860423458667e+02 3.732733851610360887e+01 1.989248737147565649e+01
1.219735607064808534e+02 3.726776054168308860e+01 1.965782968509296680e+01
1.213851968616773576e+02 3.721599254827499692e+01 1.948038548346648469e+01
1.220319564360692084e+02 3.729685092967434201e+01 1.954859742772185172e+01
1.217897753734818878e+02 3.721323397699996605e+01 1.941840719378067703e+01
1.217573890302009829e+02 3.721953928277147128e+01 1.940063769569734475e+01
1.225570522695518179e+02 3.768426897861211700e+01 1.988349514563106624e+01
1.224970085623186264e+02 3.773904632250206248e+01 1.994869773940457947e+01
1.224772686561817068e+02 3.763060222835238022e+01 1.998713860925017016e+01
1.230708988643284556e+02 3.798835667968329943e+01 2.026192096872425097e+01
1.222383477232830558e+02 3.842911904847203886e+01 2.046996023358291694e+01
1.219665388886898540e+02 3.855952423601905821e+01 2.068785153870956250e+01
1.224195894386128316e+02 3.937441335578404278e+01 2.091871171138895846e+01
1.221837136817970162e+02 3.953480457134668313e+01 2.133726220757353076e+01
1.224602514957188362e+02 3.971497151864722497e+01 2.136241177945759873e+01
1.227479310715437322e+02 4.012614194103105802e+01 2.182893275534697253e+01
1.225757532332604853e+02 4.050549922974958150e+01 2.216203919320746607e+01
1.230726543187762019e+02 4.091656217533049045e+01 2.269695124135707331e+01
1.233002185361659429e+02 4.136517035073263315e+01 2.265245584494680031e+01
1.226304231003475138e+02 4.103772435782610017e+01 2.238143517357503498e+01
1.227260416293483303e+02 4.048457707878049661e+01 2.218769032350517634e+01
1.226603374771611783e+02 4.024759072833446538e+01 2.177437036506287527e+01
1.221549815498155027e+02 3.945885429728083693e+01 2.134657686382688979e+01
1.222484147171568765e+02 3.936570773474725371e+01 2.114824633683230104e+01
1.227493640955827061e+02 3.988442661125640143e+01 2.161107727582130167e+01
1.229498441586357558e+02 3.971568803066671194e+01 2.217801741124207382e+01
1.238047863002901892e+02 3.997384731128864388e+01 2.260412710923225887e+01
1.243639164546985256e+02 3.998183642030595308e+01 2.317164045426861918e+01
1.238285386737362472e+02 3.965102282090781927e+01 2.284552000859814314e+01
1.242580159782180402e+02 3.970712571203382169e+01 2.305080070218177823e+01
1.252837029341167181e+02 4.016662487013219618e+01 2.346426396302797812e+01
1.253242216888188238e+02 4.041582775051051613e+01 2.377612581951062154e+01
1.261158599935513962e+02 4.128026367642317496e+01 2.439827320603303207e+01
1.270697524450972651e+02 4.198480994518683218e+01 2.508204062623150676e+01
1.269907928205495580e+02 4.218493175223014191e+01 2.521498943144771232e+01
1.273263353992763172e+02 4.289162755705226715e+01 2.567130011105936305e+01
1.279025185397484989e+02 4.356024074803854518e+01 2.616232579801526015e+01
1.280452119084297635e+02 4.355561924551284392e+01 2.640970157274388441e+01
1.280928599577257785e+02 4.372923010783505759e+01 2.643040877010711753e+01
1.279059577974420563e+02 4.405391752946655970e+01 2.668878300433489770e+01
1.276846630602228316e+02 4.375767563500878055e+01 2.538010962633898160e+01
1.277282628166087477e+02 4.375595600616200187e+01 2.421652993228961392e+01
1.270352882169598416e+02 4.336642424676674068e+01 2.388310106402034805e+01
1.262945580912119823e+02 4.230344284025364487e+01 2.280729409235840066e+01
1.265994339555046082e+02 4.224766237953641479e+01 2.284609321821373484e+01
1.267972987496865329e+02 4.308021352058180753e+01 2.330086339698348397e+01
1.270529502382402427e+02 4.316092859957726091e+01 2.345312220112492341e+01
1.276464729695840674e+02 4.334464228137427000e+01 2.352298212302511260e+01
1.274302296421022476e+02 4.343872030953319552e+01 2.351151793071328910e+01
1.277822161716762821e+02 4.375878622863898215e+01 2.398362770035467406e+01
1.291765843872030928e+02 4.470218177909934099e+01 2.469064593558556808e+01
1.291198724608605346e+02 4.507075556192454968e+01 2.505026331816716123e+01
1.285389961666606951e+02 4.563142621717479130e+01 2.521867946834808194e+01
1.282358757568158296e+02 4.608845340880593255e+01 2.558213019023393997e+01
1.268703829756744170e+02 4.570658832801920113e+01 2.508401103428510126e+01
1.246921864364274768e+02 4.474900583957295908e+01 2.447741195858560559e+01
1.245290724751907732e+02 4.476358685916956404e+01 2.423956579371618858e+01
1.241592447963314640e+02 4.474678465231254165e+01 2.445111596747035421e+01
1.243491921326980219e+02 4.497040805359510074e+01 2.472589832694443501e+01
1.256349013004693091e+02 4.556586536739153814e+01 2.544079819438971057e+01
1.261591373195285399e+02 4.579625980725826651e+01 2.552832013757030793e+01
1.261778741088381821e+02 4.563450721885859451e+01 2.545860351807401400e+01
1.267714684913839420e+02 4.590774907749077727e+01 2.578633611578834106e+01
1.266927954716440325e+02 4.565976426754559014e+01 2.547175151363164147e+01
1.264811019954859717e+02 4.551606778203704096e+01 2.510303442840253751e+01
1.271697416974169812e+02 4.611693476158062310e+01 2.569469422849568474e+01
1.270866263031562369e+02 4.629513130082757044e+01 2.587106366209293284e+01
1.271092322573711186e+02 4.590473972700892347e+01 2.569652133414538042e+01
1.272006233654569485e+02 4.609740980904954455e+01 2.577268656181707485e+01
1.267310930390857351e+02 4.609343316734138085e+01 2.556973453229677773e+01
1.257435603482248467e+02 4.658657256475477482e+01 2.550173754164726247e+01
1.256442517823236500e+02 4.704936767814280074e+01 2.602722745674058658e+01
1.247324544119227596e+02 4.683828323720130271e+01 2.558718159997134123e+01
1.244401891591731442e+02 4.650517679934080917e+01 2.533446781069752518e+01
1.246788234872639975e+02 4.668287178017411065e+01 2.548135277469279458e+01
1.242465517859062061e+02 4.655189338301150315e+01 2.528864686705119524e+01
1.244888044996954761e+02 4.638723892093290146e+01 2.523240067352129756e+01
1.251296886755275324e+02 4.656453982015548121e+01 2.519897538781212987e+01
1.246144448823128954e+02 4.673650270483287272e+01 2.543972342636047657e+01
1.250042990721169360e+02 4.687593594382546058e+01 2.542603804678823565e+01
1.255190771325189019e+02 4.673632357682799920e+01 2.542861749005839656e+01
1.248915559058503248e+02 4.644498978970371894e+01 2.523136173109303826e+01
1.250555296815104072e+02 4.620531651918460625e+01 2.485848887615089708e+01
1.253731236341489677e+02 4.605087235338373119e+01 2.492537527317020718e+01
1.246045570164439482e+02 4.503034428402536804e+01 2.412993945473435176e+01
1.256025149571884043e+02 4.456167377207752622e+01 2.387353562856016964e+01
1.270925017017160457e+02 4.519847382939848757e+01 2.414251424067638752e+01
1.275545444774836028e+02 4.574241392899365621e+01 2.466692938774047761e+01
1.282417869809765989e+02 4.670476122236950545e+01 2.523684304804213241e+01
1.287707519793644622e+02 4.687002471966466999e+01 2.536287751227026988e+01
1.283082792963851944e+02 4.653351484971160090e+01 2.518478844982624665e+01
1.286524916705477608e+02 4.682370221760469775e+01 2.512610611543008687e+01
1.288293268369576765e+02 4.689599828037115259e+01 2.529792569770357957e+01
1.286586894995163561e+02 4.696553577186256945e+01 2.540640561745423298e+01
1.291760470031884722e+02 4.721527603625550995e+01 2.553856625944900216e+01
1.290621574176906847e+02 4.736305664027513984e+01 2.567438111274316626e+01
1.292669007272596957e+02 4.743252248056461440e+01 2.573836563608354666e+01
1.295822376670368783e+02 4.763637015010926490e+01 2.570092788306523701e+01
1.292979256977035902e+02 4.732848493533479228e+01 2.574907749077490848e+01
1.293116469028767881e+02 4.716486941568444990e+01 2.568480636262673400e+01
1.291421559846666298e+02 4.707856554293698537e+01 2.545516426038046731e+01
1.287844373589366853e+02 4.708268548704904788e+01 2.556081395765414044e+01
1.285367391537993171e+02 4.706849854906315755e+01 2.541460968007738330e+01
1.292949879984236645e+02 4.723390534876222802e+01 2.571937806756708511e+01
1.290392648586679911e+02 4.742195392827714784e+01 2.606570415218715198e+01
1.288734281517572526e+02 4.749356930462508330e+01 2.615852828431196997e+01
1.294422670440296770e+02 4.733436033389460107e+01 2.595482391717121118e+01
1.286654247124995436e+02 4.670633754881237820e+01 2.506695804822125950e+01
1.278467380790312689e+02 4.554949306774621220e+01 2.429710170888116494e+01
1.284878372084691591e+02 4.568598860745888857e+01 2.420295202952029356e+01
1.288708128828860993e+02 4.607605775086877031e+01 2.470246838390713862e+01
1.288273206033031215e+02 4.669290294844695666e+01 2.527188048579514756e+01
1.298351664099165248e+02 4.732877154014258281e+01 2.584315551893383045e+01
1.296748110199548591e+02 4.724150037616880837e+01 2.562762870347150113e+01
1.290888474904166401e+02 4.685823809694407771e+01 2.545473435316877442e+01
1.298252785440475634e+02 4.673600114641923398e+01 2.583796080679253393e+01
1.299242646795399878e+02 4.587084870848708817e+01 2.583118976820836110e+01
1.300941496793608678e+02 4.597474295131301147e+01 2.607924622935549763e+01
1.307861928133844458e+02 4.677419123705799819e+01 2.680904954680614694e+01
1.310298069000107546e+02 4.700426324651596133e+01 2.704442374520832715e+01
1.309312148461290519e+02 4.673901049690108778e+01 2.689857772364131350e+01
1.311042166732347027e+02 4.653713323541002467e+01 2.664683122559381090e+01
1.302010890982696196e+02 4.548432629957367368e+01 2.583409164188729434e+01
1.293112169956650916e+02 4.499176011177587498e+01 2.529613441765485504e+01
1.285022391000609048e+02 4.515508902661841972e+01 2.534869057428438310e+01
1.265185755741052560e+02 4.476774262888260125e+01 2.462125174649804649e+01
1.249788628954250669e+02 4.404374305878980778e+01 2.390989861354924173e+01
1.241467058359904030e+02 4.386332533228245012e+01 2.364056174542328037e+01
1.226702253430301255e+02 4.344789166338265574e+01 2.328681976140149601e+01
1.230854082327230969e+02 4.403750940422025906e+01 2.372346218607817292e+01
1.232527137892738125e+02 4.509744563465051925e+01 2.416361551965034238e+01
1.225737111740049414e+02 4.501157166911475116e+01 2.380381900906387571e+01
1.226168093719772116e+02 4.478210869487335799e+01 2.336122953462544416e+01
1.226504496112922311e+02 4.433676064915989201e+01 2.290968365994339706e+01
1.216660337477161136e+02 4.343965177515853071e+01 2.191047182316483344e+01
1.217983018665138104e+02 4.331626840540250356e+01 2.176430337118905101e+01
1.225545803030845775e+02 4.363475799806541744e+01 2.231429799734890551e+01
1.220600795328341661e+02 4.349063160534517891e+01 2.237505821660158389e+01
1.223359724859384556e+02 4.418027442410346595e+01 2.268785153870956250e+01
1.228912334754415525e+02 4.432841328413284288e+01 2.301913087092036037e+01
1.226909683659943369e+02 4.412657184824275447e+01 2.318912334754415383e+01
1.228659764267545569e+02 4.396281302618851328e+01 2.304664493246874102e+01
1.232723462186078223e+02 4.382395299681152068e+01 2.279539999283488072e+01
1.230916777128936275e+02 4.334808153906782024e+01 2.280475047468921446e+01
1.229320030093504812e+02 4.349013004693154016e+01 2.258696664636549301e+01
1.235878264607888752e+02 4.336359402428976040e+01 2.222835238061118446e+01
1.237221366388421160e+02 4.266854153978432862e+01 2.162114426969512238e+01
1.242627807831476332e+02 4.278626446458639521e+01 2.139332927309855492e+01
1.249919034141797738e+02 4.360563178447318222e+01 2.211439114391144045e+01
1.250252212230860209e+02 4.346326084620069707e+01 2.232647870168021953e+01
1.255629276681116266e+02 4.368423315301114229e+01 2.233976999964174226e+01
1.254852219395980342e+02 4.367223157668470179e+01 2.231608927739763004e+01
1.252120875577687826e+02 4.320979471930641580e+01 2.195134883387668978e+01
1.259634220614050832e+02 4.323444273277684147e+01 2.201830688209794573e+01
1.259549313939741353e+02 4.340386199978504322e+01 2.197413391609644151e+01
1.257910292695160024e+02 4.327363594024289739e+01 2.201200157632644405e+01
1.264421595672267387e+02 4.348124529788987047e+01 2.211693476158062666e+01
1.261439472647153650e+02 4.351635438684483859e+01 2.191505750008956355e+01
1.257214201268226219e+02 4.302038476695446434e+01 2.154795256690431060e+01
1.259428581664457454e+02 4.271153226095367472e+01 2.145831691326621993e+01
1.257770214595349785e+02 4.243019381650127286e+01 2.207147207394404020e+01
1.258736789309640614e+02 4.244527639451151657e+01 2.274302296421022618e+01
1.267202378819904709e+02 4.264636549278114330e+01 2.343692902948447099e+01
1.268906244402249825e+02 4.262200408411850816e+01 2.393064163651345311e+01
1.263271593880987353e+02 4.228205495647189593e+01 2.361745423279475631e+01
1.267445276394511495e+02 4.262447605058574851e+01 2.371980797477877800e+01
1.266901085515709582e+02 4.233203166983125953e+01 2.361107727582130167e+01
1.262107261849317581e+02 4.182058539031991984e+01 2.340930749113316267e+01
1.267565292157775900e+02 4.217411242073585953e+01 2.365775803389101739e+01
1.266338265324400822e+02 4.201880844051159158e+01 2.339393830831512133e+01
1.264070146526707958e+02 4.162232651452728049e+01 2.323634148962849011e+01
1.268593128649733046e+02 4.194608247053344030e+01 2.342148819546448024e+01
1.267718267473936891e+02 4.215308279296385052e+01 2.350037616881023084e+01
1.268338766882814497e+02 4.217966538888689598e+01 2.346677175509619317e+01
1.272331171855407916e+02 4.286701536918281619e+01 2.402321498943144817e+01
1.271010998459499177e+02 4.264013183821158748e+01 2.349106151255687180e+01
1.273998137068749372e+02 4.239884641564862022e+01 2.288636119370902477e+01
1.275946333249740263e+02 4.260169096836599323e+01 2.259140902088632430e+01
1.270032243040876949e+02 4.208078673019739568e+01 2.223161251029986119e+01
1.272430050514097388e+02 4.195346254433417954e+01 2.195245942750689494e+01
1.274150754128900473e+02 4.199322896141583072e+01 2.180550281230967613e+01
1.271110235374198396e+02 4.180654175473793543e+01 2.192147028266399289e+01
1.275253107870884577e+02 4.166639200372586060e+01 2.187031132447246762e+01
1.277823594740801809e+02 4.149457242145236791e+01 2.159097911367463141e+01
1.268581664457421283e+02 4.059900404829291176e+01 2.106323218571991518e+01
1.268247411600329571e+02 4.027442410346433377e+01 2.070870203847669444e+01
1.274186579729875035e+02 4.051689177085945914e+01 2.070207430229642043e+01
1.269146992440798130e+02 4.019729158456632945e+01 2.042926235087593767e+01
1.270730842259878841e+02 4.038713144412997735e+01 2.073306344713932603e+01
1.278498907319170286e+02 4.092856375165693095e+01 2.116085694837530795e+01
1.261994411206247975e+02 4.070017554544477179e+01 2.179310715437251389e+01
1.251104503278042444e+02 4.062630315623544419e+01 2.225787267581413786e+01
1.244562032028087231e+02 4.084978325511410446e+01 2.289216494106688771e+01
1.224017841149285317e+02 4.085060724393651554e+01 2.273102138788378213e+01
1.214418729624189410e+02 4.092834879805108983e+01 2.273496220399097112e+01
1.210560670655250277e+02 4.103521656575789223e+01 2.300311682728477791e+01
1.203421703149070368e+02 4.060312399240497427e+01 2.279224733994912810e+01
1.200681402930534176e+02 4.038817038655823666e+01 2.251033568588113098e+01
1.203803245799448263e+02 4.028108766524558604e+01 2.246541038225916154e+01
1.204160068785153896e+02 3.954723605488482008e+01 2.215616379464765373e+01
1.207272955253824449e+02 3.966320352523913328e+01 2.207000322430408801e+01
1.211926700820406211e+02 3.981381435173575056e+01 2.237864077669902940e+01
1.213592949521728173e+02 3.966101816357969057e+01 2.238222333679647491e+01
1.219297818220900638e+02 4.016615913731952503e+01 2.252513165908358062e+01
1.218602443305986469e+02 4.041023895675849786e+01 2.277587504030380217e+01
1.215441550532010240e+02 4.009809049546806392e+01 2.208780854798839144e+01
1.220194533013291363e+02 4.064152903664958671e+01 2.207763407731164662e+01
1.219631712821982603e+02 4.087822878228782031e+01 2.201157166911475116e+01
1.210920359689033745e+02 4.025686955898684971e+01 2.153853043384802746e+01
1.212500626948016986e+02 4.060821122774334668e+01 2.135331207681008792e+01
1.207793859491992947e+02 4.020803926485866953e+01 2.111328055028123174e+01
1.201548740730125786e+02 3.968426897861211700e+01 2.080485795149213502e+01
1.202415720273707649e+02 3.953516282735643017e+01 2.064729695840647850e+01
1.194817826819044910e+02 3.921352058180775657e+01 2.029792569770357957e+01
1.184301579909002982e+02 3.847357861928134071e+01 1.936488374592483908e+01
1.191272525346612667e+02 3.856163794647655152e+01 1.957740121090531460e+01
1.193928993658868620e+02 3.868849639952710362e+01 1.980052305377422783e+01
1.193083867731881185e+02 3.865041378569125641e+01 1.973370830795686715e+01
1.200897073048400330e+02 3.902024146455056552e+01 2.006273062730627288e+01
1.200721169347615813e+02 3.884981908071507917e+01 1.990821481030344131e+01
1.210696091426933663e+02 3.812295346254433070e+01 1.928957833267653044e+01
1.222036685415397841e+02 3.816454698527567757e+01 1.955644323433525500e+01
1.228284670225342978e+02 3.818371368179700909e+01 1.964546985275677926e+01
1.231354565972844171e+02 3.829742413928993727e+01 1.951982947013935998e+01
1.235723498011679169e+02 3.881223802529287781e+01 1.976906817611865463e+01
1.231304768387489759e+02 3.885121627915308551e+01 1.975312578368502159e+01
1.227686024433059799e+02 3.861139970623007400e+01 1.965062873929710108e+01
1.231004191595313983e+02 3.914473542793680139e+01 1.983480815390678131e+01
1.230204922437573885e+02 3.897431304410131503e+01 2.006187081288288709e+01
1.230351090889549681e+02 3.930089922258446222e+01 2.026568265682657000e+01
1.232866406333966296e+02 3.964658044638699153e+01 2.058091211980081070e+01
1.224487873034070162e+02 3.935485257765198952e+01 2.036950524845054389e+01
1.224861175796224018e+02 3.909461541217353897e+01 2.002450471106652685e+01
1.229491634722172506e+02 3.924110629455809374e+01 2.002307168702754936e+01
1.224150037616880979e+02 3.894844696019775654e+01 1.985827392254505241e+01
1.216439293519148777e+02 3.935008777272238945e+01 1.995478809157023647e+01
1.217731881202307136e+02 4.027918890839394095e+01 2.053949772507433735e+01
1.209964174399025580e+02 4.047135743202092328e+01 2.043022964210224757e+01
1.209565435460179827e+02 4.037724357826102306e+01 2.012718088345932088e+01
1.216648515028839626e+02 4.033779959158815132e+01 2.032160641994769534e+01
1.212588399670404442e+02 3.990889549672196068e+01 2.006753125783685121e+01
1.215668326586178551e+02 4.007025400351091093e+01 2.023773868806649290e+01
1.224679181743273801e+02 4.055089026618421855e+01 2.069175652921577679e+01
1.219619173861641599e+02 4.034288682692652372e+01 2.050259735607064826e+01
1.219359079998566955e+02 4.000720094579586572e+01 2.036545695554043078e+01
1.224123884928169730e+02 4.026030881668039996e+01 2.036434636191022207e+01
1.223043743058789801e+02 4.008512162791530642e+01 2.026783219288503446e+01
1.222680471464908862e+02 4.040300218536165744e+01 2.049987461039658854e+01
1.224650879518503928e+02 4.106889263067387930e+01 2.065868949951635614e+01
1.214195177874108822e+02 4.042929817647691237e+01 2.040146168451975939e+01
1.205580553863791096e+02 4.032995378497474093e+01 2.009268082972091918e+01
1.199446852720954411e+02 4.068290760577508536e+01 2.030928241321248251e+01
1.188282520689284496e+02 4.009153441048973576e+01 1.985225522158134126e+01
1.185641099129437919e+02 4.012667932504567858e+01 1.983831906280227741e+01
1.185886146240103187e+02 4.023222154551642404e+01 2.018751119550030282e+01
1.184031813133665310e+02 4.040135420771683528e+01 2.038014545193995630e+01
1.190417726507362204e+02 4.082513524164367880e+01 2.080184860101028121e+01
1.190963708666212852e+02 4.098233797871959183e+01 2.066710851574535113e+01
1.187067674560240818e+02 4.022860315981800738e+01 2.054999462615985450e+01
1.192947730448178305e+02 4.046849138394296830e+01 2.061756170959767687e+01
1.195612438648658298e+02 4.067549170637337141e+01 2.080754487156522003e+01
1.191594597499373123e+02 4.055809121198008427e+01 2.081650127180883558e+01
1.197558127037581102e+02 4.072725969978146310e+01 2.104847203811844025e+01
1.195923046609106848e+02 4.056059900404829222e+01 2.090097803890660089e+01
1.185967470354315196e+02 3.967756959122989002e+01 2.006394869773940570e+01
1.193877046537455726e+02 3.911568086554652268e+01 2.035857844015333384e+01
1.198942428259233992e+02 3.862078601368538244e+01 2.070418801275391374e+01
1.196063124708916945e+02 3.836617346755991775e+01 2.084419446136208975e+01
1.201496435352703003e+02 3.892053881703865414e+01 2.133084942499910497e+01
1.203556407408734259e+02 3.894339555046035883e+01 2.153727653781392348e+01
1.198817038655823382e+02 3.873320674954322129e+01 2.148755060366137570e+01
1.202016981334861896e+02 3.904402966359760541e+01 2.151065811628989977e+01
1.204080535950990622e+02 3.913989897180525190e+01 2.177985168201196586e+01
1.202236592268835267e+02 3.905581628631820479e+01 2.168158205853903198e+01
1.209006556084978286e+02 3.942399598753269174e+01 2.201941747572815444e+01
1.211543008633969833e+02 3.944577795292516242e+01 2.220621215920897029e+01
1.211170780639845219e+02 3.918980403396267320e+01 2.191480672088274417e+01
1.215685522874646267e+02 3.946372657901336112e+01 2.212284598574141015e+01
1.213677856196037652e+02 3.913273385161036089e+01 2.183760255078279044e+01
1.213311360298068990e+02 3.872865689821946944e+01 2.142159567226740080e+01
1.207574606814029323e+02 3.895758248844624205e+01 2.104148604592841920e+01
1.200240389782538557e+02 3.858191523662809175e+01 2.031906280227850914e+01
1.198287178017411208e+02 3.862540751621108370e+01 1.996811521513273391e+01
1.203188478486726609e+02 3.916297065883280482e+01 2.030100669938738278e+01
1.199695840647726897e+02 3.906247984809944995e+01 2.045921255329058042e+01
1.199846308171819516e+02 3.879077849030917235e+01 2.014455629993193142e+01
1.205568731415469443e+02 3.905398918066850911e+01 2.023043026546770307e+01
1.200613692544692412e+02 3.887668828144592226e+01 2.022029162039193295e+01
1.202169956651022886e+02 3.916121520438505144e+01 2.022516390212445714e+01
1.210196682549349703e+02 3.989718052520331071e+01 2.078536882456203116e+01
1.204736502704832901e+02 3.986217891305126670e+01 2.082947013936158953e+01
1.205617454232794756e+02 3.987690323505177048e+01 2.082520689284562820e+01
1.211826030881668004e+02 4.035453014724321719e+01 2.115476659620965094e+01
1.207027908143159038e+02 4.002998602801562100e+01 2.095786909325403968e+01
1.208220542399598685e+02 4.000652025937735345e+01 2.106029448644001079e+01
1.218783004334897697e+02 3.995410740515172421e+01 2.072736717658438721e+01
1.218084046859886058e+02 3.937939311431949108e+01 2.021352058180776012e+01
1.219568659764267551e+02 3.942765019883208311e+01 2.012252355533264137e+01
1.227640167663812605e+02 3.967140758786228361e+01 2.020728692723820430e+01
1.221664457421273227e+02 3.915971052914412809e+01 1.971991545158169856e+01
1.216976319277755891e+02 3.876412424318417749e+01 1.919919034141797809e+01
1.220978755418622086e+02 3.858689499516354715e+01 1.888890481137821098e+01
1.217425572313975550e+02 3.818199405295023752e+01 1.887063375488123640e+01
1.220295202952029570e+02 3.841880127539139522e+01 1.909493784258230775e+01
1.225077204170099918e+02 3.855450865188263521e+01 1.919295668684842227e+01
1.219969906495181391e+02 3.802156701178662246e+01 1.865589510264034701e+01
1.217469996059183899e+02 3.750406620571060046e+01 1.835599899688317294e+01
1.216168451975781863e+02 3.758617848314405308e+01 1.828961415827750514e+01
1.212785798731773781e+02 3.750829362662558708e+01 1.834260022211872609e+01
1.206906101099845898e+02 3.793999211836778329e+01 1.848729982445455633e+01
1.199414251424067572e+02 3.811568086554652268e+01 1.882621000967291280e+01
1.188386773188120173e+02 3.773997778812739767e+01 1.851370329237272827e+01
1.185997563859133805e+02 3.777197004979758788e+01 1.841923118260308812e+01
1.184210224626518055e+02 3.764145738544764441e+01 1.868237022176046835e+01
1.182671156808655439e+02 3.746447891663382990e+01 1.863293089241572176e+01
1.189641743990255378e+02 3.741650843692902839e+01 1.870683910722602405e+01
1.193625909074624758e+02 3.761637946476552230e+01 1.863816143015798943e+01
1.189430014688496442e+02 3.733529179951993626e+01 1.858470963350410088e+01
1.195987890946870635e+02 3.774295131300827677e+01 1.871737183391251236e+01
1.196784652312542505e+02 3.756024074803854518e+01 1.866986708702038555e+01
1.190183785332998951e+02 3.705735678716010284e+01 1.845219073549958821e+01
1.195820227134310159e+02 3.731490703256547192e+01 1.859090746247268200e+01
1.195726005803747398e+02 3.767212409988177768e+01 1.881101995485974143e+01
1.191776591552323339e+02 3.748439795077562309e+01 1.866649948052878472e+01
1.197628345215490953e+02 3.810547056926879605e+01 1.906434277935012389e+01
1.195527890230358565e+02 3.847931071543725068e+01 1.907942535736037115e+01
1.184662701966825438e+02 3.840092430050513883e+01 1.879264142155984629e+01
1.183713323541002467e+02 3.872923010783505759e+01 1.885415397843298990e+01
1.182647153656002530e+02 3.877544513309210572e+01 1.860272991079425253e+01
1.179939096478343430e+02 3.853702575860710056e+01 1.848432629957367368e+01
1.184309819797227163e+02 3.904352810518396666e+01 1.872500268692007452e+01
1.185056067065524985e+02 3.893472575502453736e+01 1.871307276179557988e+01
1.180011822448321510e+02 3.834080894207000512e+01 1.813499086447175301e+01
1.181085515709525993e+02 3.834428402536452296e+01 1.793741267509762594e+01
1.182059972056031256e+02 3.819496292050298791e+01 1.789485186113996917e+01
1.184588184716798622e+02 3.824565614588184559e+01 1.803450005373840170e+01
1.188090853724071252e+02 3.879532834163293131e+01 1.840841185110880218e+01
1.185193995629276742e+02 3.845971411170422272e+01 1.832880736574356106e+01
1.182411421201590684e+02 3.782513524164367880e+01 1.793515566223623381e+01
1.187227456740586859e+02 3.831755812703757869e+01 1.771837495073979696e+01
1.190223193494070841e+02 3.838426539605201526e+01 1.795905133808619780e+01
1.197263282341561279e+02 3.873524880879876520e+01 1.842327947551320122e+01
1.204655536846630639e+02 3.897785977859778939e+01 1.889488768674094388e+01
1.196079604485365309e+02 3.861229534625443449e+01 1.830602228352380578e+01
1.196306380539533620e+02 3.820786013685379601e+01 1.822355175008060613e+01
1.202068570200265043e+02 3.884025364525489721e+01 1.850478271773009098e+01
1.199800451402572321e+02 3.911679145917672429e+01 1.869759610217461443e+01
1.201712463726579045e+02 3.927868734998029510e+01 1.892662916920431471e+01
1.210233941174363252e+02 3.953512700175545547e+01 1.913534912048149650e+01
1.201655142765019946e+02 3.892580518038190007e+01 1.873281266793250310e+01
1.198742163149786819e+02 3.836932612044567037e+01 1.833747716117937898e+01
1.203214631175438001e+02 3.862153835130584412e+01 1.837416257657722340e+01
1.198604951098054698e+02 3.812789739547881140e+01 1.841450220327445919e+01
1.197624762655393482e+02 3.806147673127216535e+01 1.810389424282592330e+01
1.201412245190413017e+02 3.806556084978325316e+01 1.769369111166839659e+01
1.190931465625335903e+02 3.740232149894314517e+01 1.711256403826174122e+01
1.189548239171712112e+02 3.722573711174005240e+01 1.709275248092286859e+01
1.195023107512628542e+02 3.789553254755848855e+01 1.746985275677999638e+01
1.195564074087342874e+02 3.802257012861390706e+01 1.769250886683624202e+01
1.196011894099523545e+02 3.821330562820191545e+01 1.750625156737004318e+01
1.197262924085551532e+02 3.813169490918210158e+01 1.764761938881524728e+01
1.193393400924300494e+02 3.785315086160570530e+01 1.771687027549887006e+01
1.195739261276107896e+02 3.821097696413857392e+01 1.770400888474904022e+01
1.199865295740336109e+02 3.861956794325224962e+01 1.811016372299645383e+01
1.201775516784294098e+02 3.841572027370759201e+01 1.826647082004800637e+01
1.205842439006914333e+02 3.859456167377207692e+01 1.798104825708451315e+01
1.206115788342349475e+02 3.878425823093182601e+01 1.809461541217353897e+01
1.204075520366854164e+02 3.858596352953820485e+01 1.793003260129688670e+01
1.212316483359008288e+02 3.885519292086124921e+01 1.816920431340235709e+01
1.215474151828896936e+02 3.935001612152044004e+01 1.858771898398595468e+01
1.215834915630709645e+02 3.904675240927166868e+01 1.885415397843298990e+01
1.221205889728800145e+02 3.905076487658080708e+01 1.923813276967721109e+01
1.222272417869809829e+02 3.881320531651918770e+01 1.926958764733278429e+01
1.213249382008383179e+02 3.829488052162074752e+01 1.875348403969476507e+01
1.220102461218786942e+02 3.865596675384229286e+01 1.936714075878622765e+01
1.225566581879410961e+02 3.908050012538960516e+01 1.974248558019560917e+01
1.219821946763157001e+02 3.857904918855013676e+01 1.946591194067280384e+01
1.222637838999749249e+02 3.870938272489520671e+01 1.917798158564109912e+01
1.222268118797692864e+02 3.831737899903271227e+01 1.893547809264500259e+01
1.216456489807616492e+02 3.792530362196826133e+01 1.864038261741840685e+01
1.222334037903485893e+02 3.848332318274638908e+01 1.927607208110915948e+01
1.219827320603303065e+02 3.896944076236879084e+01 1.946777487192347778e+01
1.206731630423100370e+02 3.888754343854117934e+01 1.941700999534267069e+01
1.193952280299502036e+02 3.891430516246909832e+01 1.902633181671622609e+01
1.181180095296098642e+02 3.867344964711782751e+01 1.865310070576433787e+01
1.170020062336545692e+02 3.846103965894027965e+01 1.809418550496184608e+01
1.169632429334002097e+02 3.894905599541432650e+01 1.849643535270304184e+01
1.170089205746426444e+02 3.916967004621502468e+01 1.883459320030093664e+01
1.172977465696987025e+02 3.911822448321570533e+01 1.881703865582345259e+01
1.177702145953498416e+02 3.932920144735427925e+01 1.881356357252892764e+01
1.178008813097839749e+02 3.901945330132912915e+01 1.873499802959194582e+01
1.178805216207501871e+02 3.887625837423422581e+01 1.873080643427793390e+01
1.184193386594060087e+02 3.927854404757639628e+01 1.912309676494823307e+01
1.181497510120732244e+02 3.918342707698921856e+01 1.895976785010568477e+01
1.181274674882671150e+02 3.908952817683516656e+01 1.894375380647010232e+01
1.184698527567799999e+02 3.989270232508150116e+01 1.926711568086554749e+01
1.177219933364382172e+02 3.971575968186866135e+01 1.913151578117722806e+01
1.172937699279905388e+02 3.943051624691004520e+01 1.895288933471859139e+01
