1.516207823129251722e+02 4.891525510204081684e+01 3.164455782312925081e+01
1.505832993197278995e+02 4.823636054421768904e+01 3.120549319727891202e+01
1.504199659863945442e+02 4.807585034013605707e+01 3.109566326530612201e+01
1.504491666666666561e+02 4.812994897959183760e+01 3.116119047619047677e+01
1.497549659863945521e+02 4.813068027210884026e+01 3.098824829931972857e+01
1.493518367346938760e+02 4.839035714285714107e+01 3.096568027210884466e+01
1.486298299319727789e+02 4.833392857142857224e+01 3.090950680272108997e+01
1.482789285714285654e+02 4.838498299319727636e+01 3.088028911564626000e+01
1.485541156462585093e+02 4.874494897959183959e+01 3.119345238095237960e+01
1.485237074829931885e+02 4.884243197278911452e+01 3.127772108843537424e+01
1.490433673469387656e+02 4.923248299319728005e+01 3.152273809523809689e+01
1.491427551020408089e+02 4.954935374149659566e+01 3.160282312925169990e+01
1.487898639455782188e+02 4.925120748299319473e+01 3.135568027210884523e+01
1.493050340136054501e+02 4.961119047619047961e+01 3.150227891156462690e+01
1.492388605442176868e+02 4.961197278911564723e+01 3.157619047619047592e+01
1.486963775510204187e+02 4.918836734693877588e+01 3.131551020408163311e+01
1.492006292517006898e+02 4.953732993197279200e+01 3.149326530612244923e+01
1.494341326530612264e+02 4.976564625850340207e+01 3.167489795918367435e+01
1.492476530612244972e+02 4.954972789115646492e+01 3.092568027210884196e+01
1.500117857142857076e+02 5.009693877551020336e+01 3.087884353741496568e+01
1.499403401360544308e+02 5.016911564625850417e+01 3.068620748299319700e+01
1.487554761904762017e+02 4.978491496598639543e+01 3.015741496598639415e+01
1.482786734693877690e+02 4.993010204081632963e+01 3.012775510204081542e+01
1.470151190476190379e+02 4.981535714285714533e+01 2.979918367346938624e+01
1.456279421768707607e+02 4.944802721088435504e+01 2.941489795918367278e+01
1.455103231292517023e+02 4.958600340136054285e+01 2.950586734693877489e+01
1.452104931972789075e+02 4.935136054421768392e+01 2.934819727891156305e+01
1.445519557823129162e+02 4.875921768707483039e+01 2.879110544217687107e+01
1.451361394557823132e+02 4.909557823129251375e+01 2.916476190476190311e+01
1.453082823129251722e+02 4.907086734693877617e+01 2.924756802721088533e+01
1.453941156462585127e+02 4.903301020408163424e+01 2.925619047619047564e+01
1.459764965986394429e+02 4.934130952380952095e+01 2.951107142857143018e+01
1.460764625850340224e+02 4.929323129251700664e+01 2.946809523809523768e+01
1.458783503401360520e+02 4.907280612244898066e+01 2.992612244897959073e+01
1.464307823129251744e+02 4.938154761904761614e+01 3.061756802721088278e+01
1.462574319727891066e+02 4.927091836734693686e+01 3.078146258503401356e+01
1.459780442176870849e+02 4.894455782312925152e+01 3.067901360544217582e+01
1.460176870748299223e+02 4.909581632653060979e+01 3.079957482993197360e+01
1.456620238095238165e+02 4.895746598639455982e+01 3.092076530612244767e+01
1.455430952380952476e+02 4.887331632653061320e+01 3.083578231292516847e+01
1.456917517006802711e+02 4.912826530612245080e+01 3.103680272108843496e+01
1.452338265306122480e+02 4.897852040816326280e+01 3.089110544217687249e+01
1.453563095238095286e+02 4.898712585034013500e+01 3.071464285714285580e+01
1.454013095238095161e+02 4.905010204081632708e+01 3.092982993197279029e+01
1.448229251700680322e+02 4.870884353741496398e+01 3.048678571428571260e+01
1.450701360544217664e+02 4.865846938775510466e+01 3.061772108843537410e+01
1.456473979591836780e+02 4.895977891156462647e+01 3.090858843537414913e+01
1.453268367346938703e+02 4.880035714285714477e+01 3.081795918367346943e+01
1.459803741496598661e+02 4.930802721088435447e+01 3.066103741496598545e+01
1.466892517006802734e+02 4.986801020408163510e+01 3.059777210884353593e+01
1.459695918367347076e+02 4.927782312925170061e+01 3.018294217687074976e+01
1.458611394557823076e+02 4.916513605442176527e+01 2.994328231292517017e+01
1.465637414965986522e+02 4.959074829931972772e+01 3.007054421768707542e+01
1.462739965986394566e+02 4.943421768707482755e+01 2.990678571428571431e+01
1.464469217687074831e+02 4.955454081632652930e+01 2.997068027210884367e+01
1.472805952380952306e+02 5.010338435374149668e+01 3.048236394557823203e+01
1.468192857142857122e+02 4.977758503401360457e+01 3.012448979591836817e+01
1.466402721088435328e+02 4.969824829931972943e+01 3.002425170068027072e+01
1.470017857142857167e+02 5.001736394557823218e+01 3.033255102040816453e+01
1.467775850340136117e+02 4.970528911564625929e+01 3.013017006802721198e+01
1.467888605442176981e+02 4.992023809523809774e+01 3.000454081632653214e+01
1.468459523809523830e+02 4.997603741496598673e+01 3.022061224489796061e+01
1.466973639455782177e+02 4.978556122448979693e+01 3.024887755102040643e+01
1.471381292517006898e+02 4.997333333333333627e+01 3.081551020408163311e+01
1.473386054421768847e+02 5.011370748299319899e+01 3.133246598639455627e+01
1.471416156462585150e+02 4.988447278911564808e+01 3.144049319727891145e+01
1.473177891156462636e+02 4.987357142857143089e+01 3.157943877551020506e+01
1.475605442176870667e+02 5.008566326530612400e+01 3.192743197278911538e+01
1.475518877551020296e+02 5.011068027210884424e+01 3.189129251700680356e+01
1.478957482993197345e+02 5.028032312925169833e+01 3.196971088435374142e+01
1.475217006802721187e+02 5.020671768707482840e+01 3.199697278911564524e+01
1.472363265306122457e+02 4.992746598639455868e+01 3.183193877551020279e+01
1.479415306122448897e+02 5.028984693877551138e+01 3.219178571428571445e+01
1.478349319727891213e+02 5.019610544217687220e+01 3.217387755102041069e+01
1.474629931972789052e+02 4.995068027210884054e+01 3.195088435374149682e+01
1.481507312925170083e+02 5.040326530612244937e+01 3.220248299319727892e+01
1.478661564625850247e+02 5.035318027210884395e+01 3.214141156462584803e+01
1.472548129251700573e+02 5.007707482993197345e+01 3.176319727891156575e+01
1.484674829931972795e+02 5.046476190476190737e+01 3.220076530612244881e+01
1.487596428571428646e+02 5.042136054421768421e+01 3.213125850340136225e+01
1.485137074829931976e+02 5.018074829931973113e+01 3.183244897959183817e+01
1.496534693877551092e+02 5.087632653061224630e+01 3.237243197278911566e+01
1.499265646258503466e+02 5.109549319727891259e+01 3.251722789115646606e+01
1.493240816326530478e+02 5.066695578231292529e+01 3.216547619047619122e+01
1.494770578231292575e+02 5.079860544217687135e+01 3.241520408163265188e+01
1.491703741496598639e+02 5.066370748299319615e+01 3.221736394557822791e+01
1.490536394557823030e+02 5.052367346938775228e+01 3.213984693877551280e+01
1.499753061224489841e+02 5.138113945578231068e+01 3.264117346938775199e+01
1.501432823129251801e+02 5.148222789115646236e+01 3.288760204081632565e+01
1.496939625850340008e+02 5.113066326530612571e+01 3.262736394557823161e+01
1.500103231292517023e+02 5.148205782312925294e+01 3.277278911564626185e+01
1.500933163265306121e+02 5.145151360544218022e+01 3.270828231292517074e+01
1.498815136054421657e+02 5.128287414965986102e+01 3.273363945578230982e+01
1.494219387755101991e+02 5.154437074829932186e+01 3.226108843537414828e+01
1.482351700680272018e+02 5.139255102040816325e+01 3.178600340136054569e+01
1.472811904761904884e+02 5.130358843537415225e+01 3.121370748299319686e+01
1.465009183673469408e+02 5.148608843537414970e+01 3.097091836734693970e+01
1.453445408163265427e+02 5.103108843537415140e+01 3.053042517006802825e+01
1.453980782312925157e+02 5.085743197278911509e+01 3.043767006802720942e+01
1.459399829931972761e+02 5.124530612244898009e+01 3.079141156462585016e+01
1.458633333333333439e+02 5.117522108843537154e+01 3.071200680272108841e+01
1.461220918367346826e+02 5.118078231292516733e+01 3.086712585034013756e+01
1.463802891156462636e+02 5.119467687074829598e+01 3.105767006802721042e+01
1.455424659863945465e+02 5.063545918367346843e+01 3.054809523809523952e+01
1.456406462585034092e+02 5.057318027210884281e+01 3.055593537414965866e+01
1.460095748299319780e+02 5.080178571428571388e+01 3.085554421768707556e+01
1.452830272108843417e+02 5.049195578231292814e+01 3.063369047619047691e+01
1.453327551020408066e+02 5.057190476190476147e+01 3.061559523809523853e+01
1.459062925170067899e+02 5.046110544217687277e+01 3.108540816326530631e+01
1.452267857142857110e+02 4.977144557823129389e+01 3.077542517006802569e+01
1.453850340136054342e+02 4.984102040816326706e+01 3.095858843537414984e+01
1.457940816326530751e+02 5.008799319727891231e+01 3.143185374149659950e+01
1.450257482993197300e+02 4.947629251700680442e+01 3.112921768707483139e+01
1.450561734693877440e+02 4.954431972789115690e+01 3.107736394557823090e+01
1.455080442176870861e+02 4.983807823129251346e+01 3.130428571428571516e+01
1.449969557823129378e+02 4.924198979591836434e+01 3.091544217687074791e+01
1.447134183673469465e+02 4.901576530612244653e+01 3.081780612244897810e+01
1.449870748299319700e+02 4.919003401360544103e+01 3.110948979591836761e+01
1.444268707482993079e+02 4.852607142857142719e+01 3.057726190476190453e+01
1.445892517006802791e+02 4.863028911564625645e+01 3.057171768707483039e+01
1.452834353741496614e+02 4.885806122448979494e+01 3.103821428571428598e+01
1.449667346938775552e+02 4.849256802721088633e+01 3.074392857142857238e+01
1.451595238095238187e+02 4.856748299319728090e+01 3.080969387755101963e+01
1.447462244897959067e+02 4.890127551020407992e+01 3.083251700680272123e+01
1.442591326530612150e+02 4.867724489795918430e+01 3.057474489795918515e+01
1.442381972789115707e+02 4.917741496598639372e+01 3.083358843537414984e+01
1.443506632653061104e+02 4.936287414965986642e+01 3.112916666666666643e+01
1.440002551020408248e+02 4.908600340136054285e+01 3.085540816326530589e+01
1.440663265306122582e+02 4.917831632653061291e+01 3.086882653061224602e+01
1.437477380952381054e+02 4.901865646258503517e+01 3.053488095238095212e+01
1.431446598639455772e+02 4.853198979591837059e+01 3.009062925170067970e+01
1.433699149659863963e+02 4.857522108843537723e+01 3.035044217687074664e+01
1.433335884353741392e+02 4.849931972789115520e+01 3.041295918367346829e+01
1.432813605442176765e+02 4.856414965986394350e+01 3.038862244897959286e+01
1.442252380952380975e+02 4.920937074829932101e+01 3.089062925170068041e+01
1.444469727891156481e+02 4.924234693877551194e+01 3.099960884353741619e+01
1.440366326530612184e+02 4.896399659863945431e+01 3.078511904761904816e+01
1.445702891156462613e+02 4.924248299319727806e+01 3.098338435374149569e+01
1.446894727891156549e+02 4.872809523809523569e+01 3.082930272108843539e+01
1.447452551020408293e+02 4.849931972789115520e+01 3.058338435374149711e+01
1.458445918367347076e+02 4.910889455782312751e+01 3.100146258503401242e+01
1.458939625850340178e+02 4.906078231292516989e+01 3.097403061224489917e+01
1.452545068027210959e+02 4.855215986394557603e+01 3.050195578231292615e+01
1.455137414965986409e+02 4.876369047619047592e+01 3.069974489795918515e+01
1.455122108843537490e+02 4.863129251700680555e+01 3.079576530612244767e+01
1.457004591836734733e+02 4.874632653061224374e+01 3.078523809523809618e+01
1.469135034013605434e+02 4.967034013605442055e+01 3.137154761904761813e+01
1.469813775510204152e+02 4.978401360544217624e+01 3.152568027210884338e+01
1.461013265306122548e+02 4.925937074829931817e+01 3.117255102040816439e+01
1.457467517006802780e+02 4.915557823129251602e+01 3.116273809523809390e+01
1.455644047619047683e+02 4.897559523809523796e+01 3.104389455782312979e+01
1.457378061224489727e+02 4.894064625850339922e+01 3.098501700680272108e+01
1.462662925170068036e+02 4.947598639455782177e+01 3.113435374149660007e+01
1.457393027210884213e+02 4.899578231292517216e+01 3.069600340136054584e+01
1.455853741496598559e+02 4.878158163265305802e+01 3.042205782312925066e+01
1.462177721088435476e+02 4.924443877551020421e+01 3.061933673469387784e+01
1.462258333333333269e+02 4.933938775510203811e+01 3.057265306122448933e+01
1.466744557823129185e+02 4.946149659863945658e+01 3.057215986394557916e+01
1.470860544217686936e+02 4.972338435374149412e+01 3.069447278911564680e+01
1.465897108843537353e+02 4.946454081632653299e+01 3.033875850340136182e+01
1.466200170068027262e+02 4.942517006802721369e+01 3.035479591836734770e+01
1.471531122448979545e+02 4.983624149659863889e+01 3.058166666666666700e+01
1.467977380952380884e+02 4.963370748299319501e+01 3.042967687074829897e+01
1.471794557823129139e+02 4.991916666666666913e+01 3.065037414965986429e+01
1.476375170068027103e+02 5.023352040816326536e+01 3.099651360544217837e+01
1.467509013605442192e+02 4.965545918367347156e+01 3.072673469387754963e+01
1.466126020408163129e+02 4.971301020408163396e+01 3.065377551020408120e+01
1.472018367346938703e+02 4.992527210884353650e+01 3.088537414965986372e+01
1.467264115646258631e+02 4.954814625850340093e+01 3.079884353741496739e+01
1.468909693877550922e+02 4.947758503401360741e+01 3.096030612244897995e+01
1.472676020408163140e+02 4.961311224489796246e+01 3.120020408163265202e+01
1.455314795918367281e+02 4.872938775510203868e+01 3.035957482993197232e+01
1.438724319727891157e+02 4.844335034013605679e+01 2.998086734693877631e+01
1.430322619047618957e+02 4.859751700680271824e+01 3.013517006802721099e+01
1.417451530612244994e+02 4.800875850340135997e+01 2.974663265306122284e+01
1.413533333333333246e+02 4.799450680272109082e+01 2.959583333333333499e+01
1.415373129251700561e+02 4.811693877551020648e+01 2.979494897959183675e+01
1.415420238095238119e+02 4.782350340136054712e+01 2.975913265306122568e+01
1.418620238095238051e+02 4.791556122448979238e+01 2.992807823129251688e+01
1.421058333333333223e+02 4.804275510204081456e+01 3.006297619047619207e+01
1.420398639455782188e+02 4.762709183673469227e+01 2.988306122448979707e+01
1.419216326530612378e+02 4.749722789115646293e+01 2.983823129251700834e+01
1.415861734693877452e+02 4.728534013605442254e+01 2.970442176870748341e+01
1.410855442176870724e+02 4.724056122448979522e+01 2.915729591836734613e+01
1.418909353741496489e+02 4.809180272108843468e+01 2.936840136054421890e+01
1.418883503401360429e+02 4.839979591836734585e+01 2.926666666666666572e+01
1.410541666666666742e+02 4.792552721088435419e+01 2.866836734693877631e+01
1.407050680272108707e+02 4.754022108843537353e+01 2.847853741496598801e+01
1.399923129251700686e+02 4.710224489795918146e+01 2.808181972789115477e+01
1.396173469387755119e+02 4.688804421768707442e+01 2.789707482993197374e+01
1.401325340136054365e+02 4.718057823129251460e+01 2.815666666666666629e+01
1.397805612244897873e+02 4.716755102040816183e+01 2.804326530612244994e+01
1.395947789115646174e+02 4.703292517006802598e+01 2.796477891156462547e+01
1.405786564625850303e+02 4.758176870748299336e+01 2.835338435374149668e+01
1.405926020408163311e+02 4.751561224489795876e+01 2.844146258503401370e+01
1.402888265306122548e+02 4.729867346938775796e+01 2.828634353741496454e+01
1.410607142857142833e+02 4.774433673469387429e+01 2.865904761904761955e+01
1.406753061224489727e+02 4.735392857142856826e+01 2.836790816326530518e+01
1.403578911564625855e+02 4.663064625850340406e+01 2.846284013605442098e+01
1.413988945578231267e+02 4.693588435374149981e+01 2.921302721088435206e+01
1.417360034013605343e+02 4.689011904761904503e+01 2.942503401360544046e+01
1.415621088435374020e+02 4.650865646258503716e+01 2.938328231292517145e+01
1.417170408163265165e+02 4.656746598639455925e+01 2.945588435374149583e+01
1.414037074829931839e+02 4.611982993197278802e+01 2.919770408163265429e+01
1.406738605442176890e+02 4.559137755102040757e+01 2.883328231292517074e+01
1.404854931972789132e+02 4.555971088435374128e+01 2.881391156462585101e+01
1.401154591836734653e+02 4.522142857142856798e+01 2.868605442176870923e+01
1.402444047619047751e+02 4.525178571428571672e+01 2.861780612244897881e+01
1.407367517006802586e+02 4.570091836734693658e+01 2.892721088435374099e+01
1.405129931972789166e+02 4.547981292517006580e+01 2.894814625850340306e+01
1.404782312925169947e+02 4.531231292517006892e+01 2.893035714285714377e+01
1.407220918367347053e+02 4.548772108843537154e+01 2.890025510204081627e+01
1.402143707482993307e+02 4.527886054421768591e+01 2.872151360544217624e+01
1.407111054421768586e+02 4.539195578231292671e+01 2.869522108843537467e+01
1.410006122448979511e+02 4.570251700680272222e+01 2.889557823129251801e+01
1.404208843537414850e+02 4.530952380952381020e+01 2.846687074829932129e+01
1.410088095238095320e+02 4.550450680272108883e+01 2.865651360544217852e+01
1.415283843537415009e+02 4.585869047619047478e+01 2.897360544217687206e+01
1.409443027210884338e+02 4.541625850340135884e+01 2.863683673469387614e+01
1.410178571428571388e+02 4.540173469387755034e+01 2.863792517006802640e+01
1.415446938775510262e+02 4.553836734693877730e+01 2.885508503401360514e+01
1.410974659863945533e+02 4.529532312925169890e+01 2.866309523809523796e+01
1.413576870748299257e+02 4.543003401360544302e+01 2.871278911564625957e+01
1.417851360544217698e+02 4.565178571428571530e+01 2.887377551020408006e+01
1.410431292517006909e+02 4.523574829931973085e+01 2.853215986394557646e+01
1.415973469387755017e+02 4.546047619047619293e+01 2.880093537414965965e+01
1.424779931972789200e+02 4.607775510204081826e+01 2.924586734693877688e+01
1.419268537414965863e+02 4.571438775510203811e+01 2.890695578231292373e+01
1.413755102040816212e+02 4.591352040816326507e+01 2.855387755102040970e+01
1.416574149659863906e+02 4.621265306122448635e+01 2.850159863945578209e+01
1.411911904761904850e+02 4.605205782312925322e+01 2.816180272108843496e+01
1.416868027210884406e+02 4.648738095238095269e+01 2.817328231292517060e+01
1.424023469387755085e+02 4.700253401360544103e+01 2.851926870748299336e+01
1.423262244897959192e+02 4.674899659863945800e+01 2.847221088435374270e+01
1.426164795918367361e+02 4.691437074829931930e+01 2.851326530612244881e+01
1.427681632653061286e+02 4.712409863945578081e+01 2.871784013605442354e+01
1.424862414965986375e+02 4.679443877551020137e+01 2.842003401360544146e+01
1.423342517006802836e+02 4.669767006802720744e+01 2.845812925170067942e+01
1.418133333333333326e+02 4.664544217687074479e+01 2.832095238095238088e+01
1.414621768707482943e+02 4.641724489795918629e+01 2.814175170068027043e+01
1.423466326530612207e+02 4.697726190476190311e+01 2.854090136054421833e+01
1.423507312925169970e+02 4.711545918367347241e+01 2.848260204081632807e+01
1.418107653061224482e+02 4.664700680272108713e+01 2.824506802721088405e+01
1.417632993197278779e+02 4.654632653061224801e+01 2.932260204081632793e+01
1.410985034013605457e+02 4.625768707482993136e+01 2.976579931972788984e+01
1.405772448979591900e+02 4.604583333333333428e+01 2.980488095238095170e+01
1.409469727891156481e+02 4.655295918367347241e+01 3.039625850340135926e+01
1.397899489795918271e+02 4.636098639455781978e+01 3.028025510204081527e+01
1.380162585034013603e+02 4.588840136054421492e+01 2.979661564625850190e+01
1.375498979591836815e+02 4.597321428571428470e+01 2.986250000000000071e+01
1.365202551020408066e+02 4.566877551020407822e+01 2.970641156462584931e+01
1.356188945578231255e+02 4.524511904761904901e+01 2.927646258503401455e+01
1.360870408163265211e+02 4.532008503401360855e+01 2.946414965986394563e+01
1.359167346938775438e+02 4.502180272108843440e+01 2.948931972789115719e+01
1.356768027210884213e+02 4.480489795918367690e+01 2.924715986394557987e+01
1.367414115646258495e+02 4.528183673469387571e+01 2.975119047619047663e+01
1.365697959183673333e+02 4.504709183673469397e+01 2.983219387755102048e+01
1.357731292517006807e+02 4.453219387755102332e+01 2.943979591836734855e+01
1.358618027210884236e+02 4.520052721088435277e+01 2.906100340136054427e+01
1.354281292517006818e+02 4.525869047619047336e+01 2.864986394557823246e+01
1.348323979591836803e+02 4.499877551020408362e+01 2.807998299319728019e+01
1.348856122448979704e+02 4.517141156462584917e+01 2.807047619047618880e+01
1.346996428571428623e+02 4.501863945578231352e+01 2.800052721088435348e+01
1.347022448979591900e+02 4.522843537414966164e+01 2.796789115646258495e+01
1.349643707482993307e+02 4.558403061224489505e+01 2.822329931972788941e+01
1.344415476190476113e+02 4.521323129251700834e+01 2.799731292517006764e+01
1.338987074829931885e+02 4.501853741496598360e+01 2.784443877551020563e+01
1.338383503401360599e+02 4.512396258503401469e+01 2.781544217687075005e+01
1.333516836734693811e+02 4.470280612244897611e+01 2.756309523809523654e+01
1.336226020408163322e+02 4.468726190476190396e+01 2.754448979591836633e+01
1.342612244897959215e+02 4.513159863945578110e+01 2.772171768707482897e+01
1.338508163265306052e+02 4.483850340136054768e+01 2.754125850340135884e+01
1.341663775510204175e+02 4.474664965986394805e+01 2.765943877551020336e+01
1.347240816326530535e+02 4.486447278911564496e+01 2.845234693877550924e+01
1.344625170068027273e+02 4.432625850340136253e+01 2.855062925170068056e+01
1.346581802721088366e+02 4.420083333333333542e+01 2.871141156462585187e+01
1.349184523809523739e+02 4.423391156462584917e+01 2.914392857142857096e+01
1.341828911564625741e+02 4.360568027210884168e+01 2.888051020408163438e+01
1.347588605442176970e+02 4.379836734693877531e+01 2.900760204081632665e+01
1.356380272108843599e+02 4.422943877551020364e+01 2.941899659863945615e+01
1.352489455782312859e+02 4.393848639455782035e+01 2.921799319727891131e+01
1.352258503401360485e+02 4.393943877551020449e+01 2.918775510204081769e+01
1.358922789115646310e+02 4.424374149659863775e+01 2.954102040816326635e+01
1.351654931972789200e+02 4.389028911564626156e+01 2.910372448979591908e+01
1.351903911564625957e+02 4.385729591836734897e+01 2.898814625850340221e+01
1.357456122448979556e+02 4.418812925170067984e+01 2.930763605442176711e+01
1.353826020408163231e+02 4.392715986394557603e+01 2.910551020408163225e+01
1.354174319727891032e+02 4.407301020408163339e+01 2.904391156462585144e+01
1.361031972789115514e+02 4.442678571428571388e+01 2.904875850340135912e+01
1.361897108843537296e+02 4.437782312925170203e+01 2.878020408163265387e+01
1.362722619047619048e+02 4.456649659863945345e+01 2.862598639455782390e+01
1.362593197278911532e+02 4.450098639455782035e+01 2.872251700680272180e+01
1.358969727891156367e+02 4.419965986394557689e+01 2.846198979591836675e+01
1.361917346938775495e+02 4.438323129251701005e+01 2.854683673469387628e+01
1.362304931972789177e+02 4.439369047619047848e+01 2.860569727891156333e+01
1.362395748299319678e+02 4.417399659863945516e+01 2.839930272108843567e+01
1.368741836734693891e+02 4.458863945578231380e+01 2.869612244897959030e+01
1.369114795918367236e+02 4.476348639455782319e+01 2.864620748299319786e+01
1.366475340136054513e+02 4.436637755102040614e+01 2.853049319727891131e+01
1.369504931972789166e+02 4.455090136054421635e+01 2.876792517006802896e+01
1.368639455782312950e+02 4.468066326530612287e+01 2.882591836734694013e+01
1.366570748299319860e+02 4.446914965986394463e+01 2.855642857142857238e+01
1.376706122448979670e+02 4.493591836734693601e+01 2.899214285714285566e+01
1.378220068027210914e+02 4.495736394557822990e+01 2.911988095238095298e+01
1.378761224489796007e+02 4.485125850340136111e+01 2.892506802721088377e+01
1.384584183673469511e+02 4.522639455782312723e+01 2.909326530612245065e+01
1.381542857142857201e+02 4.514292517006802541e+01 2.906455782312925251e+01
1.376311394557823178e+02 4.481336734693877588e+01 2.876537414965986272e+01
1.382201190476190504e+02 4.510130952380952607e+01 2.910064625850340292e+01
1.379768537414965976e+02 4.498178571428571360e+01 2.901477891156462618e+01
1.378614795918367406e+02 4.496877551020408248e+01 2.895207482993197345e+01
1.387019217687074786e+02 4.562068027210884225e+01 2.938505102040816297e+01
1.387498809523809484e+02 4.559670068027210732e+01 2.947996598639455712e+01
1.383972789115646265e+02 4.544484693877551251e+01 2.926930272108843667e+01
1.389198639455782427e+02 4.585299319727891287e+01 2.949896258503401469e+01
1.386961904761904805e+02 4.566127551020408504e+01 2.946180272108843567e+01
1.385108503401360451e+02 4.554098639455782660e+01 2.926617346938775555e+01
1.390280612244897895e+02 4.602751700680271796e+01 2.956571428571428584e+01
1.386407142857142958e+02 4.536974489795918686e+01 3.014406462585034063e+01
1.377581462585033876e+02 4.487671768707483011e+01 3.011219387755102161e+01
1.368910544217687004e+02 4.478673469387754835e+01 3.030333333333333456e+01
1.352931632653061342e+02 4.430624149659863775e+01 2.995095238095237988e+01
1.337057653061224585e+02 4.379447278911564467e+01 2.972994897959183547e+01
1.328587414965986397e+02 4.384465986394558001e+01 2.959081632653061078e+01
1.319253741496598593e+02 4.344952380952381077e+01 2.927574829931972644e+01
1.316953571428571479e+02 4.322011904761905043e+01 2.927146258503401199e+01
1.319285374149659731e+02 4.332632653061224204e+01 2.941454081632653228e+01
1.315720578231292563e+02 4.296260204081632850e+01 2.913137755102040671e+01
1.322957482993197402e+02 4.303481292517006551e+01 2.930146258503401313e+01
1.329048299319727846e+02 4.339532312925170032e+01 2.962382653061224502e+01
1.323871768707483056e+02 4.293872448979591638e+01 2.926607142857142918e+01
1.326953911564625912e+02 4.281988095238095582e+01 2.934704081632652972e+01
1.330718537414965965e+02 4.312142857142857366e+01 2.958022108843537268e+01
1.315228741496598559e+02 4.290472789115646179e+01 2.853171768707483125e+01
1.315352380952380997e+02 4.326613945578231579e+01 2.808534013605442325e+01
1.320458843537414850e+02 4.380709183673469198e+01 2.835593537414965937e+01
1.314129931972789223e+02 4.353651360544217397e+01 2.787096938775510324e+01
1.314379931972788995e+02 4.367612244897959073e+01 2.773022108843537481e+01
1.318287074829931953e+02 4.384049319727891003e+01 2.793144557823129404e+01
1.312662585034013603e+02 4.349467687074830025e+01 2.769414965986394606e+01
1.315593027210884429e+02 4.371447278911564638e+01 2.773656462585034177e+01
1.320659523809523819e+02 4.405397959183673606e+01 2.809510204081632523e+01
1.315589965986394532e+02 4.365923469387755063e+01 2.770051020408163112e+01
1.321136734693877486e+02 4.395632653061224460e+01 2.789831632653061178e+01
1.328949319727891236e+02 4.443352040816326820e+01 2.822790816326530461e+01
1.326814455782312905e+02 4.432971088435374440e+01 2.807673469387755105e+01
1.337977891156462533e+02 4.496564625850340491e+01 2.853513605442176981e+01
1.350534353741496716e+02 4.577501700680272023e+01 2.919984693877551152e+01
1.356219387755102161e+02 4.547460884353741761e+01 2.907369047619047464e+01
1.361657312925169947e+02 4.563962585034013841e+01 2.909765306122449147e+01
1.365664965986394463e+02 4.561862244897959329e+01 2.921020408163265358e+01
1.368262414965986409e+02 4.539607142857143174e+01 2.920331632653061149e+01
1.375860544217686936e+02 4.593380952380952209e+01 2.956336734693877588e+01
1.379182482993197141e+02 4.607899659863945629e+01 2.968818027210884480e+01
1.379315306122448987e+02 4.596107142857142946e+01 2.959775510204081783e+01
1.381610544217687107e+02 4.607418367346938481e+01 2.974494897959183604e+01
1.380326360544217721e+02 4.608163265306122724e+01 2.970183673469387742e+01
1.383592006802720960e+02 4.619326530612244852e+01 2.980360544217687035e+01
1.394746088435374247e+02 4.698646258503401185e+01 3.039205782312925308e+01
1.395296598639455681e+02 4.716668367346938595e+01 3.036030612244897853e+01
1.393562925170068070e+02 4.698598639455781978e+01 3.036459183673469298e+01
1.399829761904761938e+02 4.733085034013605252e+01 3.071744897959183618e+01
1.400545238095238005e+02 4.764232993197278887e+01 3.076066326530612116e+01
1.411442857142857008e+02 4.772287414965986585e+01 3.102955782312925237e+01
1.426070408163265313e+02 4.824404761904762040e+01 3.151377551020408063e+01
1.419830102040816371e+02 4.757404761904761870e+01 3.135294217687074791e+01
1.412629251700680300e+02 4.711161564625850673e+01 3.102969387755102204e+01
1.419849659863945703e+02 4.756161564625850247e+01 3.123399659863945743e+01
1.418043537414966124e+02 4.732818027210884537e+01 3.110100340136054342e+01
1.414577380952380850e+02 4.696270408163265131e+01 3.090511904761904916e+01
1.420255272108843485e+02 4.746943877551020563e+01 3.114369047619047493e+01
1.419349149659863940e+02 4.725653061224489448e+01 3.112255102040816368e+01
1.415276360544217766e+02 4.708057823129252029e+01 3.082353741496598687e+01
1.419297278911564604e+02 4.725329931972789410e+01 3.115450680272108741e+01
1.416114455782312973e+02 4.698998299319728034e+01 3.108273809523809561e+01
1.417954421768707505e+02 4.697091836734693970e+01 3.099062925170068183e+01
1.429953741496598525e+02 4.786328231292517188e+01 3.160551020408163225e+01
1.434064455782312848e+02 4.809979591836734869e+01 3.193039115646258352e+01
1.435935544217687152e+02 4.857346938775510381e+01 3.141250000000000142e+01
1.440248129251700675e+02 4.922120748299320070e+01 3.125527210884353835e+01
1.437510204081632708e+02 4.928352040816326252e+01 3.083301020408163140e+01
1.440074999999999932e+02 4.948459183673469397e+01 3.070278911564625801e+01
1.445490306122449056e+02 5.000136054421768961e+01 3.093042517006802683e+01
1.443925000000000125e+02 4.983365646258503290e+01 3.085295918367346957e+01
1.446531972789115628e+02 4.986312925170067700e+01 3.083273809523809561e+01
1.446638095238095332e+02 4.984204081632653072e+01 3.084659863945578095e+01
1.438547448979591934e+02 4.913812925170068269e+01 3.037528911564625744e+01
1.437342006802720960e+02 4.880547619047619179e+01 3.015221088435374241e+01
1.438700510204081695e+02 4.885017006802721085e+01 3.026914965986394535e+01
1.436729931972789132e+02 4.880914965986394805e+01 3.002323129251700706e+01
1.442156292517006761e+02 4.908639455782312666e+01 3.015818027210884367e+01
1.447593537414965965e+02 4.947403061224489562e+01 3.044768707482993264e+01
1.445449659863945442e+02 4.941013605442176981e+01 3.038596938775510381e+01
1.457333843537414850e+02 4.991171768707482670e+01 3.118671768707482883e+01
1.468287585034013603e+02 5.050513605442176868e+01 3.210537414965986613e+01
1.462860204081632673e+02 4.995023809523809177e+01 3.188935374149659907e+01
1.464921258503401305e+02 5.006207482993197289e+01 3.194243197278911595e+01
1.467187074829932101e+02 4.993770408163265273e+01 3.205020408163264989e+01
1.460004081632653197e+02 4.967659863945578280e+01 3.190549319727891131e+01
1.460802040816326439e+02 5.023875850340136395e+01 3.215527210884354048e+01
1.457366156462585138e+02 5.070209183673469511e+01 3.237833333333333030e+01
1.441432142857142935e+02 5.023869047619047734e+01 3.195108843537414955e+01
1.430181292517006852e+02 5.020899659863945885e+01 3.159833333333333272e+01
1.427349659863945703e+02 5.005396258503401441e+01 3.154965986394557831e+01
1.420732142857142719e+02 4.950375850340135742e+01 3.133321428571428413e+01
1.420336564625850428e+02 4.946591836734693715e+01 3.130202380952380992e+01
1.418778911564625957e+02 4.934675170068027228e+01 3.114158163265306101e+01
1.415248129251700675e+02 4.872323129251700635e+01 3.091034013605442254e+01
1.416363605442176947e+02 4.925435374149660106e+01 3.094598639455782418e+01
1.419427210884353769e+02 4.967999999999999972e+01 3.117440476190476062e+01
1.420446598639455829e+02 4.981988095238095582e+01 3.111221088435374327e+01
1.423753061224489898e+02 5.009588435374149640e+01 3.126331632653061376e+01
1.418967176870748403e+02 4.995387755102040472e+01 3.104022108843537353e+01
1.411553231292517125e+02 4.923399659863945743e+01 3.044238095238095099e+01
1.415757993197278779e+02 4.962093537414965994e+01 3.057889455782312993e+01
1.417621088435374190e+02 4.990059523809523512e+01 3.077721088435374241e+01
1.421259013605442192e+02 5.013595238095238216e+01 3.103117346938775611e+01
1.425994557823129298e+02 5.070139455782312865e+01 3.140292517006802697e+01
1.417548299319727789e+02 5.011491496598639372e+01 3.110387755102040686e+01
1.410111054421768699e+02 4.959122448979591979e+01 3.071285714285714263e+01
1.417656292517006875e+02 5.002891156462585087e+01 3.093161564625850346e+01
1.411755272108843542e+02 4.957086734693877617e+01 3.064465986394557717e+01
1.407118537414966113e+02 4.920205782312925180e+01 3.038579931972789083e+01
1.415428741496598661e+02 4.947491496598639316e+01 3.086011904761904745e+01
1.415773809523809632e+02 4.927938775510204295e+01 3.076280612244897839e+01
1.415055782312925032e+02 4.906435374149659623e+01 3.064860544217686922e+01
1.425684353741496579e+02 4.953185374149659737e+01 3.117369047619047606e+01
1.427085034013605309e+02 4.949598639455782489e+01 3.129591836734693899e+01
1.427192857142857179e+02 4.937010204081632736e+01 3.104282312925170118e+01
1.437194557823129344e+02 4.996559523809523995e+01 3.142387755102040714e+01
1.439606802721088457e+02 4.990365646258503318e+01 3.148612244897959300e+01
1.440869387755101911e+02 4.997430272108843496e+01 3.142697278911564496e+01
1.447724659863945647e+02 5.054336734693877276e+01 3.189894557823129162e+01
1.445067687074829905e+02 5.020010204081632565e+01 3.178806122448979465e+01
1.440565646258503421e+02 4.982826530612244653e+01 3.148789115646258452e+01
1.441785204081632514e+02 5.004950680272109054e+01 3.148335034013605593e+01
1.439312755102040740e+02 4.971324829931972999e+01 3.122690476190476261e+01
1.440858163265306189e+02 4.953784013605442027e+01 3.131462585034013557e+01
1.446627210884353758e+02 4.978880952380952607e+01 3.163806122448979607e+01
1.446459183673469511e+02 4.947447278911564439e+01 3.152469387755101948e+01
1.449078911564625969e+02 4.931130952380952692e+01 3.162534013605442240e+01
1.451189965986394554e+02 4.947103741496598417e+01 3.182469387755102019e+01
1.445157823129251824e+02 4.907998299319727664e+01 3.145918367346938638e+01
1.448828911564625912e+02 4.911486394557822877e+01 3.162049319727891117e+01
1.451921938775510341e+02 4.938066326530612571e+01 3.191488095238095113e+01
1.446639455782313064e+02 4.896629251700679930e+01 3.162324829931972658e+01
1.449298129251700686e+02 4.907226190476190197e+01 3.167037414965986386e+01
1.452505612244897861e+02 4.922853741496598445e+01 3.179210884353741662e+01
1.444690816326530580e+02 4.880267006802721141e+01 3.135693877551020492e+01
1.448170238095238176e+02 4.895369047619047365e+01 3.160108843537414813e+01
1.453588095238095264e+02 4.929959183673469170e+01 3.184789115646258395e+01
1.448795578231292609e+02 4.895821428571428413e+01 3.158158163265306229e+01
1.454628741496598536e+02 4.931144557823129304e+01 3.179003401360544245e+01
1.457239115646258369e+02 4.968792517006802711e+01 3.228171768707483125e+01
1.449944897959183550e+02 4.924301020408163510e+01 3.208306122448979636e+01
1.451326190476190447e+02 4.966430272108843269e+01 3.223352040816326536e+01
1.455900850340136117e+02 4.993367346938775597e+01 3.255081632653061519e+01
1.451832823129251722e+02 4.971321428571428669e+01 3.228770408163265415e+01
1.453560884353741471e+02 4.989989795918367577e+01 3.241619047619047933e+01
1.456147278911564626e+02 5.010704081632653129e+01 3.258537414965986301e+01
1.453404081632652947e+02 4.976256802721088235e+01 3.249193877551020648e+01
1.457248639455782211e+02 5.023797619047618923e+01 3.266746598639456067e+01
1.459530612244898009e+02 5.043909863945578564e+01 3.291748299319728233e+01
1.456365816326530478e+02 5.011811224489795791e+01 3.275712585034013813e+01
1.457437585034013523e+02 5.018687074829932016e+01 3.269955782312925407e+01
1.457803741496598775e+02 5.027452380952380651e+01 3.270037414965986500e+01
1.455112414965986432e+02 5.004129251700680214e+01 3.248807823129251915e+01
1.459014625850340110e+02 5.030477891156462533e+01 3.278423469387755063e+01
1.455353741496598730e+02 5.052617346938775711e+01 3.271147959183673493e+01
1.449073979591836689e+02 5.011687074829931987e+01 3.241767006802721340e+01
1.449970068027210743e+02 5.014301020408163367e+01 3.242547619047618923e+01
1.442570748299319803e+02 4.980823129251700720e+01 3.208957482993197630e+01
1.429918367346938908e+02 4.904003401360544245e+01 3.147338435374149768e+01
1.417921938775510284e+02 4.884112244897958988e+01 3.132425170068027143e+01
1.395757482993197414e+02 4.817593537414965965e+01 3.059319727891156404e+01
1.380174829931972909e+02 4.743681972789115520e+01 2.992770408163265472e+01
1.377988945578231323e+02 4.756253401360544331e+01 2.996530612244897895e+01
1.369275680272108957e+02 4.701918367346938510e+01 2.961455782312925322e+01
1.365410544217687061e+02 4.668056122448979295e+01 2.936379251700680371e+01
1.373056632653061229e+02 4.706736394557822933e+01 2.985714285714285765e+01
1.371635034013605434e+02 4.670384353741496852e+01 2.972974489795918274e+01
1.369982142857142833e+02 4.650362244897959130e+01 2.945477891156462746e+01
1.380783843537414839e+02 4.697420068027211215e+01 2.989045918367347099e+01
1.380679591836734801e+02 4.665068027210884338e+01 3.003799319727891159e+01
1.377935714285714255e+02 4.623518707482993051e+01 2.998887755102040842e+01
1.382029761904761926e+02 4.661505102040815984e+01 3.047845238095237974e+01
1.381321258503401452e+02 4.652214285714286035e+01 3.044717687074830081e+01
1.383103911564625719e+02 4.631423469387755176e+01 3.051688775510204010e+01
1.394318197278911668e+02 4.701414965986394634e+01 3.090239795918367349e+01
1.395651020408163276e+02 4.686081632653061035e+01 3.091501700680272080e+01
1.394920238095238005e+02 4.674382653061224602e+01 3.077299319727891103e+01
1.394413265306122582e+02 4.690081632653060950e+01 3.087438775510204181e+01
1.391136564625850269e+02 4.666437074829931930e+01 3.057125850340135997e+01
1.393039795918367361e+02 4.670678571428571502e+01 3.069251700680272066e+01
1.396789285714285711e+02 4.712656462585034234e+01 3.084292517006802825e+01
1.395397789115646390e+02 4.689767006802721028e+01 3.072287414965986230e+01
1.399795918367346985e+02 4.707767006802720999e+01 3.099289115646258352e+01
1.404317517006802802e+02 4.747806122448979238e+01 3.115697278911564538e+01
1.399132482993197186e+02 4.717484693877550939e+01 3.079540816326530717e+01
1.399425340136054388e+02 4.713290816326530575e+01 3.059506802721088548e+01
1.399755272108843656e+02 4.717705782312925322e+01 3.067862244897959201e+01
1.394098639455782234e+02 4.711675170068027541e+01 3.045812925170067942e+01
1.403577891156462556e+02 4.768634353741496312e+01 3.088348639455782418e+01
1.410250680272108923e+02 4.826909863945578394e+01 3.127518707482993321e+01
1.398772448979591729e+02 4.760551020408163225e+01 3.083034013605442070e+01
1.396719557823129207e+02 4.752977891156462675e+01 3.061486394557823232e+01
1.398467346938775506e+02 4.758290816326530859e+01 3.083942176870748142e+01
1.393056972789115662e+02 4.735020408163265415e+01 3.054916666666666814e+01
1.398504931972789223e+02 4.779700680272108571e+01 3.083375850340135926e+01
1.402503401360544331e+02 4.795488095238095383e+01 3.115994897959183518e+01
1.391467176870748403e+02 4.745032312925170004e+01 3.078784013605442027e+01
1.391476360544217812e+02 4.745129251700680584e+01 3.069255102040816396e+01
1.392998469387755165e+02 4.763255102040816524e+01 3.089076530612245008e+01
1.392506462585033944e+02 4.701760204081632821e+01 3.037384353741496668e+01
1.392569047619047637e+02 4.679057823129251403e+01 3.003850340136054342e+01
1.396190986394557854e+02 4.671069727891156731e+01 2.990350340136054541e+01
1.395804421768707471e+02 4.646863945578231636e+01 2.976724489795918416e+01
1.404509353741496511e+02 4.702369047619047393e+01 3.003916666666666657e+01
1.409394217687074899e+02 4.732054421768707186e+01 3.021222789115646279e+01
1.407083333333333428e+02 4.703350340136054086e+01 3.003591836734693743e+01
1.411484863945578354e+02 4.717399659863945516e+01 3.014459183673469411e+01
1.413929421768707471e+02 4.733673469387755262e+01 3.034096938775510210e+01
1.416738775510204107e+02 4.727159863945578167e+01 3.036481292517006736e+01
1.423489455782312803e+02 4.762011904761904901e+01 3.061493197278911538e+01
1.421299489795918305e+02 4.753346938775510466e+01 3.055637755102040742e+01
1.421704081632653072e+02 4.731877551020408390e+01 3.041712585034013472e+01
1.430231802721088457e+02 4.766277210884354076e+01 3.068404761904761813e+01
1.429474659863945476e+02 4.776267006802721227e+01 3.062511904761904802e+01
1.424592857142857270e+02 4.771107142857142946e+01 3.040420068027210831e+01
1.426985714285714266e+02 4.824532312925170174e+01 3.048804421768707584e+01
1.421302721088435419e+02 4.814314625850339979e+01 3.014297619047619037e+01
1.418378571428571320e+02 4.795090136054421492e+01 2.987882653061224403e+01
1.427459183673469454e+02 4.844858843537414828e+01 3.038722789115646350e+01
1.431223639455782290e+02 4.870863945578231125e+01 3.042692176870748355e+01
1.433350000000000080e+02 4.885913265306122355e+01 3.059241496598639287e+01
1.439404081632653174e+02 4.915573129251700379e+01 3.069602040816326394e+01
1.431972278911564729e+02 4.862574829931973142e+01 3.033734693877551081e+01
1.425782653061224607e+02 4.836447278911564496e+01 3.002576530612244810e+01
1.436029251700680334e+02 4.906493197278911822e+01 3.065921768707482897e+01
1.439848639455782404e+02 4.931397959183673407e+01 3.079098639455782305e+01
1.437962244897959181e+02 4.937794217687074649e+01 3.082977891156462746e+01
1.439300680272108934e+02 4.975542517006802967e+01 3.087482993197279058e+01
1.423918537414965897e+02 4.928942176870748426e+01 3.045632653061224460e+01
1.407071428571428555e+02 4.836542517006802910e+01 2.979634353741496611e+01
1.398935204081632548e+02 4.825277210884353707e+01 2.968858843537415027e+01
1.393331462585034046e+02 4.790559523809523768e+01 2.952226190476190482e+01
1.391675340136054331e+02 4.772952380952381191e+01 2.948100340136054598e+01
1.391949149659863849e+02 4.785108843537415169e+01 2.970335034013605480e+01
1.387302551020408146e+02 4.728304421768707755e+01 2.944017006802721070e+01
1.386469217687074718e+02 4.703561224489796189e+01 2.929654761904761884e+01
1.388793197278911578e+02 4.722496598639455812e+01 2.949620748299319573e+01
1.386672789115646367e+02 4.690991496598639543e+01 2.937040816326530646e+01
1.388905612244898009e+02 4.700610544217686737e+01 2.944654761904761742e+01
1.391021768707483091e+02 4.718287414965986670e+01 2.964207482993197118e+01
1.383948469387755154e+02 4.678232993197278944e+01 2.940175170068027199e+01
1.383529421768707550e+02 4.657369047619047819e+01 2.929304421768707556e+01
1.385504081632653026e+02 4.675666666666666771e+01 2.944986394557822962e+01
1.381254761904761779e+02 4.656943877551020705e+01 2.917972789115646393e+01
1.383912074829931953e+02 4.656183673469387685e+01 2.949149659863945416e+01
1.386333843537414907e+02 4.665872448979591525e+01 2.967401360544217681e+01
1.376826530612244994e+02 4.602994897959183618e+01 2.933683673469387898e+01
1.381824149659863963e+02 4.632581632653061376e+01 2.960962585034013728e+01
1.386596768707482852e+02 4.659670068027210732e+01 2.985367346938775412e+01
1.377037244897959170e+02 4.600612244897958902e+01 2.943408163265306143e+01
1.377607993197278802e+02 4.603931972789115434e+01 2.939482993197279015e+01
1.382545408163265392e+02 4.622275510204081428e+01 2.967613945578231238e+01
1.376256632653061160e+02 4.574551020408163282e+01 2.937078231292516861e+01
1.379470918367346997e+02 4.576846938775510409e+01 2.937290816326530773e+01
1.386263605442176754e+02 4.610137755102040558e+01 2.969301020408163438e+01
1.383318537414965874e+02 4.584637755102041012e+01 2.943100340136054527e+01
1.392207312925170015e+02 4.622173469387755063e+01 2.975858843537415055e+01
1.399053231292517125e+02 4.662105442176870440e+01 3.011093537414965837e+01
1.395524149659864008e+02 4.623532312925170373e+01 2.998530612244897853e+01
1.399069557823129344e+02 4.632561224489796103e+01 2.986967687074830025e+01
1.400358503401360508e+02 4.642853741496598730e+01 2.973467687074829868e+01
1.396556292517006739e+02 4.599979591836734727e+01 2.945549319727891202e+01
1.397021768707483034e+02 4.584306122448979437e+01 2.938263605442176996e+01
1.398025510204081741e+02 4.597292517006802370e+01 2.938904761904761997e+01
1.400196598639455772e+02 4.598052721088435391e+01 2.940617346938775611e+01
1.403373809523809541e+02 4.619734693877551024e+01 2.958277210884353892e+01
1.400299319727891145e+02 4.597078231292517358e+01 2.936360544217686908e+01
1.396217857142857213e+02 4.576877551020407964e+01 2.919658163265306072e+01
1.403112925170067911e+02 4.611797619047619179e+01 2.950590136054421819e+01
1.399465986394557717e+02 4.595906462585033836e+01 2.931727891156462462e+01
1.394635884353741631e+02 4.560926870748298967e+01 2.900952380952380949e+01
1.401851700680272188e+02 4.583804421768707726e+01 2.936336734693877659e+01
1.400524149659864008e+02 4.591642857142856826e+01 2.931125850340136196e+01
1.402057653061224585e+02 4.596971088435374497e+01 2.933943877551020307e+01
1.413747789115646185e+02 4.681685374149660106e+01 3.021508503401360457e+01
1.411839965986394532e+02 4.665761904761905043e+01 3.018913265306122540e+01
1.407224319727891100e+02 4.644714285714285751e+01 3.000212585034013557e+01
1.413118537414966056e+02 4.683333333333333570e+01 3.035049319727891159e+01
1.408983163265306189e+02 4.653811224489795961e+01 3.034061224489795805e+01
1.409334523809523887e+02 4.648295918367347213e+01 3.028108843537415140e+01
1.420503061224489727e+02 4.728989795918367633e+01 3.093023809523809575e+01
1.419756632653061104e+02 4.733193877551020279e+01 3.098984693877551067e+01
1.415067176870748256e+02 4.700945578231292643e+01 3.081860544217687092e+01
1.417296088435374202e+02 4.709433673469387571e+01 3.089040816326530603e+01
1.413052210884353883e+02 4.668615646258503205e+01 3.058554421768707599e+01
1.410981292517006693e+02 4.657675170068026915e+01 3.039409863945578394e+01
1.416153911564625787e+02 4.708343537414965851e+01 3.081705782312925024e+01
1.411034693877550978e+02 4.654316326530612002e+01 3.047625850340136111e+01
1.412977551020408100e+02 4.649928571428571189e+01 3.045989795918367449e+01
1.416644047619047626e+02 4.713702380952381077e+01 3.088903061224489832e+01
1.411280442176870622e+02 4.696287414965986073e+01 3.071215986394557973e+01
1.410650680272108843e+02 4.686748299319727806e+01 3.076112244897959158e+01
1.414518367346938703e+02 4.714056122448979380e+01 3.086200680272108698e+01
1.410470238095238074e+02 4.684227891156462675e+01 3.072268707482993122e+01
1.413936224489795848e+02 4.703093537414965652e+01 3.098210884353741434e+01
1.417337244897959181e+02 4.735984693877551166e+01 3.124112244897959201e+01
1.411247959183673402e+02 4.700593537414965795e+01 3.098787414965986287e+01
1.415240306122448999e+02 4.715292517006803052e+01 3.103559523809523668e+01
1.416365476190476329e+02 4.727448979591837031e+01 3.105267006802721141e+01
1.408822448979591968e+02 4.661891156462584718e+01 3.059059523809523640e+01
1.413822959183673333e+02 4.683175170068027171e+01 3.077326530612245037e+01
1.421960884353741505e+02 4.734838435374149412e+01 3.126517006802720999e+01
1.413483163265306075e+02 4.693950680272109111e+01 3.096488095238095184e+01
1.403815136054421657e+02 4.680486394557823360e+01 3.081937074829932044e+01
1.394397448979591729e+02 4.690729591836734613e+01 3.031778911564626000e+01
1.372915476190476056e+02 4.605967687074829797e+01 2.931596938775510353e+01
1.363702210884353860e+02 4.593102040816326337e+01 2.897173469387755063e+01
1.361236904761904896e+02 4.586977891156462306e+01 2.893697278911564652e+01
1.351967346938775449e+02 4.532350340136054712e+01 2.850197278911564780e+01
1.349116496598639401e+02 4.529158163265306314e+01 2.826738095238095383e+01
1.351125000000000114e+02 4.520984693877551308e+01 2.839564625850340107e+01
1.348728911564625719e+02 4.481297619047619207e+01 2.818750000000000000e+01
1.352220578231292620e+02 4.504034013605442510e+01 2.830455782312925095e+01
1.353068027210884452e+02 4.488037414965986471e+01 2.834006802721088292e+01
1.351430782312925203e+02 4.453232993197278944e+01 2.818865646258503332e+01
1.355329421768707618e+02 4.479035714285713965e+01 2.843690476190476346e+01
1.355873299319727892e+02 4.490336734693877219e+01 2.838721088435374185e+01
1.352405782312925169e+02 4.455375850340136168e+01 2.812707482993197416e+01
1.355355952380952260e+02 4.476994897959183817e+01 2.828578231292517131e+01
1.348405612244897895e+02 4.468335034013605167e+01 2.832522108843537367e+01
1.345140136054421873e+02 4.445328231292516818e+01 2.836678571428571516e+01
1.347461394557823269e+02 4.471705782312925237e+01 2.865804421768707400e+01
1.341644217687074843e+02 4.441431972789115434e+01 2.856181972789115520e+01
1.335059863945578229e+02 4.398598639455781978e+01 2.837831632653061220e+01
1.341659693877550978e+02 4.438668367346938481e+01 2.864340136054421748e+01
1.339259013605442306e+02 4.413394557823129105e+01 2.853916666666666657e+01
1.337109353741496705e+02 4.405680272108843809e+01 2.841319727891156433e+01
1.347241326530612184e+02 4.452287414965986301e+01 2.890761904761904688e+01
1.346630102040816439e+02 4.450078231292516762e+01 2.893285714285714150e+01
1.343578061224489772e+02 4.429367346938775540e+01 2.867329931972789225e+01
1.352302551020408146e+02 4.458239795918367321e+01 2.892433673469387756e+01
1.360991836734693834e+02 4.468561224489796047e+01 2.931103741496598758e+01
1.360408333333333246e+02 4.453772108843537580e+01 2.909760204081632651e+01
1.368783163265306086e+02 4.517119047619047478e+01 2.950015306122449132e+01
1.363200170068027148e+02 4.500343537414966022e+01 2.928957482993197203e+01
1.354054421768707357e+02 4.465277210884353565e+01 2.871846938775510338e+01
1.357628741496598650e+02 4.494367346938775398e+01 2.877215986394557845e+01
1.354929591836734630e+02 4.484498299319727721e+01 2.865704081632653200e+01
1.352276700680272086e+02 4.459695578231292501e+01 2.836362244897959073e+01
1.355983503401360508e+02 4.499229591836734699e+01 2.865066326530612173e+01
1.352158163265306143e+02 4.474943877551020677e+01 2.849801020408163410e+01
1.353529251700680334e+02 4.476763605442177152e+01 2.841377551020408276e+01
1.357054251700680254e+02 4.509763605442176981e+01 2.864030612244897966e+01
1.353043707482993057e+02 4.477644557823128935e+01 2.849460884353741363e+01
1.352754421768707402e+02 4.491168367346939050e+01 2.842632653061224346e+01
1.354728911564625946e+02 4.524732993197278574e+01 2.849476190476190496e+01
1.349579931972789097e+02 4.476683673469387514e+01 2.840295918367347028e+01
1.350152721088435328e+02 4.471141156462584831e+01 2.831232993197279058e+01
1.353390476190476193e+02 4.486807823129251460e+01 2.841573129251700536e+01
1.344778911564625901e+02 4.437984693877550768e+01 2.865011904761904660e+01
1.346710544217687016e+02 4.431989795918367037e+01 2.929318027210884523e+01
1.352127040816326655e+02 4.461506802721088150e+01 2.989527210884353892e+01
1.347563775510204209e+02 4.431052721088435220e+01 2.973530612244897853e+01
1.350833843537415078e+02 4.441775510204081456e+01 2.981761904761904702e+01
1.354338435374149583e+02 4.458210884353741221e+01 3.027467687074829783e+01
1.348044897959183572e+02 4.416168367346939050e+01 2.985323129251700536e+01
1.348770748299319848e+02 4.434862244897959016e+01 3.002085034013605380e+01
1.351483503401360622e+02 4.438678571428571473e+01 3.011278911564625815e+01
1.345444897959183663e+02 4.397545918367347184e+01 2.976020408163265429e+01
1.348884183673469295e+02 4.420658163265306229e+01 2.983018707482993293e+01
1.351631292517006671e+02 4.438377551020408163e+01 3.011222789115646137e+01
1.343478061224489863e+02 4.371636054421768591e+01 2.982551020408163112e+01
1.347100680272108946e+02 4.388229591836734755e+01 2.984870748299319843e+01
1.351221258503401259e+02 4.408775510204081627e+01 3.002498299319728048e+01
1.349427891156462636e+02 4.384414965986394463e+01 2.996991496598639415e+01
1.352465136054421748e+02 4.403794217687075019e+01 3.010117346938775640e+01
1.356730102040816348e+02 4.428270408163265159e+01 3.038879251700680229e+01
1.353976700680272245e+02 4.388664965986394861e+01 3.021811224489795933e+01
1.355597959183673424e+02 4.404326530612244994e+01 3.024547619047618952e+01
1.354140646258503295e+02 4.401556122448979380e+01 3.016765306122448820e+01
1.347767176870748358e+02 4.362047619047618952e+01 2.983212585034013742e+01
1.340471258503401373e+02 4.359547619047619094e+01 2.979244897959183547e+01
1.326134353741496739e+02 4.330085034013605139e+01 2.947802721088435263e+01
1.315456972789115753e+02 4.290003401360544188e+01 2.907311224489795976e+01
1.313792346938775495e+02 4.316136054421768620e+01 2.918253401360544075e+01
1.305339795918367258e+02 4.295874149659864116e+01 2.897476190476190538e+01
1.299085544217687129e+02 4.242908163265305888e+01 2.864428571428571502e+01
1.303471428571428703e+02 4.265619047619047421e+01 2.881408163265306044e+01
1.302217176870748290e+02 4.256773809523809859e+01 2.886022108843537382e+01
1.301403741496598627e+02 4.279937074829931731e+01 2.869542517006802740e+01
1.308273639455782416e+02 4.340108843537414884e+01 2.896113945578231252e+01
1.304507823129251562e+02 4.333901360544217596e+01 2.888098639455782290e+01
1.300068197278911555e+02 4.306576530612245080e+01 2.843532312925169947e+01
1.308861904761904782e+02 4.354241496598639571e+01 2.883666666666666600e+01
1.308114625850340076e+02 4.357239795918367520e+01 2.872440476190476133e+01
1.304540476190476284e+02 4.334940476190476488e+01 2.869088435374149526e+01
1.308253741496598650e+02 4.351921768707482840e+01 2.886338435374149824e+01
1.298451360544217721e+02 4.290877551020408021e+01 2.845333333333333314e+01
1.291833163265306155e+02 4.250904761904762097e+01 2.802057823129251801e+01
1.298614115646258540e+02 4.294375850340136225e+01 2.844102040816326493e+01
1.297351190476190368e+02 4.283209183673469056e+01 2.839287414965986400e+01
1.294440646258503307e+02 4.261624149659864003e+01 2.822318027210884495e+01
1.299949489795918396e+02 4.298668367346938624e+01 2.843064625850340121e+01
1.297138775510204027e+02 4.284794217687074536e+01 2.827304421768707599e+01
1.295892006802721141e+02 4.277292517006802797e+01 2.792278911564625687e+01
1.298687925170067956e+02 4.294675170068027370e+01 2.778996598639455939e+01
1.298949319727891236e+02 4.270802721088435305e+01 2.761726190476190368e+01
1.304760204081632651e+02 4.297246598639456039e+01 2.768797619047619207e+01
1.313773809523809462e+02 4.354078231292516676e+01 2.797755102040816411e+01
1.315172448979591877e+02 4.369690476190476147e+01 2.800363945578231295e+01
1.320246938775510159e+02 4.383965986394557746e+01 2.813200680272109011e+01
1.319547959183673527e+02 4.384149659863945914e+01 2.818474489795918458e+01
1.309431462585033898e+02 4.316488095238095468e+01 2.761705782312925095e+01
1.309641156462585059e+02 4.297185374149659509e+01 2.754729591836734670e+01
1.313810714285714312e+02 4.327511904761905015e+01 2.788261904761904830e+01
1.310561054421768574e+02 4.307166666666666544e+01 2.756241496598639529e+01
1.317763265306122378e+02 4.334622448979591525e+01 2.787693877551020449e+01
1.319287925170067979e+02 4.345918367346938993e+01 2.799088435374149597e+01
1.312621428571428623e+02 4.307612244897958931e+01 2.764698979591836903e+01
1.318747959183673402e+02 4.318527210884353451e+01 2.795918367346938638e+01
1.325107312925169936e+02 4.345607142857142691e+01 2.854790816326530489e+01
1.318003231292516944e+02 4.292566326530612031e+01 2.824644557823129176e+01
1.319398979591836678e+02 4.285639455782312979e+01 2.817986394557823004e+01
1.323237414965986432e+02 4.305892857142857366e+01 2.842362244897959300e+01
1.319141496598639378e+02 4.277918367346939021e+01 2.835727891156462732e+01
1.325106292517006921e+02 4.313503401360544132e+01 2.863537414965986372e+01
1.332760034013605548e+02 4.373280612244897725e+01 2.915195578231292473e+01
1.326101700680272018e+02 4.323085034013605110e+01 2.867649659863945644e+01
1.325329251700680402e+02 4.312600340136054200e+01 2.857608843537414955e+01
1.325860204081632787e+02 4.302382653061224715e+01 2.866122448979592008e+01
1.322198979591836689e+02 4.270508503401360656e+01 2.834967687074830067e+01
1.324493877551020375e+02 4.287654761904762069e+01 2.853746598639455812e+01
1.327157823129251710e+02 4.313270408163265301e+01 2.875465986394557660e+01
1.326824489795918396e+02 4.301183673469387969e+01 2.869134353741496568e+01
1.335597108843537342e+02 4.296401360544217596e+01 2.899760204081632509e+01
1.338055952380952363e+02 4.272658163265305831e+01 2.920209183673469511e+01
1.339265646258503466e+02 4.230794217687074621e+01 2.915443877551020435e+01
1.346030102040816416e+02 4.256517006802721426e+01 2.941166666666666529e+01
1.346306292517006682e+02 4.249508503401360571e+01 2.941562925170067899e+01
1.346255272108843428e+02 4.233103741496598360e+01 2.933061224489796004e+01
1.354218537414965908e+02 4.276107142857142662e+01 2.964831632653061178e+01
1.351370068027210891e+02 4.269962585034013358e+01 2.962372448979591866e+01
1.350236224489795802e+02 4.265093537414966107e+01 2.955642857142857238e+01
1.358192857142857122e+02 4.309792517006802370e+01 2.977683673469387671e+01
1.355543877551020273e+02 4.296064625850340235e+01 2.975634353741496696e+01
1.357431462585034012e+02 4.302712585034013415e+01 2.972952380952380835e+01
1.366649489795918271e+02 4.355105442176870412e+01 3.027870748299319814e+01
1.357441496598639503e+02 4.323057823129251886e+01 2.990670068027210959e+01
1.342520408163265415e+02 4.255054421768707584e+01 2.923382653061224445e+01
1.331914285714285597e+02 4.281862244897958902e+01 2.869544217687074905e+01
1.312995408163265267e+02 4.281396258503401242e+01 2.794622448979591667e+01
1.300619047619047706e+02 4.284527210884353821e+01 2.739848639455782475e+01
1.301707823129251835e+02 4.330860544217686936e+01 2.761440476190476190e+01
1.291037925170068092e+02 4.289595238095238017e+01 2.724452380952380892e+01
1.280302380952381043e+02 4.215010204081632850e+01 2.674477891156462661e+01
1.281304591836734801e+02 4.235159863945577996e+01 2.673183673469387855e+01
1.279025850340136117e+02 4.204426870748299194e+01 2.655557823129251815e+01
1.280532993197278984e+02 4.192685374149660049e+01 2.652952380952380906e+01
1.286415986394557933e+02 4.227239795918367093e+01 2.669845238095238216e+01
1.283696598639455715e+02 4.188829931972789211e+01 2.658496598639455755e+01
1.283916666666666799e+02 4.182459183673469738e+01 2.659379251700680413e+01
1.286626530612244892e+02 4.206302721088435703e+01 2.674420068027210817e+01
1.280129591836734733e+02 4.165896258503401128e+01 2.652445578231292345e+01
1.279570748299319689e+02 4.148683673469387401e+01 2.645857142857142819e+01
1.284813435374149719e+02 4.156154761904761585e+01 2.683768707482993321e+01
1.284573129251700720e+02 4.144666666666666544e+01 2.707981292517006722e+01
1.288790136054421680e+02 4.167147959183673578e+01 2.720710884353741577e+01
1.289962585034013500e+02 4.159710884353741278e+01 2.735459183673469497e+01
1.279969047619047586e+02 4.109664965986394236e+01 2.693578231292516989e+01
1.284237755102040808e+02 4.117188775510204124e+01 2.704792517006802655e+01
1.291157823129251767e+02 4.152743197278911680e+01 2.748127551020408177e+01
1.288426870748299393e+02 4.136025510204081712e+01 2.725284013605442013e+01
1.295312755102040683e+02 4.159113945578231153e+01 2.732923469387755233e+01
1.299118877551020432e+02 4.161253401360544046e+01 2.763057823129251744e+01
1.292767857142857224e+02 4.110583333333333655e+01 2.714726190476190482e+01
1.298300510204081775e+02 4.112758503401360599e+01 2.718243197278911438e+01
1.309071258503401225e+02 4.152872448979591979e+01 2.763981292517006949e+01
1.303413945578231221e+02 4.115556122448979437e+01 2.739785714285714135e+01
1.309649659863945601e+02 4.145729591836735040e+01 2.747309523809523668e+01
1.320006462585033944e+02 4.179321428571428498e+01 2.736001700680272108e+01
1.316342517006802666e+02 4.140751700680272052e+01 2.689841836734693814e+01
1.318947619047619071e+02 4.140188775510203811e+01 2.659443877551020563e+01
1.320849149659863997e+02 4.148333333333333428e+01 2.672488095238095340e+01
1.320393027210884327e+02 4.132229591836734528e+01 2.667763605442176811e+01
1.327777721088435499e+02 4.184294217687074990e+01 2.682469387755102019e+01
1.331868877551020489e+02 4.210787414965986386e+01 2.701773809523809433e+01
1.330882482993197300e+02 4.201753401360544160e+01 2.697472789115646208e+01
1.334251360544217562e+02 4.235119047619047450e+01 2.707380952380952266e+01
1.334496088435374190e+02 4.234488095238095440e+01 2.699273809523809575e+01
1.333215306122448851e+02 4.211346938775510296e+01 2.690654761904761827e+01
1.337727040816326394e+02 4.242221088435373844e+01 2.713664965986394506e+01
1.335183333333333451e+02 4.236585034013605622e+01 2.712875850340136097e+01
1.333652721088435271e+02 4.215646258503401356e+01 2.713554421768707314e+01
1.341234013605442215e+02 4.261903061224489875e+01 2.740899659863945459e+01
1.339036564625850474e+02 4.250350340136054683e+01 2.725670068027210746e+01
1.337309863945578172e+02 4.224382653061224602e+01 2.698156462585033921e+01
1.345197448979591854e+02 4.266423469387755318e+01 2.734513605442176853e+01
1.341331122448979727e+02 4.245248299319727892e+01 2.727598639455782248e+01
1.337639625850340224e+02 4.215295918367346673e+01 2.706712585034013685e+01
1.346510544217687197e+02 4.266122448979592008e+01 2.738865646258503261e+01
1.346432823129251801e+02 4.256931972789115548e+01 2.726045918367346843e+01
1.342463095238095150e+02 4.234653061224489790e+01 2.715642857142857025e+01
1.348647278911564626e+02 4.265025510204081627e+01 2.744392857142857167e+01
1.347217517006802723e+02 4.270236394557823445e+01 2.735035714285714192e+01
1.348021598639455760e+02 4.270991496598639259e+01 2.737979591836734627e+01
1.359710374149659913e+02 4.331384353741496795e+01 2.786459183673469298e+01
1.359823979591836860e+02 4.326260204081632565e+01 2.794972789115646350e+01
1.356523299319727869e+02 4.304207482993196976e+01 2.767835034013605267e+01
1.355690816326530523e+02 4.314738095238094928e+01 2.779841836734694027e+01
1.355454251700680288e+02 4.301477891156462618e+01 2.770227891156462618e+01
1.360827040816326416e+02 4.316408163265305831e+01 2.816396258503401384e+01
1.367408503401360633e+02 4.372661564625850161e+01 2.862243197278911566e+01
1.364121258503401464e+02 4.347857142857142776e+01 2.843144557823129404e+01
1.365939795918367281e+02 4.342232993197279001e+01 2.851209183673469383e+01
1.371763605442176868e+02 4.395988095238094928e+01 2.879374149659863846e+01
1.368891156462585172e+02 4.372870748299319388e+01 2.856658163265306172e+01
1.367995748299319700e+02 4.355552721088435675e+01 2.851125850340136125e+01
1.368495578231292598e+02 4.355812925170067729e+01 2.852860544217687178e+01
1.364524999999999864e+02 4.342661564625850446e+01 2.834557823129251730e+01
1.375611394557823246e+02 4.404547619047619378e+01 2.886588435374149597e+01
1.385245408163265211e+02 4.462219387755101963e+01 2.935527210884353622e+01
1.377287925170068092e+02 4.422763605442176527e+01 2.882430272108843639e+01
1.374845748299319723e+02 4.406287414965986216e+01 2.878420068027210732e+01
1.371294047619047660e+02 4.401544217687074934e+01 2.883923469387755034e+01
1.351937244897959260e+02 4.325698979591836490e+01 2.809085034013605409e+01
1.339260714285714187e+02 4.320141156462585030e+01 2.792124149659863974e+01
1.332496088435374020e+02 4.321256802721088519e+01 2.791392857142857054e+01
1.317693197278911441e+02 4.274692176870748028e+01 2.741649659863945487e+01
1.311544727891156583e+02 4.260717687074829740e+01 2.728999999999999915e+01
1.312292006802721005e+02 4.260161564625850161e+01 2.753520408163265287e+01
1.308567006802720982e+02 4.217981292517006864e+01 2.733396258503401199e+01
1.312126190476190573e+02 4.222921768707482926e+01 2.733573129251700706e+01
1.315010714285714357e+02 4.226200680272108912e+01 2.753316326530612201e+01
1.313906462585034092e+02 4.192275510204081712e+01 2.734579931972789169e+01
1.318268877551020353e+02 4.210976190476190339e+01 2.742508503401360542e+01
1.321524489795918385e+02 4.213585034013605224e+01 2.751482993197278759e+01
1.320397789115646390e+02 4.203122448979591752e+01 2.750358843537414799e+01
1.320761054421768677e+02 4.217780612244897753e+01 2.755925170068027086e+01
1.320279081632652947e+02 4.221784013605441999e+01 2.756428571428571317e+01
1.317399659863945658e+02 4.194955782312925407e+01 2.721561224489795805e+01
1.318865136054421896e+02 4.189251700680271995e+01 2.725833333333333286e+01
1.313498469387754994e+02 4.155710884353741363e+01 2.698147959183673450e+01
1.308123299319727835e+02 4.133421768707483324e+01 2.672731292517006807e+01
1.316696938775510262e+02 4.184841836734693743e+01 2.716732993197278745e+01
1.314866326530612355e+02 4.185903061224490074e+01 2.711467687074829769e+01
1.306737074829931942e+02 4.139341836734693914e+01 2.671688775510203939e+01
1.309680272108843440e+02 4.160234693877551138e+01 2.688993197278911396e+01
1.308067346938775586e+02 4.158210884353741221e+01 2.678153061224489662e+01
1.307307653061224357e+02 4.139812925170068070e+01 2.664581632653061050e+01
1.312622619047619139e+02 4.170763605442176924e+01 2.702612244897959215e+01
1.307665816326530717e+02 4.130333333333333456e+01 2.675586734693877489e+01
1.302940816326530751e+02 4.097124149659863690e+01 2.640768707482993349e+01
1.313681972789115662e+02 4.147238095238095212e+01 2.686921768707482983e+01
1.315173129251700743e+02 4.152117346938775455e+01 2.709352040816326479e+01
1.308130782312925078e+02 4.146862244897959471e+01 2.718989795918367491e+01
1.312324149659864077e+02 4.201981292517006494e+01 2.778775510204081556e+01
1.308740646258503375e+02 4.186865646258503659e+01 2.793653061224489775e+01
1.303928061224489738e+02 4.163952380952380850e+01 2.789948979591836675e+01
1.306302891156462636e+02 4.182341836734693885e+01 2.799403061224489875e+01
1.304336904761904634e+02 4.157469387755102019e+01 2.784122448979591979e+01
1.306014795918367213e+02 4.160853741496598701e+01 2.795692176870748469e+01
1.312851530612244915e+02 4.210285714285713965e+01 2.832649659863945502e+01
1.312235884353741540e+02 4.199593537414965994e+01 2.818954081632653086e+01
1.313305782312925203e+02 4.192498299319727550e+01 2.818005102040816467e+01
1.314748129251700561e+02 4.209212585034013898e+01 2.839215986394557945e+01
1.310703401360544262e+02 4.177904761904761699e+01 2.818081632653061064e+01
1.313061734693877440e+02 4.180875850340135713e+01 2.818896258503401242e+01
1.319616666666666731e+02 4.215493197278911452e+01 2.844115646258503460e+01
1.314350510204081672e+02 4.193091836734694056e+01 2.814091836734693786e+01
1.317815816326530580e+02 4.207486394557822962e+01 2.821175170068027072e+01
1.323604761904761915e+02 4.243943877551020449e+01 2.854613945578231338e+01
1.313649659863945658e+02 4.173085034013605110e+01 2.793426870748299251e+01
1.312415816326530660e+02 4.157855442176870753e+01 2.778508503401360485e+01
1.319270238095238028e+02 4.194472789115646094e+01 2.808802721088435206e+01
1.316047108843537501e+02 4.180136054421768677e+01 2.796175170068027072e+01
1.320008333333333326e+02 4.201394557823129361e+01 2.816916666666666558e+01
1.327854081632653163e+02 4.245914965986394662e+01 2.840937074829932030e+01
1.323260204081632594e+02 4.207001700680272194e+01 2.817498299319727906e+01
1.323675340136054501e+02 4.208329931972789240e+01 2.810513605442177010e+01
1.326008843537414919e+02 4.229287414965986613e+01 2.827578231292516975e+01
1.322182653061224471e+02 4.200175170068027342e+01 2.812840136054421691e+01
1.325114455782313030e+02 4.217348639455781978e+01 2.814193877551020506e+01
1.328490646258503318e+02 4.244355442176870952e+01 2.830499999999999972e+01
1.325844897959183584e+02 4.219542517006802740e+01 2.822778911564626014e+01
1.329238605442176890e+02 4.239215986394557945e+01 2.807610544217687121e+01
1.330483673469387895e+02 4.263838435374149327e+01 2.801496598639455726e+01
1.329349829931972806e+02 4.240690476190476232e+01 2.787015306122448877e+01
1.334547448979591877e+02 4.279102040816326280e+01 2.816074829931972801e+01
1.340114455782313030e+02 4.318333333333333002e+01 2.833845238095238273e+01
1.344834013605442067e+02 4.342224489795918174e+01 2.829695578231292430e+01
1.353744387755102139e+02 4.391705782312925521e+01 2.874741496598639401e+01
1.348631122448979625e+02 4.375676870748299052e+01 2.857979591836734556e+01
1.340872619047619025e+02 4.314205782312924953e+01 2.814052721088435405e+01
1.344992517006802757e+02 4.344833333333333059e+01 2.830573129251700593e+01
1.346241496598639458e+02 4.365175170068027199e+01 2.846346938775510083e+01
1.343682142857142878e+02 4.353613945578231181e+01 2.833345238095238017e+01
1.341324999999999932e+02 4.386040816326530489e+01 2.829530612244898080e+01
