2.104198249589747718e+02 8.343451590216456282e+01 6.294072829569430638e+01
2.112113776666406295e+02 8.392087989372508616e+01 6.324783152301320399e+01
2.128632882706884288e+02 8.586336641400328062e+01 6.395776353832929573e+01
2.145046104555755164e+02 8.732495897475970992e+01 6.442701414393998505e+01
2.163068687973743920e+02 8.770446198327732645e+01 6.466921934828475571e+01
2.169947643979057545e+02 8.788184730796280064e+01 6.446698444948034989e+01
2.164592873329686711e+02 8.715300461045558222e+01 6.349456903961866061e+01
2.154345549738220029e+02 8.609529577244666143e+01 6.291626943814956974e+01
2.149393998593420463e+02 8.575216847698679601e+01 6.262667031335469403e+01
2.149424865202781803e+02 8.577979213878252551e+01 6.251105727904977982e+01
2.150923653981402026e+02 8.590450886926623753e+01 6.254262717824489926e+01
2.155616941470657082e+02 8.638462139563959852e+01 6.285731030710322642e+01
2.154739392045010504e+02 8.650902555286394602e+01 6.286582792842072109e+01
2.157827615847464244e+02 8.661440181292491047e+01 6.283124951160428395e+01
2.161694537782292684e+02 8.707380636086583081e+01 6.307646323357036522e+01
2.157649058373056050e+02 8.677182152066890808e+01 6.282933500039071362e+01
2.155191060404782490e+02 8.632413846995389406e+01 6.277908884894897312e+01
2.151773071813706224e+02 8.631995780260999140e+01 6.276388997421270943e+01
2.131750019535828642e+02 8.577776041259670592e+01 6.204329139642103286e+01
2.118333984527623670e+02 8.487008673907946843e+01 6.165011330780651377e+01
2.120184418223020941e+02 8.560268031569898994e+01 6.183546925060561250e+01
2.119925373134328481e+02 8.566695319215440918e+01 6.173079628037821465e+01
2.126564038446510949e+02 8.619613972024693282e+01 6.161428459795264700e+01
2.138684066578104250e+02 8.743455497382198871e+01 6.234093928264437068e+01
2.147366961006486008e+02 8.797694772212237524e+01 6.240782996014691264e+01
2.157068453543799365e+02 8.879608501992655079e+01 6.264808158162069418e+01
2.164444401031491623e+02 8.983546925060561250e+01 6.292080175041025569e+01
2.165381730092990438e+02 8.985008205048058016e+01 6.299347503321090613e+01
2.167256778932562327e+02 9.001293271860592426e+01 6.314046260842384584e+01
2.165911932484175964e+02 8.987153239040399910e+01 6.346643744627647266e+01
2.151004141595686576e+02 8.849792920215675451e+01 6.263006954755020672e+01
2.137260295381730089e+02 8.747690865046494935e+01 6.210760334453387799e+01
2.134776119402985159e+02 8.731272954598733804e+01 6.220653278112057194e+01
2.138098382433382767e+02 8.753684457294679078e+01 6.226303039774947479e+01
2.137080175041025143e+02 8.769996874267405929e+01 6.244334609674142200e+01
2.133480893959521723e+02 8.745647417363444731e+01 6.227385324685473478e+01
2.117386106118621569e+02 8.615874814409627902e+01 6.155266859420176928e+01
2.103133937641634645e+02 8.499937485348128519e+01 6.098546534343986991e+01
2.101526529655388060e+02 8.483578182386496280e+01 6.101832460732984487e+01
2.111796905524732324e+02 8.562155192623271205e+01 6.118699695241072334e+01
2.134242009846057613e+02 8.749187309525670742e+01 6.195541923888411162e+01
2.148623505509103779e+02 8.867347815894349594e+01 6.237794014222082950e+01
2.151233882941314448e+02 8.876103774322106688e+01 6.242994451824646518e+01
2.148308587950300819e+02 8.840525123075721581e+01 6.216230366492146686e+01
2.129599124794873717e+02 8.687297804172852977e+01 6.147319684301007925e+01
2.112029381886379724e+02 8.540669688208173227e+01 6.054321325310619528e+01
2.125931859029460043e+02 8.670461826990701582e+01 6.113206220207861463e+01
2.146122528717668274e+02 8.842752207548643639e+01 6.204501054934750215e+01
2.165078534031413540e+02 8.937075095725560914e+01 6.240771274517464917e+01
2.175655231694928489e+02 9.016722669375634780e+01 6.299718684066578334e+01
2.182377901070563553e+02 9.082671719934359089e+01 6.310350082050480580e+01
2.183224583886848507e+02 9.075123075720871668e+01 6.291712901461279728e+01
2.184986715636477186e+02 9.093615691177619453e+01 6.307626787528327128e+01
2.184177541611315121e+02 9.081358912245057979e+01 6.321743377354067661e+01
2.177363444557318246e+02 9.012643588341018130e+01 6.284722981948894471e+01
2.175741580057826070e+02 9.013245291865280251e+01 6.281222161444088670e+01
2.192265765413768861e+02 9.156384308822380547e+01 6.315421583183558596e+01
2.192128623896225577e+02 9.133648511369852940e+01 6.303571149488161041e+01
2.184972649839806138e+02 9.079686645307494075e+01 6.287172774869110015e+01
2.175814644057200837e+02 8.998484019692115510e+01 6.264147847151676274e+01
2.178487536141282988e+02 8.987907322028600277e+01 6.291283113229663115e+01
2.191741033054622108e+02 9.109943736813315240e+01 6.315335625537235131e+01
2.198085488786434212e+02 9.152215362975697133e+01 6.332554504962100594e+01
2.194294365867000067e+02 9.139720246932874659e+01 6.319020082831913498e+01
2.186224896460107914e+02 9.108974759709306568e+01 6.316718762209892901e+01
2.174861295616159964e+02 9.022341173712588613e+01 6.255059779635852379e+01
2.170691568336328885e+02 8.986102211455809652e+01 6.251086192076267878e+01
2.184247479878096385e+02 9.093080409470969983e+01 6.294533875126982991e+01
2.198668828631710426e+02 9.193107759631163844e+01 6.308455106665624612e+01
2.206106900054700191e+02 9.250488395717746926e+01 6.322685004297882472e+01
2.209952723294522059e+02 9.282023130421193002e+01 6.349413925138704684e+01
2.202631866843791499e+02 9.218297257169649583e+01 6.303043682112995327e+01
2.200219973431272820e+02 9.197073532859263878e+01 6.297300148472298531e+01
2.209596780495428732e+02 9.270000781433148518e+01 6.349785105884191694e+01
2.216084238493396867e+02 9.305532546690631079e+01 6.346288192545127771e+01
2.221528483238259071e+02 9.347276705477845837e+01 6.359650699382667938e+01
2.224168555130108587e+02 9.390107056341329894e+01 6.363522700632960749e+01
2.223788778619989159e+02 9.364190825974837651e+01 6.352465421583183769e+01
2.221363991560521924e+02 9.359095881847308362e+01 6.308892709228725693e+01
2.218103461748847280e+02 9.343697741658201039e+01 6.278213643822770962e+01
2.212378682503711786e+02 9.305786512463858173e+01 6.254540126592169713e+01
2.211519496757052536e+02 9.305219973431272251e+01 6.250691568336328885e+01
2.215107447057904153e+02 9.334844104086894845e+01 6.255989685082440843e+01
2.215017582245838810e+02 9.338102680315698478e+01 6.242615456747675040e+01
2.213637180589200568e+02 9.307814331483940862e+01 6.257771352660780195e+01
2.201934828475423842e+02 9.235606001406578969e+01 6.245358287098538597e+01
2.180042978823161661e+02 9.039899976557005346e+01 6.190685316871141453e+01
2.169623349222474076e+02 8.972306009220910994e+01 6.138383996249120855e+01
2.189269360006251475e+02 9.132933500039071362e+01 6.216359302961631528e+01
2.197912792060639333e+02 9.194799562397436432e+01 6.207849495975619192e+01
2.200016410096116317e+02 9.206009220911151658e+01 6.211197937016488169e+01
2.193963819645229307e+02 9.197667422052043662e+01 6.205911541767601847e+01
2.182491208877080453e+02 9.073341408142533737e+01 6.164519027897163284e+01
2.179946862545909312e+02 9.018715323904039849e+01 6.194936313198405742e+01
2.197300929905446480e+02 9.131206532781121155e+01 6.256399937485348062e+01
2.213135109791357422e+02 9.196796124091584090e+01 6.302516214737828903e+01
2.222111823083535285e+02 9.258630929124014131e+01 6.345698210518089866e+01
2.224039618660623603e+02 9.278248808314448581e+01 6.374740173478159022e+01
2.216764476049073949e+02 9.190552473235914022e+01 6.348495741189341146e+01
2.203359771821520781e+02 9.090005470032038204e+01 6.345917011799640761e+01
2.194598343361725483e+02 9.024283035086348548e+01 6.317328280065640200e+01
2.196217863561772390e+02 9.052441978588731786e+01 6.271618348050323988e+01
2.204325232476361691e+02 9.105911541767601136e+01 6.283437524419785802e+01
2.201705477846370229e+02 9.077385324685472767e+01 6.298859107603344398e+01
2.194456122528717685e+02 9.013761037743221038e+01 6.274181448777056858e+01
2.188234742517777534e+02 8.980464171290145714e+01 6.276947722122372397e+01
2.192644760490740055e+02 9.001887161053372211e+01 6.286946159256075362e+01
2.211726185824802826e+02 9.139790575916229898e+01 6.315105102758459310e+01
2.239493631319840574e+02 9.325849808548878173e+01 6.400965069938266083e+01
2.251063921231538529e+02 9.414808158162068707e+01 6.409502227084472281e+01
2.252285301242478681e+02 9.415652105962334417e+01 6.380843166367117192e+01
2.254605766976635266e+02 9.438739548331639639e+01 6.430100804876143172e+01
2.251336250683754088e+02 9.406485895131670816e+01 6.418953661014300849e+01
2.244853872001250181e+02 9.329495194186137041e+01 6.410521997343127509e+01
2.236874658122997630e+02 9.284359615534890509e+01 6.426826599984372024e+01
2.223314839415488109e+02 9.180788466046729468e+01 6.419320934594045980e+01
2.215729467844026033e+02 9.096577322810033195e+01 6.392412284129093081e+01
2.212336485113698643e+02 9.084969133390637808e+01 6.391580057826053007e+01
2.203756739860904759e+02 9.013030397749471945e+01 6.374411971555833389e+01
2.196522622489646039e+02 8.953352348206611566e+01 6.370801750410252140e+01
2.195359068531687115e+02 8.975115261389387911e+01 6.376709385012112108e+01
2.188803625849808441e+02 8.901551144799562110e+01 6.347358755958427423e+01
2.179467062592795230e+02 8.813284363522700460e+01 6.328108150347738103e+01
2.168290614987887750e+02 8.782163788387903480e+01 6.268121434711260775e+01
2.152877236852387171e+02 8.683691490193014317e+01 6.166820348519183881e+01
2.142508400406345288e+02 8.602336485113698927e+01 6.124388528561381406e+01
2.140215284832382565e+02 8.610604047823709095e+01 6.097647886223333558e+01
2.142267718996639871e+02 8.623591466750019663e+01 6.105610690005470076e+01
2.146981323747753265e+02 8.657646323357036522e+01 6.101265921700398565e+01
2.153035477064937027e+02 8.733289052121591567e+01 6.142736578885676124e+01
2.149046260842384868e+02 8.702168476986793166e+01 6.105192623271079100e+01
2.144870672813940757e+02 8.665738063608658592e+01 6.118344143158552839e+01
2.143344143158552697e+02 8.687555677111822661e+01 6.099753848558255953e+01
2.146206923497694845e+02 8.698980229741346193e+01 6.118094084551066913e+01
2.153092130968195761e+02 8.742119246698445068e+01 6.134383058529342492e+01
2.148315230132062084e+02 8.710701726967258196e+01 6.117093850121121790e+01
2.123354301789482008e+02 8.518996639837462226e+01 6.048456669531921648e+01
2.099191998124560428e+02 8.346077205595061344e+01 5.961705868562944488e+01
2.072908884894897312e+02 8.230479799953114650e+01 5.920680628272251056e+01
2.060915058216769467e+02 8.168555130108619267e+01 5.869047432992107360e+01
2.070004688598890255e+02 8.272220051574588240e+01 5.914878487145424657e+01
2.094120496991482412e+02 8.459967179807767934e+01 5.981675392670157265e+01
2.116714855044151022e+02 8.598995858404313708e+01 6.031034617488473515e+01
2.127374384621395507e+02 8.692056732046573586e+01 6.069676486676564764e+01
2.124963663358599604e+02 8.666582011408924302e+01 6.068496522622489664e+01
2.118793076502305155e+02 8.623638352738923629e+01 6.033976713292177863e+01
2.143444948034695585e+02 8.805239509259982356e+01 6.132589669453778214e+01
2.160233257794795634e+02 8.930901773853247505e+01 6.162432601390950992e+01
2.185818551222942858e+02 9.075150425881065530e+01 6.174744080643900901e+01
2.191326482769399036e+02 9.135621630069547905e+01 6.148773149957020934e+01
2.187083691490192905e+02 9.099261545674767149e+01 6.155016800812690292e+01
2.172209111510510411e+02 8.972048136281941311e+01 6.127709619442056521e+01
2.154744471360475018e+02 8.843404704227553736e+01 6.108927873720403312e+01
2.152530280534500378e+02 8.797374384621394938e+01 6.114331483941548839e+01
2.164788231616785197e+02 8.862061420645463272e+01 6.069180276627334791e+01
2.180278190200828305e+02 8.968977104008752121e+01 6.145416894584668199e+01
2.184029460029694576e+02 8.982214581542548615e+01 6.137039931233883294e+01
2.180465734156443034e+02 8.949421739470187731e+01 6.119016175666171620e+01
2.169332265374697215e+02 8.869856216300695451e+01 6.125048839571774550e+01
2.143604751113542193e+02 8.693115573962647602e+01 6.071391732437290045e+01
2.117813550050793197e+02 8.488071422989763448e+01 5.989009142767836380e+01
2.118515667734625367e+02 8.491685551301085866e+01 5.981081503477377481e+01
2.139643666484332130e+02 8.653918887239196067e+01 6.032695162928811783e+01
2.148110103930608830e+02 8.710260217238415237e+01 6.028850511838712123e+01
2.150799015394233038e+02 8.736946159256075362e+01 6.066367117293115285e+01
2.136320231304212029e+02 8.637708056575759485e+01 6.031394076736734888e+01
2.108435570836914792e+02 8.415906071735562932e+01 5.936246776588262719e+01
2.077788544190044604e+02 8.212807689302179881e+01 5.862663124169727524e+01
2.078105806048292550e+02 8.224118934125185376e+01 5.802402906931312287e+01
2.103245682581855078e+02 8.372786590607174162e+01 5.861533953270297559e+01
2.116166288973978169e+02 8.507888567633038690e+01 5.912428694225209114e+01
2.112846760959599806e+02 8.471086973509416396e+01 5.867304837071188217e+01
2.097153629756974169e+02 8.337446276471047213e+01 5.816894584668281709e+01
2.070178166757833935e+02 8.172118465265296550e+01 5.739298273032741804e+01
2.049945299679612276e+02 8.022169258419941684e+01 5.661795733375009831e+01
2.073418379307650241e+02 8.139966398374619416e+01 5.701121356567945497e+01
2.094343596155349019e+02 8.333164022817848604e+01 5.825209033367195133e+01
2.094844885520043647e+02 8.329323278893490112e+01 5.822868641087755037e+01
2.085706415566148451e+02 8.246381964522934993e+01 5.785148863014769205e+01
2.065534109556927547e+02 8.112006720325075548e+01 5.729901539423302381e+01
2.030436821129952421e+02 7.861420645463780943e+01 5.582910057044620089e+01
2.002952254434633232e+02 7.683152301320622257e+01 5.484808939595217936e+01
2.011231538641869179e+02 7.717269672579510598e+01 5.514159568648901910e+01
2.029032585762288079e+02 7.831448777057123323e+01 5.599878877861998916e+01
2.027789325623192838e+02 7.843467218879425218e+01 5.604981636321012672e+01
2.008769242791279339e+02 7.757794795655232178e+01 5.557701023677424246e+01
1.962529499101351860e+02 7.470403219504571268e+01 5.442005938891927741e+01
1.916477690083613368e+02 7.247171212002812979e+01 5.297604907400172181e+01
1.889640931468312885e+02 7.141482378682503906e+01 5.224494022036414975e+01
1.899855434867547217e+02 7.171759006017035176e+01 5.234445573181214684e+01
1.932269281862936623e+02 7.292224740173477926e+01 5.310361803547706216e+01
1.953096428850511757e+02 7.413425021489410938e+01 5.403883722747519158e+01
1.960544268187856574e+02 7.453426584355707973e+01 5.405235602094241187e+01
1.953955223880597032e+02 7.420879893725091847e+01 5.394279909353754476e+01
1.945410643119481051e+02 7.378455888098773130e+01 5.383472688911463422e+01
1.943880987731499488e+02 7.367254043916543083e+01 5.377326717199343875e+01
1.977783855591154065e+02 7.545733375009767485e+01 5.480429006798468095e+01
2.010302023911854405e+02 7.752770180511056708e+01 5.588731734000156592e+01
2.015041025240290651e+02 7.882370868172228029e+01 5.637188403532077530e+01
2.011790263342971059e+02 7.940564194733140368e+01 5.666867234508087847e+01
1.999154489333437539e+02 7.870383683675861164e+01 5.681058060482925498e+01
1.978468000312573167e+02 7.756333515667733991e+01 5.606118621551926395e+01
1.983160115652106015e+02 7.797132140345392770e+01 5.617058685629444170e+01
1.997531061967648611e+02 7.900406345237165340e+01 5.708291005704462151e+01
2.017003203875908355e+02 7.999449089630381593e+01 5.745608345706024522e+01
2.039730405563803970e+02 8.170309447526764757e+01 5.816062358365241636e+01
2.045226615613034369e+02 8.225552863952488281e+01 5.854840978354301484e+01
2.031465187153239071e+02 8.118418379307649957e+01 5.804196296006876565e+01
2.018116355395795836e+02 8.023857154020473104e+01 5.766976635148863295e+01
2.016890677502539688e+02 8.025916230366492243e+01 5.763237477533797204e+01
2.031087754942564629e+02 8.116710947878408433e+01 5.793041337813549774e+01
2.061604282253653082e+02 8.336828944283816156e+01 5.885746659373290868e+01
2.073599281081503420e+02 8.408318355864655302e+01 5.915741970774400471e+01
2.073727045401265912e+02 8.354567476752363575e+01 5.874025162147378154e+01
2.060477064937094553e+02 8.222337266546847445e+01 5.833879034148628762e+01
2.038756349144330784e+02 8.077033679768695151e+01 5.716628897397827558e+01
2.035171915292646645e+02 8.037465812299757317e+01 5.696307728373837875e+01
2.062026646870360196e+02 8.226877393139017158e+01 5.796604672970227057e+01
2.087861217472845112e+02 8.386973509416269223e+01 5.881323747753379649e+01
2.093794639368601906e+02 8.430417285301243169e+01 5.869496757052434077e+01
2.085991638665312280e+02 8.378795811518324399e+01 5.856759396733609435e+01
2.054891380792373354e+02 8.144858169883566745e+01 5.771059623349222534e+01
2.028779401422208366e+02 7.969215441119011700e+01 5.689751504258810400e+01
2.029399077908884976e+02 7.987981558177698105e+01 5.700547003203875818e+01
2.040880284441666106e+02 8.071887942486520728e+01 5.730120340704852566e+01
2.055824021254981631e+02 8.169711651168242383e+01 5.775455184808939890e+01
2.067729936703914859e+02 8.259799171680862173e+01 5.825611471438618594e+01
2.069617879190435303e+02 8.268348050324294718e+01 5.833660232867078577e+01
2.062900679846839012e+02 8.206439009142768271e+01 5.745276236617957011e+01
2.056565992029381960e+02 8.149667890911932489e+01 5.730257091505821876e+01
2.062440806439009009e+02 8.198640306321793503e+01 5.715847464249433330e+01
2.070523560209423977e+02 8.258271469875752757e+01 5.741470657185277560e+01
2.074192779557708946e+02 8.288360553254669583e+01 5.786953973587559830e+01
2.066160428225365422e+02 8.226756271001015364e+01 5.737383761819176442e+01
2.055185590372743718e+02 8.144998827850277223e+01 5.684179885910760532e+01
2.036170977572868708e+02 8.028760647026646780e+01 5.655352817066499682e+01
2.022326326482769332e+02 7.930120340704853277e+01 5.579100570446198049e+01
2.030602875673986034e+02 7.976084238493396583e+01 5.598433226537469665e+01
2.053587168867703383e+02 8.153664921465968973e+01 5.695690396186606108e+01
2.073757521294053277e+02 8.276443697741657957e+01 5.735074626865671377e+01
2.091643744627646981e+02 8.395342658435571082e+01 5.773321872313823633e+01
2.089215050402438010e+02 8.399867156364773280e+01 5.781831679299835969e+01
2.067550207079784457e+02 8.224537000859577063e+01 5.727529889817925834e+01
2.047250527467375036e+02 8.088876299132608949e+01 5.717718996639837314e+01
2.045452059076345961e+02 8.087911229194342866e+01 5.751660545440337557e+01
2.059200984605766962e+02 8.187946393686020485e+01 5.807497851058841576e+01
2.076138938813784591e+02 8.282046573415644275e+01 5.861510510275845576e+01
2.078684066578104250e+02 8.310818941939517401e+01 5.905497382198952749e+01
2.067920997108697350e+02 8.237586934437759112e+01 5.847940923653981571e+01
2.050657966710948017e+02 8.121438618426194012e+01 5.808615300461045905e+01
2.032230991638665216e+02 7.980956474173633808e+01 5.755481753535985234e+01
2.035797061811362028e+02 7.997323591466749804e+01 5.763096819567086015e+01
2.052365398140188972e+02 8.135281706649996636e+01 5.823060092209111360e+01
2.064281081503477253e+02 8.233879034148628762e+01 5.875451277643197301e+01
2.066107681487848708e+02 8.236524185355942507e+01 5.853684457294678367e+01
2.065119949988278449e+02 8.237063374228334567e+01 5.865429397515042353e+01
2.045259435805266719e+02 8.135953739157615416e+01 5.820747050089865127e+01
2.024577635383292886e+02 7.949538954442446936e+01 5.742427912792060596e+01
2.028943893099945228e+02 7.970403219504571268e+01 5.733253887629913237e+01
2.037796749238102620e+02 8.034222864733922620e+01 5.699386574978510822e+01
2.047978432445104318e+02 8.058427756505430750e+01 5.715402047354848492e+01
2.055992420098460514e+02 8.112577166523404060e+01 5.733136672657654032e+01
2.055042588106587402e+02 8.113397671329217076e+01 5.731245604438539942e+01
2.045062905368445740e+02 8.022516996170978132e+01 5.679358443385168442e+01
2.026170196139720190e+02 7.908111276080330754e+01 5.641251855903727375e+01
2.013330077361881649e+02 7.830116433539110687e+01 5.578198015159802736e+01
2.020422755333281373e+02 7.865253575056654256e+01 5.593549269360006093e+01
2.041190904118152787e+02 8.016054544033758589e+01 5.666331952801437666e+01
2.054863249199030975e+02 8.116238180823630444e+01 5.711151051027584913e+01
2.052226303039774962e+02 8.077459560834570595e+01 5.695495037899507906e+01
2.045132452918652746e+02 8.023267171993435909e+01 5.695448151910603940e+01
2.027169258419942253e+02 7.909959365476284177e+01 5.634035320778307465e+01
2.024894115808392598e+02 7.866925841994216739e+01 5.603114011096350566e+01
2.042473235914667384e+02 7.985719309213097006e+01 5.679499101351879631e+01
2.048243338282409809e+02 8.011424552629522111e+01 5.697053997030553774e+01
2.046416738298038638e+02 7.981296397593186498e+01 5.696956317887004673e+01
2.046453856372587268e+02 7.979401422208330530e+01 5.688833320309447572e+01
2.051536688286317087e+02 8.026447604907400546e+01 5.674091583964991514e+01
2.057325935766195073e+02 8.053746971946550559e+01 5.695350472767054839e+01
2.074065015237946454e+02 8.163284363522700460e+01 5.764354926936000822e+01
2.090007814331484042e+02 8.253360162538095324e+01 5.800285223099163545e+01
2.095300070328983395e+02 8.285734937876064521e+01 5.819766351488630107e+01
2.091970383683675720e+02 8.270332890521216029e+01 5.808724701101820642e+01
2.074795655231694980e+02 8.162182542783465067e+01 5.759783543017894658e+01
2.053327342345862405e+02 8.006888333203094987e+01 5.710998671563647378e+01
2.033861451902789668e+02 7.892787372040321259e+01 5.653293740720481253e+01
2.031694537782292684e+02 7.860084394780027139e+01 5.634625302805344660e+01
2.041111588653590729e+02 7.944764397905758813e+01 5.646202234898804306e+01
2.049136125654450211e+02 8.018488708291005196e+01 5.718074548722356809e+01
2.052412674845666913e+02 8.031737907322028036e+01 5.702598265218410489e+01
2.053176916464796307e+02 8.069582714698756831e+01 5.734918340235992673e+01
2.051578885676330515e+02 8.078471516761740645e+01 5.750269594436196030e+01
2.049374072048136384e+02 8.047089161522231393e+01 5.727748691099476730e+01
2.046281941079940623e+02 8.035332499804641770e+01 5.731620692349769541e+01
2.046042822536531958e+02 8.043721184652652312e+01 5.750277408767679788e+01
2.040900992420098419e+02 8.009045088692661807e+01 5.688243338282409667e+01
2.046725404391654308e+02 8.043224974603423050e+01 5.714140032820192516e+01
2.055695866218644881e+02 8.098413690708760271e+01 5.776908650464952899e+01
2.055373134328358162e+02 8.083652418535594109e+01 5.731710557161834885e+01
2.053766898491834070e+02 8.087008673907946843e+01 5.744991013518793466e+01
2.043026099867156233e+02 8.019864030632179208e+01 5.708705165273110538e+01
2.032405641947331389e+02 7.920993201531608463e+01 5.689603031960615453e+01
2.035228959912479354e+02 7.959752285691959628e+01 5.686750800968977160e+01
2.047602953817300886e+02 8.056345237164960338e+01 5.769418613737595081e+01
2.055005079315464513e+02 8.094287723685238234e+01 5.792482613112448320e+01
2.060412987418926321e+02 8.138594983199187993e+01 5.855880284441666106e+01
2.060498554348675384e+02 8.125279362350551082e+01 5.867640853324998318e+01
2.049978119871844910e+02 8.030288348831757617e+01 5.835594279909354043e+01
2.036871923106978102e+02 7.946819567086035363e+01 5.795557552551379388e+01
2.026793389075564562e+02 7.890036727357974655e+01 5.758013596936782363e+01
2.031298351176056940e+02 7.914413534422129715e+01 5.772145815425490412e+01
2.041258498085488782e+02 8.009252168476986355e+01 5.779690552473235954e+01
2.053028444166601503e+02 8.081585527858091211e+01 5.824095491130734104e+01
2.055139095100414295e+02 8.071297960459482113e+01 5.826170196139720048e+01
2.047746346800031176e+02 8.025005860748612463e+01 5.820262561537860790e+01
2.032416972727983193e+02 7.913636008439478076e+01 5.762725638821599006e+01
2.018611784011877717e+02 7.815960772055950656e+01 5.728713761037743524e+01
2.025146909431898052e+02 7.867480659529577736e+01 5.742232554504962394e+01
2.041595686489020807e+02 7.990931468312885499e+01 5.760580604829257112e+01
2.058563725873251542e+02 8.116175666171758962e+01 5.779127920606391910e+01
2.063782527154801869e+02 8.169610064858950693e+01 5.824802688130030504e+01
2.054079081034617502e+02 8.108259748378526410e+01 5.783839962491208553e+01
2.040759943736813398e+02 8.013577400953347762e+01 5.708443385168398976e+01
2.031042041103383724e+02 7.949421739470187731e+01 5.691345627881534597e+01
2.026958662186449942e+02 7.911158865359068670e+01 5.662319293584433666e+01
2.036970383683675720e+02 7.979288114401812493e+01 5.679272485738844978e+01
2.056097132140345423e+02 8.116578104243181713e+01 5.760588419160740870e+01
2.061584746424943262e+02 8.135379385793545737e+01 5.769856216300695451e+01
2.056029147456435169e+02 8.108158162069234720e+01 5.741486285848245785e+01
2.049066968820817465e+02 8.084363522700633098e+01 5.731069781980151845e+01
2.046852387278268282e+02 8.043178088614519083e+01 5.739005235602094501e+01
2.054531921544111981e+02 8.076596077205594781e+01 5.749081816050637173e+01
2.069003282019223207e+02 8.172458388684847819e+01 5.772770961944205936e+01
2.078863796202234937e+02 8.169824958974758999e+01 5.783695397358756196e+01
2.071533953270297843e+02 8.081343283582089043e+01 5.771411268266000150e+01
2.053602016097522949e+02 7.975513792295069493e+01 5.732433382824099510e+01
2.028860670469641434e+02 7.777568961475346043e+01 5.644381495663046167e+01
2.012464249433460850e+02 7.688169102133312549e+01 5.590419629600688012e+01
2.018022583417988471e+02 7.704622177072751299e+01 5.633464874579979664e+01
2.028993514104868439e+02 7.767394701883253560e+01 5.656735953739157452e+01
2.045983433617253979e+02 7.877580682972572390e+01 5.705970149253731449e+01
2.051449167773697013e+02 7.926599984371337371e+01 5.721122138001094015e+01
2.044624521372196568e+02 7.886528092521685096e+01 5.669539735875596165e+01
2.035926388997421270e+02 7.823235914667500879e+01 5.651398765335625285e+01
2.027086426506212433e+02 7.781534734703446077e+01 5.631202625615378565e+01
2.016174103305462211e+02 7.706302258341798961e+01 5.579233414081425479e+01
2.017011018207392397e+02 7.720946315542705918e+01 5.587399390482143957e+01
2.020149644447917581e+02 7.738544190044541438e+01 5.607450965069938320e+01
2.015126201453465740e+02 7.741001797296240738e+01 5.617058685629444170e+01
2.009201375322341221e+02 7.747214190825974356e+01 5.612041884816753878e+01
2.003556302258341759e+02 7.740833789169336399e+01 5.609740564194733281e+01
1.998727045401265912e+02 7.708830194576853501e+01 5.615433304680784232e+01
1.999488552004376061e+02 7.734586231147925162e+01 5.619215441119012411e+01
2.005297335312963867e+02 7.794318981011174685e+01 5.658060482925685619e+01
2.009170899429553856e+02 7.798898179260764607e+01 5.647268891146362080e+01
2.021158474642494411e+02 7.890052356020942170e+01 5.699124794873798550e+01
2.023588341017425876e+02 7.901941861373759934e+01 5.700066421817613360e+01
2.022306790654059512e+02 7.885840431351097379e+01 5.679612409158396247e+01
2.023609439712432732e+02 7.886477299367038540e+01 5.705497382198952749e+01
2.019100179729624074e+02 7.857146206142064671e+01 5.678346487457997682e+01
2.020088301945768592e+02 7.855219973431272251e+01 5.661932484175978431e+01
2.024869109947644006e+02 7.915433304680784943e+01 5.684136907087598445e+01
2.026725404391654308e+02 7.914667500195358230e+01 5.702320856450730702e+01
2.021301867625224702e+02 7.869453778229272700e+01 5.651230757208720945e+01
2.012671329217785399e+02 7.833574275220755112e+01 5.625611471438618594e+01
2.005050793154645703e+02 7.771798077674455385e+01 5.587168867703368136e+01
2.004178713761037613e+02 7.753778229272485589e+01 5.560607954989450974e+01
2.011327654919121528e+02 7.831952801437836342e+01 5.584285379385793391e+01
2.012022348988044200e+02 7.809443619598343389e+01 5.573380479799953235e+01
2.013241775416113057e+02 7.807435336406970805e+01 5.574849574118934470e+01
2.016383527389231745e+02 7.842924122841290568e+01 5.573181214347112444e+01
2.017905368445729550e+02 7.839110729077127360e+01 5.592951473001484430e+01
2.013597718215206669e+02 7.805587247011018803e+01 5.558623114792529663e+01
2.010395014456513252e+02 7.782542783464874958e+01 5.561545674767523906e+01
2.009328748925529453e+02 7.772075486442135173e+01 5.538809877314995589e+01
2.011499179495194198e+02 7.769934359615534447e+01 5.525126982886614257e+01
2.016553489099007663e+02 7.826533562553723300e+01 5.554196296006876565e+01
2.012141517543174132e+02 7.788200359459247579e+01 5.535906853168711450e+01
2.010047276705477941e+02 7.761823083535203693e+01 5.532386496835195544e+01
2.012647886223333558e+02 7.765726342111432245e+01 5.552910838477767896e+01
2.017604125967023663e+02 7.775126982886614257e+01 5.555184808939595342e+01
2.026854731577713551e+02 7.817234508087832978e+01 5.565816206923497589e+01
2.043290224271313491e+02 7.907693209345940488e+01 5.618641087754942731e+01
2.048639134172071579e+02 7.918215206689067998e+01 5.624880831444870211e+01
2.048014378369930455e+02 7.915980307884660760e+01 5.608275377041493925e+01
2.034643275767758155e+02 7.846811752754551605e+01 5.600050793154645845e+01
2.013353129639759231e+02 7.727244666718762289e+01 5.532441197155583268e+01
1.996250683754004740e+02 7.628702039540517887e+01 5.487911229194342155e+01
1.984124013440650174e+02 7.583496131905916116e+01 5.480589200593889387e+01
1.989461592560756458e+02 7.589860904899585137e+01 5.491767601781667452e+01
2.016079159177932354e+02 7.720575134797218197e+01 5.535805266859420470e+01
2.033707509572556091e+02 7.861776197546299727e+01 5.600808783308588090e+01
2.040248495741189458e+02 7.891955145737281896e+01 5.596487457997968562e+01
2.037165351254200232e+02 7.897206376494490598e+01 5.578952098148003103e+01
2.026347972180979866e+02 7.871516761741033008e+01 5.555739626474954918e+01
2.000939673360944084e+02 7.708259748378526410e+01 5.451105727904977982e+01
1.988275767758068184e+02 7.624458857544736645e+01 5.392826443697741468e+01
1.989727670547784726e+02 7.637024302570914358e+01 5.418199578026099772e+01
1.989198640306321693e+02 7.621903571149488243e+01 5.390896303821207880e+01
1.985096506993826608e+02 7.600820504805814437e+01 5.395155114479955927e+01
1.982993279674923883e+02 7.600996327264202534e+01 5.377154801906696946e+01
1.973293740720481253e+02 7.523571930921309558e+01 5.328823161678518261e+01
1.961182699070094486e+02 7.455274673751659975e+01 5.307779166992263953e+01
1.950284050949441337e+02 7.396073298429318754e+01 5.283796983668047176e+01
1.950484097835430077e+02 7.385234820661092670e+01 5.278584824568257972e+01
1.962949910135187963e+02 7.462823317965147396e+01 5.324767523638352884e+01
1.969471360475111226e+02 7.550386809408455235e+01 5.349503789950770027e+01
1.980134015784949497e+02 7.592369305305930993e+01 5.364776900836133677e+01
1.978970852543564831e+02 7.634707353285926956e+01 5.407028991169805465e+01
1.966961006485895211e+02 7.587313432835820493e+01 5.365816206923497589e+01
1.948990388372274651e+02 7.464745643510197226e+01 5.310803313276549176e+01
1.943822380245370027e+02 7.441787137610377556e+01 5.297143861842619117e+01
1.948121043994686374e+02 7.485324685473158013e+01 5.327115730249277448e+01
1.954070094553410968e+02 7.523736031882472730e+01 5.359900757990153863e+01
1.955051574587793937e+02 7.558267562710010168e+01 5.365183246073298307e+01
1.947274361178401136e+02 7.499746034226771485e+01 5.345108228491052671e+01
1.935126592170039714e+02 7.430565757599437404e+01 5.256360865827928563e+01
1.927054387747128317e+02 7.379713995467687937e+01 5.257255606782839408e+01
1.930163319528014370e+02 7.399687426740642593e+01 5.275392670157068409e+01
1.942634992576385002e+02 7.456239743689927479e+01 5.290380557943267803e+01
1.945167617410330649e+02 7.477959678049542447e+01 5.307740095334844455e+01
1.941807064155661351e+02 7.465745877940142350e+01 5.287930765023052260e+01
1.933680159412362229e+02 7.414534656560131509e+01 5.266468703602406976e+01
1.928943893099945228e+02 7.403410955692740458e+01 5.286024068140970655e+01
1.916742595920918859e+02 7.319910916621083175e+01 5.250582167695553437e+01
1.915174259592091914e+02 7.300644682347424919e+01 5.234644838634054764e+01
1.928397671329217644e+02 7.389493631319840006e+01 5.283257794795655116e+01
1.940285613815738088e+02 7.450812690474329258e+01 5.322626396811752869e+01
1.951353051496444380e+02 7.515230132062201562e+01 5.323278893490661545e+01
1.955632960850199140e+02 7.544651090099242197e+01 5.375775572399781055e+01
1.945905681018988957e+02 7.482761584746424433e+01 5.312190357114948824e+01
1.930536844572946791e+02 7.372520903336719300e+01 5.263003047589278793e+01
1.928862233335938186e+02 7.375959209189653620e+01 5.257939360787684535e+01
1.945808392592013831e+02 7.468766117058684983e+01 5.293045244979292363e+01
1.966726576541376801e+02 7.602082519340470412e+01 5.386031882472454413e+01
1.984095491130733819e+02 7.718117527545518897e+01 5.424142377119637359e+01
1.982273970461826877e+02 7.671958271469875967e+01 5.396042041103383724e+01
1.969008752051261979e+02 7.599363131984058839e+01 5.385070719699929498e+01
1.943941939517074218e+02 7.488970071110416882e+01 5.299910135187934657e+01
1.920450886926623468e+02 7.346354614362741131e+01 5.202625615378604351e+01
1.922623271079159224e+02 7.376838321481596950e+01 5.186754708134719039e+01
1.925855669297491488e+02 7.404129874189263205e+01 5.207193092130967926e+01
1.923377744783933849e+02 7.375861530046104519e+01 5.188208173790732047e+01
1.927890521215909985e+02 7.417793232788935143e+01 5.214878487145424657e+01
1.926891068219113947e+02 7.423482066109244215e+01 5.224958974759709207e+01
1.924529577244666712e+02 7.391638665312181899e+01 5.197171212002812979e+01
1.930900210986950185e+02 7.416167851840275205e+01 5.227600218801281784e+01
1.947759240446979732e+02 7.527389231851215357e+01 5.283816519496757280e+01
1.960866218644995058e+02 7.599124794873797839e+01 5.298015159803078689e+01
1.967757286864108721e+02 7.657927639290458899e+01 5.332671719934359800e+01
1.962986246776588359e+02 7.632011408923966655e+01 5.334168164413534186e+01
1.951448777057122754e+02 7.549218566851605772e+01 5.309951551144799708e+01
1.935756818004219610e+02 7.471712120028131210e+01 5.258068297257169377e+01
1.921104555755255205e+02 7.366038915370789653e+01 5.230608736422598781e+01
1.913349222474017211e+02 7.306501523794639752e+01 5.201687895600531419e+01
1.928436742986637569e+02 7.397597093068688423e+01 5.250046885988903966e+01
1.947986637493162334e+02 7.511635539579589249e+01 5.300890833789169676e+01
1.951347972180979866e+02 7.519528014378370528e+01 5.316652340392279541e+01
1.948613737594748727e+02 7.509638977885441591e+01 5.336918809095881500e+01
1.931898882550597705e+02 7.409693678205829315e+01 5.298136281941079773e+01
1.906663280456357086e+02 7.267672110650933348e+01 5.180104712041885051e+01
1.898521919199812373e+02 7.252988981792607603e+01 5.179713995467687937e+01
1.914520590763460177e+02 7.318773931390170162e+01 5.234019692115339240e+01
1.938433617254043781e+02 7.441689458466828455e+01 5.280120340704852566e+01
1.951662108306634309e+02 7.567531452684222870e+01 5.340228178479330978e+01
1.948318355864655871e+02 7.542095803703993795e+01 5.324537000859576352e+01
1.933439478002656813e+02 7.435942017660389070e+01 5.289532702977260215e+01
1.908248808314448581e+02 7.294104086895366379e+01 5.236832851449558746e+01
1.878956396030319524e+02 7.143740720481362416e+01 5.102817066499960674e+01
1.864168945846682846e+02 7.036797686957881126e+01 5.030046104555755448e+01
1.863320700164100856e+02 7.059861686332733655e+01 5.040825974837852641e+01
1.860983042900679720e+02 7.043885285613815483e+01 5.042369305305930993e+01
1.868495741189341288e+02 7.090028913026490898e+01 5.050261780104712273e+01
1.883491834023599267e+02 7.187766664061889799e+01 5.129588966163944974e+01
1.883244510432132586e+02 7.193678205829490935e+01 5.103086660936156704e+01
1.874453778229272416e+02 7.119438149566305185e+01 5.057392357583808717e+01
1.860536453856372532e+02 7.075326248339455049e+01 5.050382902242713357e+01
1.853005391888723921e+02 7.029397515042587941e+01 4.989817926076424470e+01
1.864427209502227072e+02 7.074490114870673096e+01 5.033496131905915405e+01
1.883683285144955732e+02 7.174232241931703413e+01 5.105419238884113753e+01
1.893686020160975261e+02 7.214448698913807334e+01 5.099179495194186273e+01
1.888811830897866741e+02 7.185086348362897013e+01 5.107200906462452394e+01
1.878696178791904288e+02 7.159635070719700423e+01 5.104887864343205450e+01
1.868173009299054570e+02 7.112213800109400097e+01 5.062327107915918134e+01
1.861843400797061747e+02 7.088348831757443236e+01 5.077119637415019326e+01
1.870865827928420799e+02 7.154262717824489926e+01 5.125341877002422564e+01
1.890118387121981698e+02 7.240474329921075025e+01 5.163510979135735113e+01
1.909109556927404867e+02 7.331327654919121528e+01 5.232601390951003850e+01
1.918649292803000606e+02 7.403035867781511570e+01 5.261018207392357482e+01
1.915415722434945565e+02 7.391216691412049045e+01 5.256739860904899331e+01
1.913900523560209308e+02 7.370973665702899780e+01 5.261338594983199357e+01
1.909972649839806138e+02 7.360291474564351688e+01 5.281358912245057269e+01
1.909593264046260970e+02 7.348941158083925984e+01 5.268641087754942731e+01
1.931872704540126620e+02 7.468738766898492543e+01 5.295768539501445815e+01
1.942239587403297776e+02 7.549593654762834660e+01 5.325189497538485739e+01
1.939665155895913244e+02 7.521606626553098351e+01 5.302242713135890995e+01
1.929145893568805263e+02 7.464874579979682778e+01 5.293975150425880827e+01
1.910744705790419573e+02 7.391587872157536765e+01 5.242982730327420171e+01
1.894222474017347793e+02 7.228100336016254346e+01 5.171774634680003402e+01
1.889725716964913715e+02 7.169086504649527569e+01 5.164679221692583866e+01
1.897288817691646443e+02 7.176951629288114987e+01 5.190165663827459497e+01
1.908083925920137460e+02 7.217402516214737318e+01 5.181964522935062689e+01
1.918815738063608762e+02 7.256689067750254196e+01 5.228674689380323315e+01
1.913168711416738290e+02 7.235469250605611080e+01 5.220450105493475235e+01
1.900265296553879750e+02 7.151707431429241524e+01 5.174720637649448918e+01
1.891587090724388531e+02 7.129499101351879631e+01 5.167101664452606258e+01
1.879522935062905447e+02 7.052750644682348025e+01 5.130768930218020074e+01
1.873947800265687249e+02 7.006907869031803671e+01 5.093287489255294531e+01
1.877554114245526193e+02 7.059498319918731113e+01 5.121669141204969833e+01
1.880110182073923681e+02 7.070477455653669097e+01 5.132054387747128033e+01
1.883100726732828036e+02 7.075955302023912452e+01 5.111619910916621023e+01
1.879718684066578192e+02 7.084129092756114687e+01 5.111580839259201525e+01
1.870365710713448379e+02 7.035367664296319390e+01 5.113839181058060745e+01
1.858316792998359119e+02 7.002563100726732159e+01 5.028451980933031251e+01
1.854494412752989092e+02 7.038934906618739262e+01 5.018641087754942731e+01
1.862946002969445942e+02 7.071969992967102314e+01 5.050574353364069680e+01
1.873426584355708258e+02 7.107736188169101865e+01 5.056435101977025681e+01
1.885282488083144585e+02 7.182503711807454749e+01 5.106743768070641210e+01
1.880904508869266181e+02 7.165937329061499383e+01 5.091810580604829539e+01
1.867309525670079040e+02 7.117214972259122874e+01 5.055950613425021345e+01
1.850392279440494008e+02 7.039501445651325184e+01 5.043768070641556278e+01
1.837640853324998034e+02 6.970289911698054652e+01 4.973110885363757205e+01
1.845872470110182064e+02 6.994389309994529924e+01 4.975291083847776719e+01
1.871916464796436799e+02 7.138716105337188367e+01 5.085813081190904228e+01
1.884976166288973900e+02 7.194740954911307540e+01 5.110314917558802961e+01
1.890286785965460581e+02 7.227955770883801279e+01 5.119672579510822885e+01
1.886821129952332683e+02 7.228240993982964824e+01 5.120911151051027588e+01
1.862131358912245105e+02 7.101793389075564278e+01 5.059533484410408732e+01
1.837793623505509117e+02 6.989735875595842174e+01 5.002543564898022765e+01
1.832254825349691316e+02 6.966667969055247056e+01 5.013022583417988898e+01
1.833630538407439303e+02 6.955974056419472618e+01 5.013979839024771223e+01
1.840660701726967261e+02 6.984625302805345370e+01 5.044795655231695264e+01
1.849127139173243677e+02 7.037876064702665246e+01 5.064991794951941984e+01
1.839716730483707181e+02 6.988485582558412545e+01 5.031956708603578932e+01
1.827880362584980958e+02 6.954524497929202198e+01 5.000644682347424919e+01
1.817519340470422833e+02 6.921626162381808456e+01 4.988845041806673208e+01
1.808219504571383993e+02 6.858619207626787784e+01 4.959611627725248439e+01
1.824184574509650645e+02 6.924130655622411723e+01 5.016855513010862211e+01
1.845825193404704123e+02 7.012803782136438713e+01 5.090478237086816904e+01
1.850993201531609031e+02 7.040915839649917984e+01 5.088270688442603529e+01
1.851450730639993765e+02 7.059767914354927143e+01 5.058619207626787784e+01
1.837111823083535285e+02 6.999179495194185563e+01 5.030546221770727300e+01
1.813535594279909446e+02 6.888649683519574296e+01 4.980780651715245710e+01
1.801769164647964487e+02 6.872087207939360098e+01 4.954684691724622780e+01
1.808262874111119913e+02 6.945862311479253037e+01 4.969055247323591118e+01
1.833411346409314717e+02 7.005825584121278382e+01 5.034879268578573175e+01
1.841117058685629502e+02 7.083234351801203843e+01 5.066433539110729356e+01
1.834696022505274584e+02 7.072028600453231206e+01 5.056798468391028933e+01
1.812202078612174603e+02 6.966718762209893612e+01 5.000718918496522747e+01
1.783183949363132115e+02 6.901965304368211207e+01 4.941294834726889462e+01
1.752394311166679586e+02 6.795788075330155209e+01 4.902133312495116257e+01
1.729711651168242668e+02 6.744455731812143995e+01 4.811127608033132930e+01
1.733208564507306448e+02 6.767789325623192553e+01 4.846620301633195282e+01
1.761057669766351523e+02 6.862182542783465067e+01 4.887032116902398826e+01
1.770244979292021696e+02 6.866472610768148854e+01 4.903770414941001832e+01
1.773627021958271541e+02 6.884320543877471721e+01 4.936684379151363800e+01
1.768633664140032806e+02 6.870645463780573436e+01 4.897050089864811895e+01
1.750974837852621704e+02 6.777748691099476730e+01 4.864526842228647041e+01
1.730126592170039714e+02 6.753887629913261037e+01 4.799015394233023102e+01
1.724271704305696744e+02 6.730808001875439572e+01 4.768949753848558260e+01
1.732686957880753198e+02 6.752609986715636126e+01 4.773700867390794400e+01
1.749207236070954252e+02 6.832659998437134163e+01 4.824579979682738440e+01
1.754124013440650174e+02 6.863784480737672311e+01 4.839810111744940002e+01
1.751505821676955463e+02 6.853895444244744795e+01 4.849238102680315876e+01
1.746363600843947665e+02 6.859416269438149527e+01 4.848929436586700348e+01
1.736274126748456581e+02 6.832210674376807447e+01 4.822466203016332287e+01
1.729962881925451370e+02 6.779913260920528728e+01 4.788860670469641434e+01
1.732278659060717416e+02 6.803227318902867182e+01 4.797249355317652686e+01
1.731150269594436111e+02 6.797280612643588427e+01 4.791638665312182610e+01
1.732841681644135292e+02 6.797534578416816942e+01 4.792283347659607529e+01
1.733367195436430279e+02 6.824841759787450712e+01 4.832663905602875332e+01
1.727332577947956622e+02 6.813585215284832941e+01 4.831526920371962319e+01
1.718399234195514680e+02 6.792533406267094165e+01 4.789571774634679713e+01
1.718549269360006235e+02 6.773013206220207394e+01 4.834105649761662704e+01
1.717382198952879548e+02 6.727295459873407424e+01 4.801617566617176180e+01
1.730275455184809061e+02 6.728924747987809951e+01 4.854797999531140107e+01
1.747844025943580561e+02 6.788020629835118314e+01 4.881550363366414302e+01
1.748105024615144316e+02 6.795248886457763149e+01 4.890779088848948675e+01
1.742718215206689081e+02 6.785727123544580763e+01 4.872614675314526522e+01
1.736829725716964958e+02 6.809783543017894658e+01 4.878072985856059773e+01
1.728369149019301290e+02 6.763217941705087810e+01 4.856497616628897163e+01
1.723963038212081074e+02 6.744834726889114052e+01 4.844772212237243281e+01
1.727818629366257710e+02 6.767316558568414564e+01 4.861221380010940152e+01
1.734519418613737685e+02 6.768324607329843445e+01 4.859869500664218123e+01
1.741248339454559755e+02 6.784500273501602408e+01 4.881835586465577848e+01
1.745823630538407372e+02 6.815476283503946320e+01 4.896018598108931741e+01
1.738543408611393204e+02 6.786106118621552241e+01 4.871852777994842398e+01
1.733375009767914321e+02 6.779245135578651116e+01 4.869977338438696535e+01
1.723318355864655871e+02 6.783789169336563418e+01 4.871856685160584277e+01
1.719362741267484580e+02 6.763417207157927180e+01 4.827533796983667713e+01
1.724744471360475018e+02 6.782523247636164854e+01 4.838067515824021569e+01
1.739697194654997361e+02 6.834652652965539232e+01 4.900121122138001084e+01
1.748637962022349086e+02 6.839587403297647938e+01 4.917285301242478823e+01
1.753082753770414968e+02 6.876807064155661919e+01 4.925584121278424732e+01
1.749029460029694576e+02 6.863882159881222833e+01 4.922294287723685358e+01
1.740491130733765601e+02 6.820664999609283541e+01 4.900754082988200366e+01
1.733640306321794071e+02 6.801004141595686292e+01 4.892220833007736047e+01
1.730125810736891481e+02 6.804086895366101828e+01 4.892170039853090913e+01
1.736022114558099645e+02 6.795448151910603940e+01 4.884687817457216852e+01
1.745686098304290113e+02 6.852438071422989196e+01 4.920469641322184629e+01
1.747817847933109192e+02 6.875420020317261560e+01 4.921313589122450338e+01
1.744831210439946858e+02 6.836551535516136369e+01 4.879116199109166274e+01
1.740969758537157190e+02 6.827850277408766999e+01 4.873259357661952151e+01
1.729505352817066637e+02 6.822200515745878135e+01 4.820473548487926507e+01
1.723190200828319121e+02 6.800285223099163545e+01 4.761088536375712721e+01
1.731350707196999394e+02 6.856259279518637584e+01 4.777912792060639191e+01
1.739195514573728190e+02 6.874185355942799447e+01 4.761182308353520654e+01
1.741604672970227341e+02 6.870864265062124332e+01 4.745694303352347987e+01
1.743374619051340062e+02 6.898644213487536092e+01 4.765753692271626107e+01
1.743139798390247677e+02 6.885574744080643939e+01 4.771493318746581025e+01
1.743500039071657284e+02 6.882886614050167395e+01 4.735836524185356211e+01
1.745945924826131090e+02 6.893256231929358080e+01 4.768250371180745617e+01
1.749240837696335120e+02 6.893549269360006804e+01 4.752664687036023849e+01
1.754871454247089275e+02 6.901445651324529251e+01 4.740962725638821951e+01
1.761620692349769399e+02 6.932984293193717917e+01 4.785043369539735636e+01
1.754318199578026167e+02 6.904680784558881612e+01 4.778268344143158686e+01
1.736783621161209794e+02 6.832023130421193002e+01 4.736391341720715786e+01
1.717931937172774894e+02 6.839270922872547942e+01 4.719813237477534074e+01
1.699874579979682778e+02 6.764659685863874472e+01 4.732503711807454749e+01
1.696589044307259542e+02 6.748683285144956301e+01 4.751637102445885574e+01
1.715001562866296752e+02 6.820790028913026504e+01 4.810881456591388883e+01
1.730681018988825599e+02 6.848695006642181227e+01 4.857306399937485253e+01
1.743810658748143965e+02 6.886055325466905686e+01 4.886461670704071025e+01
1.748147612721731718e+02 6.910123466437445927e+01 4.932417754161131285e+01
1.737136047511135359e+02 6.875423927483004150e+01 4.885981089317808568e+01
1.730637258732515420e+02 6.866886770336797952e+01 4.839325623192935666e+01
1.731217472845198131e+02 6.890021098695007140e+01 4.852457607251699301e+01
1.728268734859732660e+02 6.842545127764319091e+01 4.869621786356177040e+01
1.735046495272329423e+02 6.853379698366805428e+01 4.857372821755098613e+01
1.745940064077518059e+02 6.906200672032507271e+01 4.886868015941236365e+01
1.744727279831210467e+02 6.887821364382277523e+01 4.890915839649917984e+01
1.749317418144877649e+02 6.901629288114401106e+01 4.866175666171758962e+01
1.746488630147690913e+02 6.912366179573336922e+01 4.902512307572087025e+01
1.741860592326326582e+02 6.825654450261779971e+01 4.866015472376338380e+01
1.743879424865202736e+02 6.825056653903259019e+01 4.867465030866609510e+01
1.748771977807298583e+02 6.838583261701961646e+01 4.874075955302023999e+01
1.756918027662733550e+02 6.843236696100647976e+01 4.888919277955771037e+01
1.766590216456982034e+02 6.869090411815268737e+01 4.937692427912791970e+01
1.764213487536141258e+02 6.889708525435648312e+01 4.933015550519652948e+01
1.755265687270454009e+02 6.825111354223646742e+01 4.914171290146128257e+01
1.752157146206141931e+02 6.835246542158319016e+01 4.905317652574822063e+01
1.746142455262952353e+02 6.815312182542783148e+01 4.884187700242244290e+01
1.747578729389700811e+02 6.810709541298741954e+01 4.889399859342033494e+01
1.766095959990622930e+02 6.883191372978041045e+01 4.945877940142220552e+01
1.768211690239899951e+02 6.900965069938266083e+01 4.954985543486754551e+01
1.762558412127842473e+02 6.862553723528952787e+01 4.933171837149331651e+01
1.754292803000703316e+02 6.854579198249589922e+01 4.929120106274908153e+01
1.742515042588106553e+02 6.822688911463623640e+01 4.915265296553879892e+01
1.732318121434711315e+02 6.777693990779089006e+01 4.871669141204969833e+01
1.737170039853090486e+02 6.822868641087754327e+01 4.884828475423927330e+01
1.749057591623036672e+02 6.882105180901773167e+01 4.911330780651715600e+01
1.754406892240368734e+02 6.879170899429553288e+01 4.904950378995076932e+01
1.761258498085488782e+02 6.928072985856060484e+01 4.939606939126358043e+01
1.757698679377979261e+02 6.922653746971946020e+01 4.951832460732984487e+01
1.747673282800656409e+02 6.878827068844260850e+01 4.900316480425099286e+01
1.741804719856216366e+02 6.859603813393763971e+01 4.918437915136360061e+01
1.741809017738532361e+02 6.859834336172539793e+01 4.899640540751738627e+01
1.749409627256388262e+02 6.862166914120497552e+01 4.899886692193482673e+01
1.762006720325076117e+02 6.906188950535282345e+01 4.927772134093928003e+01
1.764290849417832305e+02 6.919152926467140219e+01 4.928928655153551830e+01
1.760732984293193795e+02 6.881714464327576763e+01 4.915433304680784232e+01
1.754959756192857583e+02 6.871985621630069829e+01 4.911869969524106949e+01
1.742800265687270382e+02 6.837426740642338530e+01 4.878537938579354716e+01
1.745951785574744122e+02 6.812866296788310194e+01 4.904825349691333969e+01
1.762531452684222870e+02 6.911975462999140518e+01 4.952617801047120594e+01
1.778260139095100385e+02 6.949921856685161003e+01 4.979999218566851482e+01
1.785136750800969025e+02 6.974185355942799447e+01 4.992689692896772868e+01
1.788236696100648544e+02 6.994955849027115846e+01 5.018773931390169452e+01
1.778750488395717753e+02 6.938696569508478262e+01 4.980784558880987589e+01
1.767938188637961900e+02 6.875154333046808119e+01 4.943529733531296699e+01
1.760223099163866607e+02 6.874451043213252888e+01 4.942248183167929909e+01
1.755559896850824373e+02 6.847175119168555568e+01 4.897663514886301783e+01
1.756043994686254450e+02 6.840200828319137827e+01 4.908670000781432918e+01
1.755518871610533722e+02 6.871880128155036971e+01 4.925111354223646032e+01
1.747992498241775365e+02 6.810353989216223169e+01 4.890568101898882247e+01
1.738515277018051108e+02 6.786153004610456208e+01 4.875150425881065530e+01
1.729863639915605233e+02 6.781179182620927293e+01 4.861432366961006579e+01
1.724203328905212231e+02 6.733546925060561250e+01 4.827021958271470226e+01
1.742164179104477739e+02 6.714335391107290718e+01 4.830096897710400583e+01
1.756462842853793802e+02 6.769621786356177040e+01 4.847819801515980487e+01
1.764020864265062016e+02 6.760361803547706927e+01 4.828229272485739187e+01
1.768135500507931681e+02 6.778838790341485776e+01 4.851293271860592426e+01
1.763714151754317356e+02 6.786199890599358753e+01 4.864960537626006243e+01
1.751825427834648679e+02 6.716902398999765467e+01 4.818824724544815297e+01
1.741385480972102755e+02 6.690380557943268514e+01 4.794654997264984075e+01
1.739445963897788658e+02 6.675056653903259019e+01 4.805618504336953833e+01
1.744414706571852776e+02 6.672466203016331576e+01 4.805153551613659602e+01
1.760938891927795567e+02 6.744303352348207170e+01 4.827158709072438825e+01
1.768061655075408396e+02 6.778147222005156891e+01 4.869231069781979926e+01
1.765983042900679720e+02 6.761033836055325708e+01 4.848405876377275803e+01
1.759472141908259744e+02 6.750906462452137191e+01 4.837418926310854062e+01
1.744632335703680610e+02 6.728389466281159059e+01 4.836391341720715786e+01
1.732430257091505723e+02 6.669367820582948525e+01 4.793943893099945086e+01
1.738033523482066016e+02 6.691376885207471048e+01 4.821368289442838062e+01
1.753979057591623132e+02 6.756106900054700759e+01 4.877416582011409218e+01
1.761732046573415573e+02 6.777568961475346043e+01 4.911334687817457478e+01
1.766307337657263474e+02 6.814405720090645957e+01 4.935543486754708198e+01
1.758752441978588763e+02 6.807122763147613398e+01 4.945506759396733543e+01
1.741244041572243475e+02 6.742978823161678292e+01 4.906204579198249860e+01
1.729114636242869381e+02 6.731476127217317185e+01 4.882745956083456917e+01
1.724028287879971799e+02 6.685996717980776793e+01 4.882792842072360884e+01
1.736114714386184232e+02 6.680886145190278569e+01 4.893912635774009345e+01
1.745862311479253037e+02 6.739102914745643602e+01 4.928444166601547494e+01
1.750355552082519353e+02 6.752731108853637920e+01 4.931241697272798064e+01
1.753354301789482008e+02 6.760690005470031849e+01 4.917453309369383163e+01
1.747654528405094823e+02 6.755180901773853464e+01 4.942216925841994168e+01
1.732622489646010706e+02 6.722200515745878135e+01 4.924841759787450002e+01
1.724777682269281911e+02 6.667844025943580277e+01 4.889153707900289447e+01
1.728935297335312953e+02 6.766941470657185675e+01 4.871981714464327240e+01
1.738750097679143494e+02 6.815960772055950656e+01 4.885180120340704946e+01
1.748596936782058435e+02 6.833746190513402041e+01 4.889009142767836380e+01
1.756258498085488782e+02 6.897296241306555942e+01 4.943908728608267467e+01
1.752581855122294314e+02 6.880034383058529102e+01 4.916988356646088931e+01
1.744776510119559134e+02 6.835731030710323353e+01 4.889251387043838548e+01
1.742789716339767097e+02 6.831108853637570633e+01 4.911612096585137266e+01
1.742822145815425472e+02 6.822954598734078502e+01 4.886922716261624089e+01
1.751115886535906725e+02 6.834328358208955478e+01 4.876291318277721132e+01
1.759102914745643602e+02 6.905563804016566110e+01 4.913815738063608762e+01
1.756110807220442211e+02 6.873861061186215693e+01 4.898882550597796381e+01
1.746629678830975934e+02 6.843049152145033531e+01 4.875150425881065530e+01
1.735131280768930253e+02 6.843686020160974692e+01 4.858673907947174797e+01
1.737973353129639804e+02 6.816132687348597585e+01 4.869262327107915667e+01
1.760973274986324952e+02 6.885312963975931666e+01 4.924345549738220029e+01
1.792334140814253374e+02 6.951965304368211207e+01 4.962139563960302979e+01
1.801385871688677014e+02 6.963057747909665807e+01 4.967324372899898322e+01
1.804310775963116384e+02 6.939317808861451908e+01 4.945209814800343651e+01
1.795797061811362028e+02 6.909170117996404770e+01 4.947335312963976151e+01
1.766629678830975934e+02 6.793123388294131360e+01 4.875041025240290793e+01
1.755270375869344264e+02 6.739638196452293073e+01 4.849679612409158125e+01
1.762794014222083376e+02 6.796971946549972188e+01 4.876428069078690442e+01
1.769815581776979059e+02 6.806392123153864304e+01 4.884855825584121192e+01
1.776097913573493656e+02 6.840825974837852641e+01 4.903817300929905798e+01
1.775140267250136787e+02 6.857154020473548428e+01 4.915253575056654256e+01
1.763770024224427573e+02 6.790392279440493439e+01 4.878733296866452918e+01
1.754118152692037143e+02 6.757583808705165040e+01 4.854950378995076932e+01
1.742640853324998034e+02 6.723970461826991141e+01 4.846788309760100333e+01
1.747575212940533049e+02 6.726404626084239169e+01 4.828084707353286120e+01
1.767395874032976337e+02 6.779756974290849314e+01 4.879631944987106351e+01
1.769694459638977833e+02 6.833124951160428395e+01 4.908400406345236888e+01
1.761700007814331457e+02 6.813288270688443049e+01 4.853156989919512654e+01
1.750250058607486210e+02 6.810760334453387088e+01 4.829131827772133789e+01
1.731365554426818676e+02 6.776357740095335203e+01 4.808388684848011252e+01
1.714052512307572158e+02 6.700914276783620949e+01 4.731640228178479646e+01
1.721315933421895750e+02 6.732546690630616126e+01 4.751051027584590258e+01
1.740553645385637367e+02 6.774216613268734477e+01 4.788626240525123023e+01
1.747169649136516512e+02 6.767562710010159321e+01 4.819199812456044185e+01
1.754015394233023244e+02 6.817320465734157153e+01 4.830214112682659788e+01
1.750040634523716392e+02 6.811315151988746663e+01 4.832445104321325147e+01
1.732059467062592830e+02 6.750695475502071474e+01 4.765488005001171956e+01
1.722165741970774491e+02 6.729604594826912489e+01 4.758119090411815222e+01
1.721718762209893043e+02 6.735199656169415050e+01 4.744756583574275055e+01
1.740552082519340331e+02 6.761033836055325708e+01 4.784898804407283279e+01
1.752406814097053882e+02 6.837383761819175731e+01 4.823880597014925087e+01
1.758439087286082554e+02 6.832073923575838137e+01 4.854493240603266457e+01
1.756165898257404194e+02 6.808005782605297895e+01 4.861408923966554596e+01
1.750280143783699316e+02 6.795299679612409705e+01 4.885703680550128780e+01
1.732047745565366768e+02 6.759666328045635453e+01 4.875177776041259392e+01
1.726051809017738492e+02 6.693439868719231356e+01 4.845725560678283728e+01
1.737370086739079511e+02 6.741412049699148668e+01 4.868043291396421068e+01
1.748513714151754357e+02 6.775212940532937012e+01 4.897960459482690965e+01
1.751384308822380262e+02 6.777608033132764831e+01 4.901019770258654518e+01
1.751563257013362431e+02 6.815241853559427909e+01 4.931300304758927666e+01
1.745648589513167224e+02 6.794018129249042204e+01 4.908662186449949161e+01
1.731826209267797196e+02 6.747792451355786625e+01 4.875799015394233038e+01
1.731230366492146686e+02 6.751930139876533588e+01 4.883554739392045008e+01
1.746807064155661351e+02 6.771485504415097978e+01 4.897882316167851968e+01
1.759296710166445337e+02 6.788262874111120482e+01 4.928702039540517177e+01
1.765818941939517117e+02 6.842295069156833165e+01 4.936098304290067773e+01
1.760539579588966035e+02 6.825166054544034466e+01 4.945381730092990580e+01
1.755362584980854876e+02 6.817664296319449591e+01 4.938411346409314717e+01
1.743569977338438832e+02 6.817734625302804830e+01 4.936074861295616500e+01
1.725237555677111914e+02 6.733035086348363052e+01 4.900777525982652350e+01
1.724858560600140720e+02 6.731292490427443909e+01 4.882515433304681096e+01
1.736966867234507959e+02 6.779178713761037045e+01 4.915538798155817801e+01
1.746894193951707450e+02 6.799847620536063175e+01 4.921876220989294382e+01
1.758825896694537789e+02 6.847874501836368211e+01 4.954024380714229636e+01
1.760758380870516646e+02 6.883671954364304213e+01 4.976857857310307054e+01
1.754492459170118082e+02 6.851926232710790998e+01 4.978549660076580352e+01
1.759048214425255878e+02 6.876299132609204889e+01 4.987754942564663452e+01
1.760729467844026033e+02 6.901058841916074016e+01 5.024548722356802699e+01
1.766365163710244701e+02 6.861283894662811633e+01 4.981890286785965571e+01
1.774408064390091511e+02 6.893240603266390565e+01 5.004797999531140107e+01
1.772530671251074352e+02 6.914710479018519607e+01 5.009889036492928227e+01
1.760790810346175022e+02 6.841072126279597398e+01 4.932968664530749692e+01
1.752797530671251138e+02 6.804422911619910508e+01 4.921880128155036260e+01
1.744746424943346028e+02 6.789333437524419423e+01 4.905985777916698964e+01
1.742212627959678173e+02 6.752899116980542260e+01 4.880733765726342455e+01
1.752645541923888288e+02 6.788430882238024822e+01 4.893228881769164929e+01
1.757930765023052402e+02 6.804923028834883780e+01 4.891115105102758776e+01
1.752670547784637165e+02 6.746499179495194198e+01 4.870254747206376322e+01
1.755204344768305020e+02 6.757786981323748421e+01 4.910127373603188516e+01
1.755768148784871414e+02 6.778498866921934507e+01 4.916218644994920339e+01
1.745178166757833935e+02 6.711319059154489253e+01 4.892150504024380808e+01
1.737294678440259474e+02 6.716097522856919966e+01 4.857325935766195357e+01
1.736812143471126149e+02 6.705434867547081979e+01 4.877162616238180703e+01
1.735150425881065814e+02 6.682136438227709618e+01 4.838149566304602445e+01
1.746926623427365826e+02 6.737938579354536728e+01 4.873314057982339875e+01
1.747975697429085074e+02 6.752016097522856342e+01 4.858369149019301148e+01
1.743037039931233778e+02 6.732152066890677133e+01 4.822938970071110276e+01
1.737839337344690023e+02 6.753582870985387387e+01 4.815495819332656424e+01
1.726670313354692610e+02 6.726162381808237001e+01 4.769500664218175956e+01
1.718918496522622377e+02 6.689630382120809315e+01 4.738251152613894135e+01
1.732100101586309222e+02 6.770622020786122164e+01 4.791478471516762028e+01
1.737318512151285574e+02 6.769731186996952488e+01 4.810420411033835819e+01
1.739698366804719853e+02 6.772868641087754327e+01 4.812440415722434750e+01
1.739144330702508512e+02 6.799085723216379051e+01 4.828803625849808867e+01
1.727575994373681283e+02 6.772821755098851781e+01 4.800851762131749467e+01
1.722526373368758357e+02 6.742494334609673956e+01 4.791552707665859145e+01
1.724799171680862742e+02 6.764901930139876640e+01 4.815546612487301559e+01
1.721661717590060050e+02 6.736676564819879331e+01 4.816101430022661845e+01
1.725748612956161594e+02 6.737395483316402078e+01 4.794455731812143284e+01
1.727282956943033412e+02 6.761912948347269037e+01 4.807603344533875145e+01
1.724923419551457471e+02 6.743928264436976860e+01 4.784703446120184367e+01
1.725793154645620007e+02 6.748046417129015140e+01 4.804606548409783784e+01
1.724140423536766491e+02 6.762010627490818138e+01 4.837082910057044671e+01
1.717377901070563553e+02 6.727541611315152181e+01 4.825158240212549998e+01
1.711026412440415641e+02 6.705692740486051662e+01 4.818687973743845987e+01
1.709662030163319457e+02 6.708162069234977309e+01 4.799652262248964263e+01
1.709529577244666712e+02 6.698382433382823820e+01 4.770899429553801951e+01
1.722159881222161459e+02 6.720739235758381369e+01 4.819395170743143098e+01
1.725289520981480109e+02 6.770610299288895817e+01 4.833546925060561250e+01
1.721367508009689686e+02 6.739141986403063811e+01 4.805884191607407985e+01
1.717874501836367926e+02 6.734500273501602408e+01 4.803477377510353818e+01
1.712919434242400598e+02 6.739227944049386565e+01 4.815417676017816717e+01
1.697795186371805869e+02 6.670411033836055026e+01 4.774357271235445666e+01
1.700572009064624410e+02 6.678721575369226571e+01 4.798640306321794213e+01
1.713214425255919480e+02 6.721493318746581735e+01 4.844889427209502486e+01
1.715986950066421741e+02 6.713296085019926807e+01 4.797448620770492766e+01
1.716971555833398497e+02 6.748952879581152331e+01 4.788852856138157676e+01
1.717066109244354095e+02 6.796659373290614781e+01 4.771676955536453590e+01
1.710736891458935816e+02 6.754567476752363575e+01 4.735953739157615416e+01
1.704477221223724257e+02 6.761197937016488879e+01 4.719680393842306643e+01
1.701957880753301424e+02 6.779600687661169900e+01 4.733167929983589772e+01
1.702851449558490344e+02 6.770985387200124705e+01 4.736680471985621921e+01
1.714735094162694509e+02 6.803942330233648761e+01 4.752664687036023849e+01
1.728168711416738290e+02 6.873732124716730141e+01 4.794494803469563493e+01
1.731883253887629905e+02 6.867070407126669807e+01 4.777963585215285036e+01
1.733674298663749198e+02 6.868656716417910957e+01 4.769813237477534074e+01
1.727586934437758828e+02 6.845799796827381556e+01 4.769797608814565848e+01
1.716509338126123225e+02 6.792951473001484430e+01 4.732015316089708534e+01
1.709143939985934253e+02 6.795221536297569287e+01 4.722962413065562259e+01
1.706075252012190333e+02 6.796378057357192404e+01 4.716046729702274121e+01
1.705276236617957295e+02 6.778323044463546410e+01 4.722645932640462263e+01
1.711479643666484378e+02 6.795838868484801765e+01 4.750125029303742963e+01
1.716045948269125461e+02 6.805001172149722777e+01 4.784519809330311801e+01
1.716577322810033479e+02 6.779088848948973123e+01 4.747753379698367127e+01
1.712375166054544025e+02 6.761541767601781316e+01 4.740239899976557325e+01
1.706546456200672139e+02 6.754227553332812306e+01 4.756040478237086688e+01
1.704141595686488984e+02 6.743994686254590931e+01 4.704032195045714104e+01
1.711538641869188098e+02 6.790521215909978991e+01 4.741251855903727375e+01
1.715488005001172098e+02 6.813331249511604426e+01 4.759920293818863968e+01
1.716260060951785533e+02 6.787161053371883668e+01 4.763483628975541251e+01
1.712187231382355321e+02 6.793787606470266383e+01 4.744330702508400321e+01
1.702413846995389406e+02 6.758154254903493552e+01 4.707728373837618108e+01
1.691930530593107846e+02 6.711717590060170835e+01 4.665370790028912751e+01
1.697554114245526193e+02 6.746542158318355575e+01 4.712432601390950992e+01
1.707693990779088722e+02 6.772462295850590408e+01 4.753153082753770065e+01
1.714928498866921984e+02 6.782636555442681470e+01 4.768484801125264028e+01
1.715672032507619065e+02 6.817562710010159321e+01 4.775623192935844230e+01
1.711944987106353153e+02 6.788536375713057680e+01 4.807337657263420994e+01
1.704886301476908557e+02 6.763757130577478449e+01 4.764960537626006243e+01
1.697633429710088251e+02 6.760861920762678778e+01 4.756837540048449142e+01
1.695507540829881918e+02 6.749433460967414078e+01 4.747987809642884827e+01
1.705920137532233980e+02 6.766367117293115996e+01 4.766406188950535494e+01
1.715884191607408127e+02 6.825841994217394415e+01 4.795530202391185526e+01
1.715632960850199140e+02 6.814655778698131883e+01 4.801707431429241524e+01
1.710005079315464513e+02 6.790548566070172853e+01 4.785000390716574259e+01
1.702584199421739584e+02 6.791435492693599940e+01 4.778174572165351464e+01
1.693407439243572696e+02 6.740435258263656237e+01 4.754938657497851295e+01
1.695818551222942858e+02 6.735922481831678965e+01 4.737993279674923741e+01
1.698467609595999193e+02 6.752098148003437927e+01 4.755184808939595342e+01
1.699032585762288079e+02 6.750879112291943329e+01 4.742634992576385145e+01
1.703829803860279810e+02 6.765038680940845950e+01 4.758654372118465403e+01
1.701363991560521924e+02 6.756165507540829651e+01 4.788376181917637098e+01
1.698117136828944354e+02 6.728205829491287204e+01 4.775537235289520765e+01
1.700961944205673149e+02 6.727873720403219693e+01 4.784629209971087249e+01
1.697312651402672543e+02 6.716300695475501925e+01 4.783925920137532017e+01
1.697138001094006370e+02 6.708740329764788157e+01 4.756321794170509065e+01
1.703112057513479840e+02 6.728463702430256888e+01 4.766933656325701207e+01
1.711189731968430010e+02 6.744162694381495271e+01 4.814186918809095772e+01
1.717841681644135292e+02 6.755903727436117379e+01 4.807470500898648424e+01
1.726632413846995462e+02 6.780952567007892640e+01 4.822610768148784643e+01
1.724408064390091511e+02 6.797866687504884453e+01 4.826928186293662293e+01
1.720258263655544226e+02 6.754985543486755262e+01 4.800019535828710104e+01
1.714901930139876640e+02 6.730530593107759785e+01 4.794959756192857725e+01
1.707683832148159695e+02 6.716261623818081716e+01 4.793967336094397069e+01
1.708173009299054570e+02 6.705681018988825315e+01 4.764038446510900826e+01
1.716772290380557990e+02 6.756485895131670816e+01 4.820133625068375238e+01
1.728171055716183560e+02 6.784039227944049344e+01 4.838294131437055512e+01
1.737982339610846338e+02 6.787700242244275728e+01 4.840548566070172853e+01
1.745020317261858338e+02 6.818836446042041644e+01 4.882835820895522261e+01
1.744755020707978304e+02 6.799226381183089529e+01 4.882706884426037419e+01
1.733824724544815297e+02 6.733027272016879294e+01 4.854540126592169713e+01
1.726433148394154955e+02 6.733410174259591940e+01 4.830268813003047512e+01
1.716057669766351523e+02 6.702906931312026018e+01 4.823513323435179956e+01
1.703371493318746559e+02 6.676326482769398751e+01 4.775841994217394415e+01
1.704164257247792591e+02 6.707923732124716309e+01 4.783089786668750776e+01
1.706226459326404665e+02 6.712002813159334380e+01 4.786723450808783298e+01
1.705447761194029965e+02 6.687672892084081866e+01 4.787469719465499907e+01
1.712854184574509588e+02 6.716382745956083511e+01 4.796667187622099249e+01
1.716056497616629031e+02 6.710545440337578782e+01 4.803285926388997495e+01
