1.734752314438850078e+02 6.652652265713821578e+01 3.657810622056196337e+01
1.713790157544258648e+02 6.469027123599155971e+01 3.580302095176222110e+01
1.717046938444047441e+02 6.488919928536624582e+01 3.601019977261653082e+01
1.713534188728276888e+02 6.444323534188728786e+01 3.584823777813870294e+01
1.714265064154620859e+02 6.439057982783823775e+01 3.600038980022738144e+01
1.723147961669644417e+02 6.504109144063667713e+01 3.675338638947539494e+01
1.728158518759135802e+02 6.490332954360890483e+01 3.715692707487412605e+01
1.731604027935682950e+02 6.502738346597368491e+01 3.747734286178333463e+01
1.744877700178658415e+02 6.604102647393210646e+01 3.826067890206269340e+01
1.749865518921552621e+02 6.615179470521357530e+01 3.850462887770017772e+01
1.750812733474094500e+02 6.603709598830599248e+01 3.846555140490498559e+01
1.757127172324183846e+02 6.644726327757024364e+01 3.886142601916517947e+01
1.758743868767256799e+02 6.634857885333767058e+01 3.890242000974500769e+01
1.759425369498132170e+02 6.625915218450543875e+01 3.872057820367061964e+01
1.763597206431703626e+02 6.674075036543771944e+01 3.899044989442910492e+01
1.760004872502842375e+02 6.650271235991554875e+01 3.873925613123274303e+01
1.755766119863569941e+02 6.612834172486600437e+01 3.848325483189865537e+01
1.751038492772454163e+02 6.572843917492285470e+01 3.865785285041416586e+01
1.739773266201071920e+02 6.552252720480753112e+01 3.776452817930810113e+01
1.731807048887445148e+02 6.519119701153158530e+01 3.692203995452330645e+01
1.719696605489686476e+02 6.421682637648204661e+01 3.648215039792106751e+01
1.708086405717070022e+02 6.349719019002760945e+01 3.589962644144875981e+01
1.709986356992041578e+02 6.376170212765957501e+01 3.587107357479291636e+01
1.709253207731037776e+02 6.377031021601429472e+01 3.603517947052135639e+01
1.705931784960207835e+02 6.353584537924313480e+01 3.576371609550105291e+01
1.710421309079096943e+02 6.384291050836446146e+01 3.600964755562774400e+01
1.704377456553516197e+02 6.342410264739321235e+01 3.569241513724216475e+01
1.699568621081695596e+02 6.280607438687672328e+01 3.534075036543771375e+01
1.711655351632288387e+02 6.389978885821016519e+01 3.584459964268312149e+01
1.722876725678090111e+02 6.469066103621894115e+01 3.626886470683774633e+01
1.718409290238752760e+02 6.435039792106545065e+01 3.616702939743381506e+01
1.722608738021763770e+02 6.444430729251259038e+01 3.622972226733799062e+01
1.723946727302257500e+02 6.442826051648529528e+01 3.640519733636511290e+01
1.727396459314601316e+02 6.387013155757674099e+01 3.681802826051648481e+01
1.741059282117914506e+02 6.461364300795841586e+01 3.786996914081533561e+01
1.752367711547831846e+02 6.506266038655189732e+01 3.843485463699853710e+01
1.746164365762546709e+02 6.449355205457203510e+01 3.824498944291050861e+01
1.750228682800064917e+02 6.483449732012343247e+01 3.841169400682150581e+01
1.755821991229494756e+02 6.525976936819880336e+01 3.882757836608737989e+01
1.749933409127822017e+02 6.464963456228683469e+01 3.840227383465973787e+01
1.745996426831248982e+02 6.432428130583076609e+01 3.838804612636023705e+01
1.751022575929835909e+02 6.477648205294786976e+01 3.866051648530128659e+01
1.747381841806074476e+02 6.432191002111417788e+01 3.855527042390774994e+01
1.739212278707162511e+02 6.364541172649017398e+01 3.821481240864056872e+01
1.730856910833198015e+02 6.335306155595257138e+01 3.788510638297872646e+01
1.727007958421309013e+02 6.353337664446971189e+01 3.776228682800064718e+01
1.724829299983758233e+02 6.429397433815169904e+01 3.776767906447945222e+01
1.717834984570407642e+02 6.436524281305830186e+01 3.802091927886957734e+01
1.713870716257917763e+02 6.433389637810621764e+01 3.773899626441448873e+01
1.714853012830924115e+02 6.455780412538574353e+01 3.795910345947702069e+01
1.715696280656163708e+02 6.452902387526393113e+01 3.793087542634400222e+01
1.719375345135617863e+02 6.473071300958258689e+01 3.765993178496020732e+01
1.723245411726490204e+02 6.487376969303231533e+01 3.792850414162741401e+01
1.711949975637485863e+02 6.393656001299333980e+01 3.762614909858697132e+01
1.705616046776027304e+02 6.326178333604028126e+01 3.739857073249959285e+01
1.708411888906935303e+02 6.353178496020789368e+01 3.758655189215527059e+01
1.700715283417248713e+02 6.301214877375345225e+01 3.740451518596719183e+01
1.694935195712197640e+02 6.263332791944128530e+01 3.709845704076660411e+01
1.693783660873802148e+02 6.258184180607438662e+01 3.726103621893779660e+01
1.676594120513236987e+02 6.113366899464024584e+01 3.638837095988306203e+01
1.667767094364138245e+02 6.058148448919928342e+01 3.592843917492285044e+01
1.679436089004385337e+02 6.159616696443072925e+01 3.648361214877375147e+01
1.682212441123924123e+02 6.185476693194737408e+01 3.668653565047912934e+01
1.677494559038492810e+02 6.185629364950462872e+01 3.637424070164041012e+01
1.679493909371447273e+02 6.230787721292837489e+01 3.674731200259866881e+01
1.678740295598505838e+02 6.261240864057170796e+01 3.659480266363488710e+01
1.682906610362189497e+02 6.288081858047750217e+01 3.681439012506090336e+01
1.692145525418223144e+02 6.366516160467759988e+01 3.701854799415299624e+01
1.692449894429105086e+02 6.396637973038817648e+01 3.716417086243300361e+01
1.692098749390937087e+02 6.383628390449894141e+01 3.712791944128633759e+01
1.699226896215689351e+02 6.440396296897840500e+01 3.761500730875426513e+01
1.704732499593958153e+02 6.458437550755238021e+01 3.756774403118402006e+01
1.703177846353743803e+02 6.402494721455254023e+01 3.732333928861458361e+01
1.694511937631963576e+02 6.289312977099236690e+01 3.670855936332629454e+01
1.686500893292187868e+02 6.183056683449731850e+01 3.617212928374208047e+01
1.690081858047750529e+02 6.190547344485950987e+01 3.624979697904823439e+01
1.695809647555627748e+02 6.238768880948514095e+01 3.658577229170050060e+01
1.689841481240864027e+02 6.213438362839045226e+01 3.617739158681175837e+01
1.688322884521682568e+02 6.165203833035569403e+01 3.637290888419684620e+01
1.688332304693844321e+02 6.163826538898814533e+01 3.682043202858535125e+01
1.685354555790157463e+02 6.144209842455741466e+01 3.671476368361214782e+01
1.694987169075848499e+02 6.212165015429592074e+01 3.722955985057657813e+01
1.701475393860646363e+02 6.242735098262140525e+01 3.768621081695631148e+01
1.693604027935682836e+02 6.164157869092090181e+01 3.702998213415624207e+01
1.694682800064966841e+02 6.175666720805587317e+01 3.712603540685398684e+01
1.703598830599317751e+02 6.246616858859834309e+01 3.743644632126035532e+01
1.703167776514536342e+02 6.260802338801364186e+01 3.735760922527204997e+01
1.708938444047425662e+02 6.311586811758973425e+01 3.782078934546045446e+01
1.717790157544258705e+02 6.357466298522007264e+01 3.823988955660224320e+01
1.709586162091927974e+02 6.291391911645281709e+01 3.781936007796004873e+01
1.710422933246711068e+02 6.310095825889231946e+01 3.790433652752964377e+01
1.714317037518272002e+02 6.349930160792593625e+01 3.834065291538086484e+01
1.705356829624817294e+02 6.250732499593958380e+01 3.780847815494558972e+01
1.695327269774240619e+02 6.187740782848789678e+01 3.714640246873477025e+01
1.693491960370310210e+02 6.161357804125385940e+01 3.688751015104758579e+01
1.690453142764333165e+02 6.123349033620269921e+01 3.657690433652752660e+01
1.692054572031833573e+02 6.128318986519408895e+01 3.645973688484651376e+01
1.698091927886957819e+02 6.202433003085918273e+01 3.684729576092252756e+01
1.698917329868442323e+02 6.194455091765470200e+01 3.666873477342861776e+01
1.698317687185317482e+02 6.179554978073737459e+01 3.675263927237291028e+01
1.694570732499593930e+02 6.165077147961669368e+01 3.683862270586324428e+01
1.696609062855286538e+02 6.177044014942342187e+01 3.658941042715608205e+01
1.704007146337501979e+02 6.248877700178658756e+01 3.689485138866331226e+01
1.707337664446970962e+02 6.286639597206431773e+01 3.723758323859022568e+01
1.708017865843755203e+02 6.280831573818417723e+01 3.712512587299008970e+01
1.714360890043852521e+02 6.331391911645281567e+01 3.743160630177034420e+01
1.712344648367711670e+02 6.323167126847490493e+01 3.734191976611986519e+01
1.711926912457365688e+02 6.312087055384115786e+01 3.724362514211466646e+01
1.718074711710248437e+02 6.362303069676790557e+01 3.779486763033945351e+01
1.713960045476693210e+02 6.364089654052298073e+01 3.776105246061393217e+01
1.708500893292187754e+02 6.306087380217638128e+01 3.766996914081533276e+01
1.714906285528666672e+02 6.338850089329218918e+01 3.796521032970602505e+01
1.708687022900763282e+02 6.330810459639435095e+01 3.781182394023063154e+01
1.694878674679226833e+02 6.298479779113204557e+01 3.740432028585350110e+01
1.695127821991229382e+02 6.378418060743868523e+01 3.780045476693194928e+01
1.689048562611661453e+02 6.393370147799252834e+01 3.787760272860159461e+01
1.680153971089816594e+02 6.350979373071300671e+01 3.748715283417248401e+01
1.685189865194087986e+02 6.368725028422933576e+01 3.773802176384602802e+01
1.686822803313301904e+02 6.372421633912620109e+01 3.756725678089978970e+01
1.685031671268475009e+02 6.311950625304531570e+01 3.733103784310540618e+01
1.694370310216014275e+02 6.367750527854474285e+01 3.789738509014130585e+01
1.697998700665908700e+02 6.366990417411076919e+01 3.779844079909046428e+01
1.692012018840344183e+02 6.300838070488874365e+01 3.729144063667370546e+01
1.683191164528179229e+02 6.285882735098262231e+01 3.744541172649017113e+01
1.677899301607926077e+02 6.276348871203508395e+01 3.748000649667045536e+01
1.677681987981159750e+02 6.263833035569270891e+01 3.737037518271885972e+01
1.679792431378918423e+02 6.303076173461101206e+01 3.762471983108656559e+01
1.678570082832548280e+02 6.284654864382004291e+01 3.756387851226246255e+01
1.673700178658437494e+02 6.246616858859834309e+01 3.726061393535812982e+01
1.675334416111742826e+02 6.262420009745005700e+01 3.731489361702127638e+01
1.666570082832548394e+02 6.205031671268474724e+01 3.697086243300308439e+01
1.663656650966379686e+02 6.177722917005034731e+01 3.684265064154620717e+01
1.661626116615234707e+02 6.173610524606139194e+01 3.710527854474581488e+01
1.653532889394185474e+02 6.137057008283255044e+01 3.686480428780249952e+01
1.654635374370635077e+02 6.172226733798927967e+01 3.665093389637810617e+01
1.661137891830436786e+02 6.196504791294461256e+01 3.702280331330193519e+01
1.649842130907909734e+02 6.132996589248010366e+01 3.667568621081695568e+01
1.652501218125710523e+02 6.149121325320773224e+01 3.659740133181744426e+01
1.663686860484002068e+02 6.229121325320772939e+01 3.685320773103784120e+01
1.657736560012993436e+02 6.168893941854799579e+01 3.618395322397271485e+01
1.654691245736559893e+02 6.122351794705213734e+01 3.553951599805100159e+01
1.662799740133181672e+02 6.165749553353906265e+01 3.589020626928699187e+01
1.659734611011856487e+02 6.142368036381354557e+01 3.560279356829624930e+01
1.662493746954685605e+02 6.157050511612798260e+01 3.562816306642845632e+01
1.674125385739808394e+02 6.247253532564560885e+01 3.625346759785610118e+01
1.671672892642520765e+02 6.233139515998050939e+01 3.614036056521032947e+01
1.667506902712359818e+02 6.193256456066266225e+01 3.572610037355855184e+01
1.669805749553353849e+02 6.187821991229495211e+01 3.587195062530452816e+01
1.668058794867630468e+02 6.163397758648692815e+01 3.553201234367386974e+01
1.671352931622543565e+02 6.191330193275945959e+01 3.563615397108981853e+01
1.684171187266526033e+02 6.313418872827676154e+01 3.631625791781711854e+01
1.689286015916842700e+02 6.352398895566022219e+01 3.659080721130420955e+01
1.686640246873477338e+02 6.331784960207893675e+01 3.636985544908234402e+01
1.687277895078772190e+02 6.310073087542634340e+01 3.699051486113366849e+01
1.691562124411239267e+02 6.345457203183368478e+01 3.740834822153646400e+01
1.700185804775052816e+02 6.435832385902224928e+01 3.831151534838395634e+01
1.698726327757024421e+02 6.405479941529965515e+01 3.830154295923339447e+01
1.685944453467597839e+02 6.310790969628065739e+01 3.779912294948838536e+01
1.688503167126847586e+02 6.321900276108494410e+01 3.797547506902712655e+01
1.690794217963293704e+02 6.335972064317037677e+01 3.809783985707324661e+01
1.680462887770017915e+02 6.279343836283904778e+01 3.774731200259866881e+01
1.676396621731362586e+02 6.243514698716907674e+01 3.761016728926425401e+01
1.670574955335390541e+02 6.193003085918466866e+01 3.740383303556927075e+01
1.661724541172648912e+02 6.154406366737047307e+01 3.693613772941367301e+01
1.671291862920253379e+02 6.179441286340750139e+01 3.715211953873640027e+01
1.669885658599967542e+02 6.192733474094526258e+01 3.721737859347084765e+01
1.656901413025824183e+02 6.083332791944128815e+01 3.643472470358940996e+01
1.661097612473607228e+02 6.109738509014130159e+01 3.684693844404742435e+01
1.666969628065616291e+02 6.145619619944778123e+01 3.700055221698879393e+01
1.663464999187916078e+02 6.125060906285528972e+01 3.669036868604840151e+01
1.669594282929998315e+02 6.154373883384765520e+01 3.684878999512749687e+01
1.671122949488387235e+02 6.202608413188241343e+01 3.711414649991878889e+01
1.667607276270911143e+02 6.159603703102160210e+01 3.683690108819229891e+01
1.668343998700665907e+02 6.166275783660874055e+01 3.688432678252395647e+01
1.671672892642520765e+02 6.213935358128959052e+01 3.711320448270261352e+01
1.672537274646743413e+02 6.221780087705051443e+01 3.712876400844567115e+01
1.677450381679389295e+02 6.250589572843917807e+01 3.732655514049049827e+01
1.678592821179145744e+02 6.266828000649667274e+01 3.746886470683774917e+01
1.672456715933084297e+02 6.254282929998375806e+01 3.701747604352769372e+01
1.665105083644632202e+02 6.233480591197011478e+01 3.703755075523793749e+01
1.663984732824427510e+02 6.294841643657625241e+01 3.737869092090303980e+01
1.665729413675491344e+02 6.344248822478479610e+01 3.742348546369985485e+01
1.669809972389150516e+02 6.385057657950300580e+01 3.761234367386714439e+01
1.665454929348708788e+02 6.370160792593795662e+01 3.760958258892317474e+01
1.667170375182718942e+02 6.360899788858210258e+01 3.763949975637486034e+01
1.677419522494721491e+02 6.427990904661361071e+01 3.795082020464511885e+01
1.678524606139353637e+02 6.426444697092739489e+01 3.782121162904011413e+01
1.680944291050836341e+02 6.427708299496508459e+01 3.791707000162416819e+01
1.687406853987331488e+02 6.457407828487899337e+01 3.825551404904986441e+01
1.682286178333604028e+02 6.406236803638135768e+01 3.797472795192464190e+01
1.682481078447295886e+02 6.395069027123599170e+01 3.784083157381842000e+01
1.688225109631314069e+02 6.446863732337176600e+01 3.825138866331005261e+01
1.682658437550755366e+02 6.392018840344323394e+01 3.800103946727302429e+01
1.678591846678577326e+02 6.339824589897677498e+01 3.788731525093389507e+01
1.688420009745005643e+02 6.423280818580477103e+01 3.821754101023225303e+01
1.687543284066915703e+02 6.420334578528503755e+01 3.818353094039304807e+01
1.682621081695631062e+02 6.412928374208217974e+01 3.788906935195711867e+01
1.686358291375669864e+02 6.429166802013968152e+01 3.823829787234042499e+01
1.686506090628552954e+02 6.361513724216339227e+01 3.797696930323209585e+01
1.684605489686535691e+02 6.314828650316712810e+01 3.776462562936495004e+01
1.695566672080558703e+02 6.382813058307617382e+01 3.838733149261003774e+01
1.698158518759135802e+02 6.399100211141789885e+01 3.854533051810946631e+01
1.696242975475068988e+02 6.352925125872990009e+01 3.834468085106382773e+01
1.696614909858697331e+02 6.362007471171024520e+01 3.831778463537437318e+01
1.695489036868604842e+02 6.358418060743868949e+01 3.831869416923826321e+01
1.696602566184830323e+02 6.368929673542309899e+01 3.830761734611012059e+01
1.707653727464674489e+02 6.462075686210816627e+01 3.896608738021763685e+01
1.714911482865031758e+02 6.513867143089166234e+01 3.926246548643820233e+01
1.716843917492285243e+02 6.524885496183206612e+01 3.909572843917491980e+01
1.711193113529316179e+02 6.443293811921390102e+01 3.884070164040929285e+01
1.702579827838232802e+02 6.370433652752964093e+01 3.842627903199610273e+01
1.705266850738996141e+02 6.391197011531590277e+01 3.863936982296573319e+01
1.708654539548481353e+02 6.410336202696117880e+01 3.886486925450706309e+01
1.703849277245411713e+02 6.386421958746142735e+01 3.821510475881110835e+01
1.703886957934058728e+02 6.418226408965405483e+01 3.811645281793081352e+01
1.706336852363163814e+02 6.453818418060744477e+01 3.805457203183368620e+01
1.699664446970927258e+02 6.413483839532239017e+01 3.785496183206107190e+01
1.705006983920740709e+02 6.479438038005521605e+01 3.787159330842943206e+01
1.710813383141140207e+02 6.505327269774240051e+01 3.838275133993828092e+01
1.701822640896540406e+02 6.431190514861133067e+01 3.790173785934708661e+01
1.703598505765795039e+02 6.452590547344486538e+01 3.789173298684423941e+01
1.709470521357804103e+02 6.502471983108657128e+01 3.823189865194088100e+01
1.701867792756212339e+02 6.462452493097288198e+01 3.790794217963293988e+01
1.702844242325807897e+02 6.492252720480753680e+01 3.836940068215039901e+01
1.705954198473282304e+02 6.526217313626766270e+01 3.866753288939418809e+01
1.695343511450381584e+02 6.431700503491960319e+01 3.804131882410264609e+01
1.692944291050836512e+02 6.396556764658112826e+01 3.797992528828974912e+01
1.704560337826863758e+02 6.461763846028910052e+01 3.852603540685398542e+01
1.704474256943316561e+02 6.474565535163229413e+01 3.842790319961019918e+01
1.706147474419360037e+02 6.465314276433328189e+01 3.847672567808997712e+01
1.704678252395647178e+02 6.450521357804124989e+01 3.838976774403118242e+01
1.700433003085918529e+02 6.397118726652590226e+01 3.820373558551242610e+01
1.701800227383465938e+02 6.388461913269449610e+01 3.828114341400032572e+01
1.707761247360727737e+02 6.457008283254832293e+01 3.858431054084781664e+01
1.710330680526230367e+02 6.463859022251095610e+01 3.859074224459964597e+01
1.709916517784635346e+02 6.442865031671269094e+01 3.862082182881273695e+01
1.705346759785609834e+02 6.416910833197985653e+01 3.832340425531914718e+01
1.702295598505765781e+02 6.376660711385414970e+01 3.818928049374695632e+01
1.708289101835309509e+02 6.428228033133019892e+01 3.846555140490498559e+01
1.706213415624492313e+02 6.439044989442911060e+01 3.836660711385415112e+01
1.701530940393048468e+02 6.373055059282118151e+01 3.782858535000811884e+01
1.693430891668020024e+02 6.301289589085593690e+01 3.765200584700340869e+01
1.676455416598992940e+02 6.191349683287315031e+01 3.696426831248984968e+01
1.664038655189215490e+02 6.118486275783661199e+01 3.590589572843917665e+01
1.668319311352931607e+02 6.188621081695630721e+01 3.630576579503004808e+01
1.662382329056358685e+02 6.195185967191814314e+01 3.595315900600942172e+01
1.651100860808835478e+02 6.120422283579665645e+01 3.542588923176872129e+01
1.651978560987493836e+02 6.121562449244762405e+01 3.564177359103459253e+01
1.651043690108819249e+02 6.097973038817605840e+01 3.558223160630176807e+01
1.650606789020627048e+02 6.095871365924963214e+01 3.550784472957609239e+01
1.661056358616209252e+02 6.168370959883059612e+01 3.597950300471008944e+01
1.665311677765145362e+02 6.164953711222997867e+01 3.609686535650479300e+01
1.656269611823940124e+02 6.075595257430566676e+01 3.555809647555627606e+01
1.659019327594607773e+02 6.072376157219424897e+01 3.563885008932921750e+01
1.663759623193113555e+02 6.102342049699529269e+01 3.589475393860646335e+01
1.665990904661361185e+02 6.101169400682150723e+01 3.584625629364950328e+01
1.672338801364300878e+02 6.158567484164365879e+01 3.617141464999188116e+01
1.675777164203345819e+02 6.178515510800714594e+01 3.627818742894266535e+01
1.670436576254669490e+02 6.201270099074224618e+01 3.597047263277570295e+01
1.668456066266038533e+02 6.244911482865031616e+01 3.613240214390125260e+01
1.662177359103459366e+02 6.226769530615559489e+01 3.594279681663147841e+01
1.654389800227383489e+02 6.184807536137729755e+01 3.553617021276595977e+01
1.649570245249309721e+02 6.156985544908234687e+01 3.561523469222023408e+01
1.640299821341562563e+02 6.094598018515510773e+01 3.515130745492935205e+01
1.641997401331817343e+02 6.103241838557739385e+01 3.497290888419684762e+01
1.646827350982621283e+02 6.145473444859509726e+01 3.529874939093714659e+01
1.642672405392236499e+02 6.100324833522819290e+01 3.519850576579503354e+01
1.641295111255481629e+02 6.069147312002598937e+01 3.502819554978074024e+01
1.640505765795030015e+02 6.063826538898814533e+01 3.512736722429755076e+01
1.634851063829787279e+02 6.005054409615072331e+01 3.480857560500243864e+01
1.642805262303069753e+02 6.064661361052460364e+01 3.500727627091115579e+01
1.654330355692707428e+02 6.145220074711710367e+01 3.553003085918467008e+01
1.644200747117102424e+02 6.066818255643982383e+01 3.528241026473931896e+01
1.643254182231606251e+02 6.028026636348871392e+01 3.529296735423096010e+01
1.656143901250609076e+02 6.101403280818580299e+01 3.610566834497320343e+01
1.655159330842942893e+02 6.082891018353094381e+01 3.617492285203832836e+01
1.654003248335228307e+02 6.078333604027935877e+01 3.615738184180607107e+01
1.660000324833522711e+02 6.133600779600454445e+01 3.658297872340425272e+01
1.656539548481403301e+02 6.086574630501867489e+01 3.632700990742244329e+01
1.658882247847977851e+02 6.090326457690433415e+01 3.633659249634562372e+01
1.667891180769855453e+02 6.170972876400844598e+01 3.674487575117752414e+01
1.668760110443397764e+02 6.172645769043365505e+01 3.681383790807211653e+01
1.666301445509176631e+02 6.152762709111580364e+01 3.657242163391261869e+01
1.670382329056358515e+02 6.182601916517784701e+01 3.683105408478154885e+01
1.669006659087217770e+02 6.178996264414487882e+01 3.675887607601104179e+01
1.665711222998213543e+02 6.166389475393860664e+01 3.664060419035244109e+01
1.669131719993503395e+02 6.183495208705538460e+01 3.663306805262303101e+01
1.665464674354393253e+02 6.133214227708299404e+01 3.658775377618970026e+01
1.660127984407990880e+02 6.117963293811921233e+01 3.622189377943804089e+01
1.658635699204157845e+02 6.118028260516485517e+01 3.609998375832385875e+01
1.662551567321747541e+02 6.145687834984570230e+01 3.607951924638622643e+01
1.668231281468247573e+02 6.188003898002273928e+01 3.645262303069677046e+01
1.664388500893292075e+02 6.185671593308429550e+01 3.614896865356504918e+01
1.655738509014130386e+02 6.094867630339451381e+01 3.547389962644145101e+01
1.656538898814357594e+02 6.081042715608251115e+01 3.571512100048725102e+01
1.657147961669644189e+02 6.109342212116290227e+01 3.568221536462562682e+01
1.660665583888257402e+02 6.138304369010882056e+01 3.561045963943478654e+01
1.673886633100536017e+02 6.217212928374208047e+01 3.619246386227058565e+01
1.670110118564235790e+02 6.201182394023063438e+01 3.632431378918304432e+01
1.657763846028910280e+02 6.090881923014455168e+01 3.574477830112067522e+01
1.663049537112229928e+02 6.139688159818093283e+01 3.599558226408965567e+01
1.666021763846028989e+02 6.165486438200422015e+01 3.616319636186454289e+01
1.659874939093714374e+02 6.100880298846841043e+01 3.586015916842617912e+01
1.671376319636186452e+02 6.123524443722592281e+01 3.599769368198798247e+01
1.681041741107682412e+02 6.154013318174435909e+01 3.614601266850738881e+01
1.681359428292999780e+02 6.125440961507227655e+01 3.599671918141952176e+01
1.690056845866493518e+02 6.204382004222836144e+01 3.643141140165665348e+01
1.695879161929510985e+02 6.241627415949326263e+01 3.676339126197823504e+01
1.685277895078772019e+02 6.149930160792593625e+01 3.612996589248010082e+01
1.674311190514861210e+02 6.085447458177684155e+01 3.571473120025986958e+01
1.659379243137891820e+02 6.041568945915218336e+01 3.538954036056521346e+01
1.637744680851063777e+02 5.949218775377619295e+01 3.461854799415299766e+01
1.624849764495695865e+02 5.921572194250446586e+01 3.447048887445184562e+01
1.615521195387364060e+02 5.900276108494396965e+01 3.421484489199285406e+01
1.605871690758486352e+02 5.853435114503816550e+01 3.391862920253370106e+01
1.609968166314763778e+02 5.866006171836933447e+01 3.419496508039629390e+01
1.615341562449244748e+02 5.911586811758973425e+01 3.447929186292025605e+01
1.615731362676628180e+02 5.883053435114504026e+01 3.435601754101023175e+01
1.617284066915705694e+02 5.851203508202046777e+01 3.448572356667207828e+01
1.618890043852525480e+02 5.846002923501705340e+01 3.467201559200909600e+01
1.628555140490498729e+02 5.876339126197823504e+01 3.514533051810946773e+01
1.640541822316062905e+02 5.952619782361539791e+01 3.583254831898651815e+01
1.635524443722592309e+02 5.924242325808023679e+01 3.567230794217963563e+01
1.634160467760272866e+02 5.896907584862757545e+01 3.562017216176709411e+01
1.644364463212603482e+02 5.951093064804287991e+01 3.603907747279519214e+01
1.644300795842131038e+02 5.944710086080883826e+01 3.608660061718369150e+01
1.644279681663147699e+02 5.958664934221211951e+01 3.602777326620107345e+01
1.647786259541984748e+02 5.992899139191164437e+01 3.606571382166639950e+01
1.632727627091115892e+02 5.896787396459314579e+01 3.555985057657949966e+01
1.624293974338151827e+02 5.829261003735585689e+01 3.503664122137404746e+01
1.629440311840182005e+02 5.881516972551567335e+01 3.561032970602565939e+01
1.624607763521195523e+02 5.846977424070163920e+01 3.520149423420497214e+01
1.619138866331005318e+02 5.797602728601591338e+01 3.492856910833197759e+01
1.617327594607763501e+02 5.848582101672892719e+01 3.488569108331979862e+01
1.605907747279519242e+02 5.804586649342212468e+01 3.406041903524443626e+01
1.595221698879324208e+02 5.756819879811596508e+01 3.339824589897677498e+01
1.600382329056358515e+02 5.793967841481240555e+01 3.365005684586649437e+01
1.599701477992528851e+02 5.777115478317362118e+01 3.339460776352119353e+01
1.596005197336365029e+02 5.765996426831249266e+01 3.327506902712359960e+01
1.598493746954685832e+02 5.797755400357316802e+01 3.351817443560175747e+01
1.592617508526880101e+02 5.745619619944778123e+01 3.318580477505278736e+01
1.586460938768881022e+02 5.673155757674192046e+01 3.274458340100698450e+01
1.581530940393048468e+02 5.647971414649991573e+01 3.254646743543933951e+01
1.582927399707649840e+02 5.653107032645768726e+01 3.238424557414325022e+01
1.593033620269611959e+02 5.727363975962319387e+01 3.294533051810947200e+01
1.604457040766607179e+02 5.822965730063342704e+01 3.339210654539548528e+01
1.604224459964268306e+02 5.809699528991392015e+01 3.355780412538573643e+01
1.605975312652265643e+02 5.804193600779600359e+01 3.340263115153484108e+01
1.616414162741594964e+02 5.819837583238589929e+01 3.346314763683611915e+01
1.619012830924151274e+02 5.826879974013318275e+01 3.323098911807698386e+01
1.630448595095013786e+02 5.866415462075686094e+01 3.356443072925125648e+01
1.637203183368523582e+02 5.890160792593795946e+01 3.371528341724866351e+01
1.626591846678577156e+02 5.806415462075685952e+01 3.330160792593795804e+01
1.632270586324508770e+02 5.840269611823940465e+01 3.345466948189053369e+01
1.644991391911645167e+02 5.917531265226571691e+01 3.405639109956147337e+01
1.638915056033782776e+02 5.880701640409290576e+01 3.360380055221698825e+01
1.634749066103621828e+02 5.839184667857723099e+01 3.335673217476043817e+01
1.631425694331655052e+02 5.822764333279194204e+01 3.346116615234691949e+01
1.619839857073249902e+02 5.740282605164853180e+01 3.295968815981809286e+01
1.621463050186779355e+02 5.749696280656164049e+01 3.304255319148936110e+01
1.630504791294461597e+02 5.830030859184667946e+01 3.359493259704401424e+01
1.619981159655676493e+02 5.748331979860321894e+01 3.287065129121325668e+01
1.615192139028747818e+02 5.711096313139515956e+01 3.274744193600779596e+01
1.622890043852525537e+02 5.773542309566347086e+01 3.336865356504791436e+01
1.628058145200584761e+02 5.793318174435601975e+01 3.380890043852525650e+01
1.636379080721130492e+02 5.827529641058957566e+01 3.416089004385252537e+01
1.643505603378268631e+02 5.870170537599480554e+01 3.451521845054409710e+01
1.640827026149098629e+02 5.842579178171187237e+01 3.442975475069027169e+01
1.642584050674029470e+02 5.847279519246386315e+01 3.453477342861783228e+01
1.646248822478479781e+02 5.874123761572194269e+01 3.476738671430891969e+01
1.645599480266363628e+02 5.865291538086730583e+01 3.460185155108007393e+01
1.647972389150560275e+02 5.876839369822965864e+01 3.464641871041091292e+01
1.644720805587136567e+02 5.870505116127984735e+01 3.465684586649341981e+01
1.647159330842943064e+02 5.873347409452655654e+01 3.457534513561799372e+01
1.653347409452655654e+02 5.915445834010069603e+01 3.473902874776676697e+01
1.641490985869741621e+02 5.816391099561474931e+01 3.446152346922202270e+01
1.622039954523306733e+02 5.696218937794380111e+01 3.367432191002111352e+01
1.615834659736884760e+02 5.717394835146987475e+01 3.342368036381354557e+01
1.601108331979860395e+02 5.725051161279844081e+01 3.356131232743219073e+01
1.582612311190514731e+02 5.684635374370635219e+01 3.316063017703427107e+01
1.576754263439987085e+02 5.676923826538898510e+01 3.310456391099561557e+01
1.566813707974662861e+02 5.618392074062042951e+01 3.288650316712684685e+01
1.560292025337014650e+02 5.564200097450056859e+01 3.254409615072275130e+01
1.574507065129121202e+02 5.648621081695630863e+01 3.321276595744680549e+01
1.584012993340912772e+02 5.676764658112717399e+01 3.353236966054896584e+01
1.579625142114666119e+02 5.612061068702290356e+01 3.326529153808672845e+01
1.582178008770505073e+02 5.614516810134806235e+01 3.346204320285853839e+01
1.584150073087542694e+02 5.622731849926912417e+01 3.324872502842293187e+01
1.580502842293324761e+02 5.590014617508526840e+01 3.309488387201559334e+01
1.587516972551567278e+02 5.622871528341725167e+01 3.326941692382654026e+01
1.592469059606951305e+02 5.658889069351957346e+01 3.354838395322397560e+01
1.591181744356017589e+02 5.628634075036544004e+01 3.333490336202696369e+01
1.591605652103297075e+02 5.645749553353905981e+01 3.333779438038005338e+01
1.591266525905473372e+02 5.618138703914244303e+01 3.337917817118726305e+01
1.588809809972389075e+02 5.579135942829299921e+01 3.327757024524930785e+01
1.590906935195712322e+02 5.601929511125548089e+01 3.355825889231768855e+01
1.590674354393373449e+02 5.598161442260841625e+01 3.354656488549618132e+01
1.593540035731687396e+02 5.615312652265713922e+01 3.356829624817281399e+01
1.597626766282280357e+02 5.641205132369660902e+01 3.387247035894104386e+01
1.590346597368848336e+02 5.582023712847166053e+01 3.360269611823940039e+01
1.589497807373720946e+02 5.565414974825402084e+01 3.340763358778625758e+01
1.597075523794055414e+02 5.598619457528016596e+01 3.377355855124248762e+01
1.598182556439824680e+02 5.599782361539710962e+01 3.371473120025986958e+01
1.604974500568458780e+02 5.644375507552379645e+01 3.390566834497320059e+01
1.617705375994802637e+02 5.723329543608900138e+01 3.452834172486600295e+01
1.612363163878512182e+02 5.681526717557252226e+01 3.424973201234367082e+01
1.609088192301445588e+02 5.651096313139515814e+01 3.411235991554328706e+01
1.616363163878512239e+02 5.683248335228195458e+01 3.443923988955660320e+01
1.608791294461588564e+02 5.638102972226733556e+01 3.386941692382654168e+01
1.605159980509988600e+02 5.627873964593145928e+01 3.364265064154620433e+01
1.613606626603865379e+02 5.712239727139840539e+01 3.407302257592983352e+01
1.607980834822153611e+02 5.673591034594770122e+01 3.379457528016891388e+01
1.605525418223160727e+02 5.646613610524606486e+01 3.362696118239401954e+01
1.616569433165502687e+02 5.719022251096313170e+01 3.416722429754750578e+01
1.617431216501543076e+02 5.744109144063667571e+01 3.407039142439499813e+01
1.611972064317037621e+02 5.707597856098749389e+01 3.372285203833035894e+01
1.613129446158843621e+02 5.724752314438850220e+01 3.405509176547019479e+01
1.614801039467272972e+02 5.719970764982946321e+01 3.398336852363163985e+01
1.617743381516972647e+02 5.747640084456715925e+01 3.405645606626603694e+01
1.624950787721292897e+02 5.807542634399869996e+01 3.438193925613123270e+01
1.627503004710086145e+02 5.799587461426018820e+01 3.452294948838720501e+01
1.625114503816793956e+02 5.785499431541335014e+01 3.432847165827513436e+01
1.623528341724866095e+02 5.765765795030046803e+01 3.411015104758811134e+01
1.622171512100048858e+02 5.733643007958421123e+01 3.399788858210167319e+01
1.626482377781387072e+02 5.743865518921552393e+01 3.425632613285691264e+01
1.627976287152834232e+02 5.732850414162741259e+01 3.416124736072762857e+01
1.621877212928374092e+02 5.680376806886470575e+01 3.396985544908234544e+01
1.623617995777164253e+02 5.683923988955660178e+01 3.392691245736560290e+01
1.622543446483677201e+02 5.671801201884034782e+01 3.381666395972064265e+01
1.614988143576417201e+02 5.611495858372583712e+01 3.349403930485625835e+01
1.623489361702127667e+02 5.663530940393048496e+01 3.362569433165502630e+01
1.629188890693519625e+02 5.719382816306642781e+01 3.405963943478967337e+01
1.623064804287802474e+02 5.667224297547507206e+01 3.392866655838882650e+01
1.627191164528179286e+02 5.704570407666071219e+01 3.395478317362351817e+01
1.633633262952736800e+02 5.743595907097612496e+01 3.425928211791456590e+01
1.627222998213415508e+02 5.691784960207893107e+01 3.391645281793081068e+01
1.627280818580477444e+02 5.695208705538411209e+01 3.392587299009257862e+01
1.631641058957284258e+02 5.712415137242163610e+01 3.425138866331005261e+01
1.628802338801364442e+02 5.660717882085431540e+01 3.392834172486600863e+01
1.634051973363651200e+02 5.668640571707000220e+01 3.430820204645119276e+01
1.639969790482377903e+02 5.682933246711060349e+01 3.452061068702290214e+01
1.632972551567321773e+02 5.629127821991229297e+01 3.408582101672892861e+01
1.625138541497482549e+02 5.603459477018028423e+01 3.392584050674029328e+01
1.622123436738671387e+02 5.634747441936007561e+01 3.399850576579503070e+01
1.615082020464512027e+02 5.623245086892967493e+01 3.375650479129446069e+01
1.612536624979697990e+02 5.659301607925937816e+01 3.390089329218775305e+01
1.606622056196199537e+02 5.646980672405392454e+01 3.381380542471983119e+01
1.598840993990579875e+02 5.588955660224134903e+01 3.343849277245411855e+01
1.598018840344323621e+02 5.557021276595745007e+01 3.328650316712684543e+01
1.600657787883709489e+02 5.557164203345785580e+01 3.347500406041903176e+01
1.607460451518596756e+02 5.598934546045151706e+01 3.357856098749390839e+01
1.617031671268474895e+02 5.651093064804287991e+01 3.387951924638622359e+01
1.616293974338151713e+02 5.621471495858372691e+01 3.396959558226409115e+01
1.609197336365112960e+02 5.612928374208217974e+01 3.408624330030859539e+01
1.611668020139678390e+02 5.648302744843267931e+01 3.448744518434302364e+01
1.606368686048400320e+02 5.620250121812571109e+01 3.464726327757024649e+01
1.604200747117102424e+02 5.598278382329056058e+01 3.450300471008608127e+01
1.610693844404742663e+02 5.664937469546857329e+01 3.494890368686048276e+01
1.603361052460614076e+02 5.601068702290076118e+01 3.467640084456716210e+01
1.595713821666396086e+02 5.540747117102485220e+01 3.422400519733636770e+01
1.604851713496832986e+02 5.603527692057820531e+01 3.457830112067565409e+01
1.604746467435439286e+02 5.628539873314925757e+01 3.473798928049374979e+01
1.601261328569108287e+02 5.605746305018677589e+01 3.451781711872665426e+01
1.607812246223810178e+02 5.650570082832548024e+01 3.491158031508851423e+01
1.606342049699528900e+02 5.650518109468897165e+01 3.483092415137242170e+01
1.603657625466948105e+02 5.624914731200259865e+01 3.458258892317687128e+01
1.614022413513074525e+02 5.704330030859184575e+01 3.506259541984732664e+01
1.617705375994802637e+02 5.717953548806237052e+01 3.520337826863732289e+01
1.612012343673867178e+02 5.669985382491473302e+01 3.452087055384115644e+01
1.617880136430079574e+02 5.710998863082669885e+01 3.449153808673055011e+01
1.623752476855611633e+02 5.736803638135455685e+01 3.448286503167126682e+01
1.626428130583076097e+02 5.731953873639759678e+01 3.424619132694493828e+01
1.627065129121325242e+02 5.731281468247523492e+01 3.427208055871366099e+01
1.623544583401007060e+02 5.704927724541172296e+01 3.413737209680039086e+01
1.623583563423745204e+02 5.692694494071788114e+01 3.399438038005521889e+01
1.624982946240052115e+02 5.717313626766281942e+01 3.408003898002273502e+01
1.618947214552541709e+02 5.683433490336202709e+01 3.377375345135617835e+01
1.618132532077310373e+02 5.654503816793893378e+01 3.374773428617833559e+01
1.620065616371609565e+02 5.669540360565210335e+01 3.387770017865843641e+01
1.616068539873315046e+02 5.673168751015104760e+01 3.374484326782523880e+01
1.625359428292999837e+02 5.713165502679876795e+01 3.399499756374857640e+01
1.627163228845216736e+02 5.731976611986357284e+01 3.422225109631313700e+01
1.615082670131557450e+02 5.650508364463212274e+01 3.379606951437388318e+01
1.614869904174110786e+02 5.642748091603053240e+01 3.425671593308429408e+01
1.624831898651940776e+02 5.705408478154945584e+01 3.495913594282929893e+01
1.622589897677440263e+02 5.702712359915543061e+01 3.510446646093876666e+01
1.624761409777489121e+02 5.715091765470196350e+01 3.523407503654377138e+01
1.632008770505116217e+02 5.754952087055384169e+01 3.559168426181582134e+01
1.621147961669644246e+02 5.664804287802500937e+01 3.504583401006983934e+01
1.620634075036543891e+02 5.657489036868604870e+01 3.502702614909858880e+01
1.630780250121812571e+02 5.745931460126685408e+01 3.559483514698717244e+01
1.629807373720967973e+02 5.724118889069352178e+01 3.553776189702777089e+01
1.627533214227708243e+02 5.710310216014292450e+01 3.540656163716095506e+01
1.635042065941205180e+02 5.768689296735423255e+01 3.584326782523956467e+01
1.636457690433652772e+02 5.760038980022738286e+01 3.598564235829137914e+01
1.636803962968978396e+02 5.763547182069189745e+01 3.570943641383790634e+01
1.639353256456066390e+02 5.781146662335552833e+01 3.589871690758486267e+01
1.635618320610687135e+02 5.741052460613935438e+01 3.579025499431541135e+01
1.638522981971739512e+02 5.741997726165340055e+01 3.534435601754100986e+01
1.643307779762871519e+02 5.789839207406204480e+01 3.531671268474906356e+01
1.645830112067565381e+02 5.792311190514860897e+01 3.507032645769043455e+01
1.651057333116777670e+02 5.824235829137567322e+01 3.516975799902549937e+01
1.652840669157056936e+02 5.828088354718207142e+01 3.530099074224460054e+01
1.648433652752964065e+02 5.810764982946240309e+01 3.500890043852525935e+01
1.650624979697904848e+02 5.801884034432353587e+01 3.495822640896540179e+01
1.643961994477830046e+02 5.750099074224459628e+01 3.470894916355367599e+01
1.637591359428292890e+02 5.706132856910833340e+01 3.447152834172486280e+01
1.645343836283904579e+02 5.758167938931297414e+01 3.480860808835471687e+01
1.650764333279194318e+02 5.816816631476368116e+01 3.491320448270261778e+01
1.645954848140328011e+02 5.769085593633263187e+01 3.462517459801851771e+01
1.648918954036056448e+02 5.802325808023388021e+01 3.485122624654864154e+01
1.641161929511125663e+02 5.786129608575605232e+01 3.490855936332629739e+01
1.623925288289751450e+02 5.738252395647230486e+01 3.420240376806886218e+01
1.621048237778138628e+02 5.776573006334253790e+01 3.438385577391586878e+01
1.615350657787883790e+02 5.772197498781874003e+01 3.424180607438687929e+01
1.603338314114016612e+02 5.698414812408640273e+01 3.375117752152021922e+01
1.609327594607763388e+02 5.756452817930810539e+01 3.389634562286828157e+01
1.621734611011856373e+02 5.816732174760435470e+01 3.461247360727627154e+01
1.621830112067565324e+02 5.788861458502517365e+01 3.432155270423907467e+01
1.626646743543933837e+02 5.807224297547507064e+01 3.432437875588760789e+01
1.630130583076173423e+02 5.815673217476043533e+01 3.456504791294461398e+01
1.626976449569595502e+02 5.774818905311028061e+01 3.442468734773428451e+01
1.632800389800227379e+02 5.810024362514211305e+01 3.458941042715608205e+01
1.634717232418385606e+02 5.838067240539223945e+01 3.472600292350170292e+01
1.629165502679876454e+02 5.794097774890368413e+01 3.438531752476855274e+01
1.631051161279844166e+02 5.802377781387038880e+01 3.468250771479616645e+01
1.633994152996589264e+02 5.820675653727465004e+01 3.477479291862920263e+01
1.634641221374045870e+02 5.833902874776676839e+01 3.471138541497482777e+01
1.637396459314601316e+02 5.836410589572843577e+01 3.480659412051323898e+01
1.635145687834984471e+02 5.809783985707324661e+01 3.457813870391424160e+01
1.637346759785610004e+02 5.797557251908396836e+01 3.434692220237128168e+01
1.642616858859834394e+02 5.848874451843430222e+01 3.448887445184342937e+01
1.637460451518596756e+02 5.819866818255643892e+01 3.426100373558551127e+01
1.637655351632288330e+02 5.807009907422445849e+01 3.423443235341887458e+01
1.644123436738671558e+02 5.846980672405392454e+01 3.463589410427156423e+01
1.637636836121487818e+02 5.792444372259217289e+01 3.433831411401656908e+01
1.635389637810621934e+02 5.759044989442910634e+01 3.414422608413187987e+01
1.648503491960370297e+02 5.834848140328082167e+01 3.465008932921877260e+01
1.648493746954685832e+02 5.844437225921715395e+01 3.464226084131882288e+01
1.647197011531590078e+02 5.832366412213740148e+01 3.458340100698391950e+01
1.655480266363488795e+02 5.889056358616209508e+01 3.504005197336365285e+01
1.647224297547506922e+02 5.824304044177359430e+01 3.451365924963456422e+01
1.640404417735910272e+02 5.768962156894591686e+01 3.409962644144875554e+01
1.646976124736072791e+02 5.844960207893454651e+01 3.496326132856911073e+01
1.644468085106383057e+02 5.834477830112067664e+01 3.522653889881435418e+01
1.639138541497482606e+02 5.810095825889231946e+01 3.518366087380217522e+01
1.645489036868604842e+02 5.864667857722916722e+01 3.571248984895240852e+01
1.646247523144388367e+02 5.852372908884196789e+01 3.576218937794380537e+01
1.645186616858859736e+02 5.852035082020464785e+01 3.561286340750365298e+01
1.650422608413188357e+02 5.899970764982946037e+01 3.597865843755075588e+01
1.648543121650154433e+02 5.883982458989767395e+01 3.578645444209842452e+01
1.642636024037680613e+02 5.825161604677602867e+01 3.548643820042228469e+01
1.642526230306967818e+02 5.833204482702615223e+01 3.562757836608737705e+01
1.642680851063829834e+02 5.829449407178820763e+01 3.555263927237290744e+01
1.643813220724378823e+02 5.844804287802501364e+01 3.550209517622218414e+01
1.646490173785934701e+02 5.860883547182069009e+01 3.564937469546857329e+01
1.642495371122299730e+02 5.812116290401169749e+01 3.539184667857723099e+01
1.644842942991716654e+02 5.816404092902387646e+01 3.546019165177846588e+01
1.649324671106058133e+02 5.861435764170862228e+01 3.587328244274809208e+01
1.649803150885171306e+02 5.876404092902387788e+01 3.592801689134318366e+01
1.656240376806886445e+02 5.923605652103297103e+01 3.613126522657137940e+01
1.656719831086568036e+02 5.919236641221374384e+01 3.626568133831411700e+01
1.648815656975799868e+02 5.852454117264901612e+01 3.584719831086567865e+01
1.655328569108332033e+02 5.889059606951437331e+01 3.604450219262628252e+01
1.664375182718856649e+02 5.971229494883871780e+01 3.641750852687997053e+01
1.659116452817930849e+02 5.929478642195874727e+01 3.613055059282118009e+01
1.659421146662335502e+02 5.939925288289751393e+01 3.619636186454442139e+01
1.665400357316875102e+02 5.976446321260353756e+01 3.656686698067240826e+01
1.655392561312327473e+02 5.892372908884196647e+01 3.611132044827026277e+01
1.651694331655026815e+02 5.875030047100860742e+01 3.594981322072437990e+01
1.653172649017378717e+02 5.885207081370797511e+01 3.603124898489524242e+01
1.644891992853662543e+02 5.833909371447133196e+01 3.567162579178171455e+01
1.647633912619782279e+02 5.861559200909533729e+01 3.592119538736397288e+01
1.650812083807048793e+02 5.970151047588110771e+01 3.582358291375670234e+01
1.640066590872177983e+02 5.890748741270098776e+01 3.511528341724866209e+01
1.629998375832385875e+02 5.856862108169563186e+01 3.455172973850901741e+01
1.632056845866493404e+02 5.896631476368361291e+01 3.463995452330680536e+01
1.630463862270586333e+02 5.878577229170050344e+01 3.449202533701478046e+01
1.631328893941854687e+02 5.895907097612473535e+01 3.434169238265388913e+01
1.633717070001624165e+02 5.930722754588273204e+01 3.449189540360565331e+01
1.634473282442748143e+02 5.927977911320448356e+01 3.452233230469384750e+01
1.634092577554003469e+02 5.933740458015267194e+01 3.437823615397108767e+01
1.627396134481078320e+02 5.939574468085106673e+01 3.431021601429267776e+01
1.617402306318012108e+02 5.930920903037193170e+01 3.421452005847003619e+01
1.613942829299983828e+02 5.954640246873477594e+01 3.421617670943641087e+01
1.609135293162254357e+02 5.943592658762383962e+01 3.403371771966867243e+01
1.605936657463050210e+02 5.911573818418060711e+01 3.392921877537762043e+01
1.614450544096150679e+02 5.933792431378918053e+01 3.450794217963294130e+01
1.618894591521845143e+02 5.920756862108169827e+01 3.487324995939580674e+01
1.624354718206919017e+02 5.907994152996589321e+01 3.485366249796979332e+01
1.633108656813383277e+02 5.943267825239564672e+01 3.541910021114178875e+01
1.629349033620269722e+02 5.878356342374532773e+01 3.549650803962968837e+01
1.625361702127659669e+02 5.827906447945427715e+01 3.514789670293974666e+01
1.634789020626928675e+02 5.896725678089978828e+01 3.565002436251420903e+01
1.635037518271885517e+02 5.907955172973851177e+01 3.573409127821991405e+01
1.627513399382816317e+02 5.861516972551567051e+01 3.540490498619457327e+01
1.632604840019490098e+02 5.894659736884846524e+01 3.574325158356342058e+01
1.629750852687997451e+02 5.887818742894266677e+01 3.565298034757186940e+01
1.624766931947376918e+02 5.836829624817281115e+01 3.536715933084294505e+01
1.629051810946889702e+02 5.899564723079421924e+01 3.565418223160629907e+01
1.630891668020139775e+02 5.927042390774727920e+01 3.585385739808348404e+01
1.621059606951437502e+02 5.845340263115153334e+01 3.522527204807536094e+01
1.624746467435439286e+02 5.880831573818417723e+01 3.561728114341399731e+01
1.630682150397921077e+02 5.874656488549618416e+01 3.487493909371447387e+01
1.629070976124736205e+02 5.830914406366736813e+01 3.409579340587948337e+01
1.635597856098749503e+02 5.875478317362351532e+01 3.393022575929835938e+01
1.638396296897839761e+02 5.888751015104758579e+01 3.397969790482378016e+01
1.640183530940392984e+02 5.861581939256131335e+01 3.373415624492447762e+01
1.646006821503979154e+02 5.889283742082182727e+01 3.405921715121000659e+01
1.652707487412700971e+02 5.922904011694006954e+01 3.430365437713172128e+01
1.658054247198310804e+02 5.945496183206106622e+01 3.440471008608088255e+01
1.661960045476693324e+02 5.976426831248984683e+01 3.448260516485301252e+01
1.659581939256131307e+02 5.953201234367386974e+01 3.428205294786422286e+01
1.655828812733473967e+02 5.900233880136430287e+01 3.408783498457040650e+01
1.657021276595744723e+02 5.912782199122949578e+01 3.438320610687022594e+01
1.658046451193763176e+02 5.934237453305181020e+01 3.438132207243787519e+01
1.664369010881923145e+02 5.976988793243462794e+01 3.434360890043852521e+01
1.666155270423907666e+02 6.002988468409940026e+01 3.442595419847328486e+01
1.654193600779600501e+02 5.921825564398245945e+01 3.421023225596881900e+01
1.652676628228033167e+02 5.905791781711872801e+01 3.460890043852525366e+01
1.657909371447133253e+02 5.955835634237453036e+01 3.500838070488874365e+01
1.652086405717070079e+02 5.906597368848465379e+01 3.488734773428618041e+01
1.653834984570407585e+02 5.906892967354230706e+01 3.491983108656813073e+01
1.661266525905473372e+02 5.980227383465973645e+01 3.528647068377456719e+01
1.656981971739483583e+02 5.938570732499594129e+01 3.488932921877538007e+01
1.655235341887282630e+02 5.925795030047100909e+01 3.483784310540848139e+01
1.663577391586811700e+02 5.987237290888419494e+01 3.536355367873964894e+01
1.657635861620919400e+02 5.927912944615884072e+01 3.500955010557089508e+01
1.658663959720643106e+02 5.935562774078285031e+01 3.500607438687672612e+01
1.669760597693681916e+02 6.013607276270911228e+01 3.551512100048724818e+01
1.666889069351957176e+02 5.974032808185804555e+01 3.548708786746792043e+01
1.662740945265551318e+02 5.942731849926912702e+01 3.525395484814033153e+01
1.672269611823940352e+02 6.011307454929348637e+01 3.584599642683124898e+01
1.665440636673704660e+02 6.033097287640084261e+01 3.531547831736234855e+01
1.661405879486763126e+02 6.048322234854637003e+01 3.474500568458665128e+01
1.664406041903524454e+02 6.105239564723079582e+01 3.507126847490660992e+01
1.660634724703589313e+02 6.061049212278707188e+01 3.482325808023387737e+01
1.659479616696443145e+02 6.060834822153645973e+01 3.464310540847815645e+01
1.665306155595257565e+02 6.112564560662660540e+01 3.483972713984083214e+01
1.665689134318661786e+02 6.098151697255156733e+01 3.478421309079097057e+01
1.663138216663959668e+02 6.081107682312814688e+01 3.464976449569595474e+01
1.661464674354393480e+02 6.078076985544907984e+01 3.478440799090466129e+01
1.659806399220399555e+02 6.055052785447458064e+01 3.460977748903686546e+01
1.661205132369660475e+02 6.067227545882735029e+01 3.462709111580315380e+01
1.664752639272372789e+02 6.091008608088354492e+01 3.478590222510963059e+01
1.667259379567971393e+02 6.107851226246548748e+01 3.496816631476368542e+01
1.671482215364625574e+02 6.140246873477342859e+01 3.506155595257430235e+01
1.670232580802338873e+02 6.140539223647880362e+01 3.500649667045639291e+01
1.666780899788858221e+02 6.104788046126360257e+01 3.507324995939580958e+01
1.670626279031995978e+02 6.112126035406853930e+01 3.525645606626603978e+01
1.665666071138541611e+02 6.099041741107681958e+01 3.515449082345298137e+01
1.653111255481565820e+02 6.026818255643982525e+01 3.466087380217638270e+01
1.647273672242975522e+02 6.056050024362514250e+01 3.451547831736235139e+01
1.637517297385090274e+02 6.038645444209842594e+01 3.443352281955498029e+01
1.622056845866493404e+02 5.975091765470196492e+01 3.401458502517459692e+01
1.624495371122299900e+02 6.026808510638297633e+01 3.435556277407828674e+01
1.624029235017053736e+02 6.042468734773428451e+01 3.424778301120675650e+01
1.614314114016566464e+02 5.955556277407828247e+01 3.389436413837908191e+01
1.620100698392074037e+02 5.984700341075198793e+01 3.405324021439012228e+01
1.624965080396297026e+02 6.008163066428455323e+01 3.429861945752801944e+01
1.619541659899301749e+02 5.930008120838070340e+01 3.388276758161442359e+01
1.622760110443397821e+02 5.964791294461588222e+01 3.409774240701640480e+01
1.629061231119051456e+02 5.995981809322722000e+01 3.429377943803800832e+01
1.626568133831411274e+02 5.965242813058307547e+01 3.449926912457365802e+01
1.633842780574955214e+02 6.022666883222348844e+01 3.522475231443885235e+01
1.639258405067402862e+02 6.050131557576742125e+01 3.576735423095663435e+01
1.630874451843430109e+02 5.971554328406691781e+01 3.530917654701965347e+01
1.629091765470196549e+02 5.949524118889069513e+01 3.526548643820041917e+01
1.629636186454441997e+02 5.984346272535325539e+01 3.537560500243625228e+01
1.627554978073737288e+02 5.970053597531265410e+01 3.523170375182719027e+01
1.629646581127172453e+02 5.983209355205457314e+01 3.541299334091278439e+01
1.629222023712847260e+02 5.990719506253045523e+01 3.544866006171837114e+01
1.631030047100860827e+02 5.990056845866493518e+01 3.540682150397920935e+01
1.634661685885983502e+02 6.027367224297547210e+01 3.547964917979535215e+01
1.630295923339288606e+02 6.002036706188078341e+01 3.542397271398408520e+01
1.629503654377131738e+02 5.955312652265713780e+01 3.523046938444047527e+01
1.635219749878187372e+02 5.993204482702614655e+01 3.547886957934058927e+01
1.635772616534026440e+02 5.999194412863407422e+01 3.551417898327107281e+01
1.642657138216663952e+02 6.035559525743056497e+01 3.566084131882410446e+01
1.655307130095825983e+02 6.115959070976124679e+01 3.626798765632613453e+01
1.650304369010881942e+02 6.055832385902225212e+01 3.597732662010719196e+01
1.647974662985220107e+02 6.035153483839532385e+01 3.559567971414649890e+01
1.658152346922202298e+02 6.117160955010557188e+01 3.617320123436739010e+01
1.656604515185967159e+02 6.111005359753126243e+01 3.604882247847977794e+01
1.652073412376157080e+02 6.071326944940717851e+01 3.581214877375344940e+01
1.658062692869904140e+02 6.106681825564398025e+01 3.612551567321747825e+01
1.653585837258405036e+02 6.060172161767094678e+01 3.601010232255968901e+01
1.653387688809485212e+02 6.053194737696930616e+01 3.594442098424557486e+01
1.666017216176709326e+02 6.167659574468085282e+01 3.652457365600130146e+01
1.664545395484813923e+02 6.170719506253045239e+01 3.649530615559525870e+01
1.656165015429592415e+02 6.091749228520383497e+01 3.607604352769205747e+01
1.660822478479779249e+02 6.118197173948351519e+01 3.622036706188078625e+01
1.661401331817443463e+02 6.127792756212441105e+01 3.631577066753288818e+01
1.658735423095663464e+02 6.100224135130745395e+01 3.605444209842455905e+01
1.664245249309728649e+02 6.118830599317849561e+01 3.637203183368523440e+01
1.665085918466785699e+02 6.106132856910833340e+01 3.627428942666882961e+01
1.666452168263764690e+02 6.110829949650803883e+01 3.623066428455416599e+01
1.676662335553029095e+02 6.187597856098749105e+01 3.673668994640247121e+01
1.684106870229007598e+02 6.250349196037031163e+01 3.702582426506415203e+01
1.682611011856423602e+02 6.248182556439824253e+01 3.690011369173299016e+01
1.674034432353418822e+02 6.181104433977586154e+01 3.668949163553678972e+01
1.669870066590872284e+02 6.122023712847165910e+01 3.638213415624492342e+01
1.677635536787396404e+02 6.186301770342699058e+01 3.662829299983758347e+01
1.681619295111255497e+02 6.228747766769530614e+01 3.703378268637323600e+01
1.675893779438038109e+02 6.159109956147474207e+01 3.662702614909859022e+01
1.674982296573006408e+02 6.147493909371446819e+01 3.652476855611499218e+01
1.682715608250771595e+02 6.191934383628390748e+01 3.697830112067565267e+01
1.685994477830112146e+02 6.220464511937631613e+01 3.690511612798440666e+01
1.689478967029397438e+02 6.284570407666070935e+01 3.724255319148936394e+01
1.687322072437875704e+02 6.297355855124249047e+01 3.746863732337177311e+01
1.672485626116615265e+02 6.173048562611661794e+01 3.714727951924638916e+01
1.679452980347572009e+02 6.213402631151534905e+01 3.747821991229494643e+01
1.695467922689621503e+02 6.341851551080071658e+01 3.815078772129283635e+01
1.690189702777326488e+02 6.323384765307779531e+01 3.797368848465161761e+01
1.688884846516160394e+02 6.309371447133344191e+01 3.782929998375832525e+01
1.693307779762871519e+02 6.335806399220399499e+01 3.814662985220074631e+01
1.692366412213740432e+02 6.325535163228845192e+01 3.785739808348221658e+01
1.696888419684911469e+02 6.361503979210654336e+01 3.803017703426993990e+01
1.700952736722429677e+02 6.416498294624005894e+01 3.832567808997888648e+01
1.692327107357479292e+02 6.322403768068864593e+01 3.809608575605002301e+01
1.690697417573493624e+02 6.312139028747766645e+01 3.775777164203346103e+01
1.695802176384602831e+02 6.354435601754101270e+01 3.816676953061556077e+01
1.685322722104921240e+02 6.313029072600292579e+01 3.772697742407016364e+01
1.671526067890206377e+02 6.273821666395971874e+01 3.692675004060419042e+01
1.663351307454929326e+02 6.285713821666396228e+01 3.688695793405879186e+01
1.659079421796329257e+02 6.283859022251096604e+01 3.647247035894104528e+01
1.657837258405067473e+02 6.263985707324995644e+01 3.642894266688322347e+01
1.652228682800065087e+02 6.245808023388013908e+01 3.617654701965242481e+01
1.649380217638460238e+02 6.210313464349520984e+01 3.609199285366249654e+01
1.656088029884683976e+02 6.231473120025986390e+01 3.633045314276433402e+01
1.657790482377781416e+02 6.223404255319148604e+01 3.643053435114504168e+01
1.658264414487575209e+02 6.218375832385902413e+01 3.628575605002436077e+01
1.666349196037031106e+02 6.253552054572031693e+01 3.647370472632776028e+01
1.665095338638947453e+02 6.258405067402956234e+01 3.655540035731687709e+01
1.660016241676140965e+02 6.226964430729250921e+01 3.618093227221049091e+01
1.664189053110281122e+02 6.253431866168588726e+01 3.647204807536137849e+01
1.662914406366737126e+02 6.226097125223323303e+01 3.640704888744518541e+01
1.660608413188240888e+02 6.216300146175085217e+01 3.619743381516972391e+01
1.665275621244112472e+02 6.320675653727465004e+01 3.665957446808510412e+01
1.657310053597531123e+02 6.291232743219099888e+01 3.645070651291213437e+01
1.647050836446321398e+02 6.240347571869416754e+01 3.595374370635049388e+01
1.658649991879161973e+02 6.346779275621243954e+01 3.625291538086730725e+01
1.657913919116452917e+02 6.369725515673217586e+01 3.653415624492447478e+01
1.646574955335390484e+02 6.294994315413350705e+01 3.592532077310378469e+01
1.649940880298846935e+02 6.332369660548968682e+01 3.618405067402955666e+01
1.655610849439662218e+02 6.361166152346922331e+01 3.653110280980997260e+01
1.658311515348383978e+02 6.365817768393698373e+01 3.638863082670131632e+01
1.666466785772291814e+02 6.419603703102160353e+01 3.679230144550917458e+01
1.665104758811109207e+02 6.405730063342537051e+01 3.667523144388501066e+01
1.657952574305668350e+02 6.329144063667370546e+01 3.623540685398732819e+01
1.667332142277082880e+02 6.385210329706025334e+01 3.639678414812408391e+01
1.671675166477180312e+02 6.413327919441286440e+01 3.671999350332954037e+01
1.666401819067727672e+02 6.339356829624817635e+01 3.646879974013317849e+01
1.667724866006171851e+02 6.307909696280655965e+01 3.688130583076173252e+01
1.666930323209355151e+02 6.259571219749878423e+01 3.698733149261003916e+01
1.665600454766932046e+02 6.202426506415461915e+01 3.731362676628228314e+01
1.666399220399545129e+02 6.211369173298684387e+01 3.731840181906773068e+01
1.665966866980672307e+02 6.208471658275134075e+01 3.755689459152184639e+01
1.669857722917004992e+02 6.223056683449731707e+01 3.774058794867629985e+01
1.670814032808185914e+02 6.242546694818905451e+01 3.774036056521033089e+01
1.665466623355530373e+02 6.215026798765632776e+01 3.760997238915056329e+01
1.663430242000974602e+02 6.185226571382166583e+01 3.723683612148774102e+01
1.662934546045151762e+02 6.190940393048562385e+01 3.731307454929348921e+01
1.657157381841805943e+02 6.133837908072113265e+01 3.730829949650804167e+01
1.657209680038980082e+02 6.151242488224784921e+01 3.721952249472145269e+01
1.664056521032970579e+02 6.200815332142276759e+01 3.752934870878674900e+01
1.661279194412863376e+02 6.181201884034432226e+01 3.750966379730387956e+01
1.666538898814357594e+02 6.223781062205619463e+01 3.748867955172973865e+01
1.676664609387688927e+02 6.285934708461913090e+01 3.754039304856261339e+01
1.668469059606951532e+02 6.226853987331492846e+01 3.641692382653889837e+01
1.665419847328244316e+02 6.181971739483514483e+01 3.581793081045963589e+01
1.673742731849926884e+02 6.245606626603865408e+01 3.613194737696930048e+01
1.671853824914731206e+02 6.241283092415137190e+01 3.600805587136592578e+01
1.674460613935358140e+02 6.260064966704563716e+01 3.599564723079421924e+01
1.682959558226409058e+02 6.326785772291700738e+01 3.648325483189865537e+01
1.677002761084943927e+02 6.250118564235829410e+01 3.605174598018515297e+01
1.671638460289101715e+02 6.219723891505603319e+01 3.578837095988306061e+01
1.678397271398408179e+02 6.271849926912457107e+01 3.605941205132369731e+01
1.674550917654702005e+02 6.246581127172323988e+01 3.599044989442910492e+01
1.673324346272535195e+02 6.238564235829137772e+01 3.585372746467435690e+01
1.679140815332142154e+02 6.303465973688484780e+01 3.635572519083969212e+01
1.676394347896703039e+02 6.264112392398895679e+01 3.596595744680850970e+01
1.670730875426343971e+02 6.209170050349195691e+01 3.575091765470196492e+01
1.669365275296410687e+02 6.218960532726977419e+01 3.585765795030047087e+01
1.664691245736559893e+02 6.207698554490823284e+01 3.553474094526555405e+01
1.666117914568783362e+02 6.217044014942342045e+01 3.574406366737047591e+01
1.667414974825402112e+02 6.246568133831411274e+01 3.581078447295760725e+01
1.665901250609062743e+02 6.228897190190027544e+01 3.570738996264414311e+01
1.667087867467922706e+02 6.228689296735423397e+01 3.550657787883709915e+01
1.664882247847977794e+02 6.221750852687997480e+01 3.552778950787721612e+01
1.665817118726652666e+02 6.233077797628715189e+01 3.549728764008445836e+01
1.672667857722917120e+02 6.287237290888419494e+01 3.587162579178171029e+01
1.668806886470683821e+02 6.272886145850251438e+01 3.579135942829299921e+01
1.652197498781874287e+02 6.199408802988468636e+01 3.519551729738508783e+01
1.646024687347734243e+02 6.221058957284391511e+01 3.508250771479616503e+01
1.636781549455903928e+02 6.230492122787071452e+01 3.503615397108981711e+01
1.627463699853825005e+02 6.195403605652103352e+01 3.452739970764982758e+01
1.632049374695468487e+02 6.246431703751827058e+01 3.486980672405392312e+01
1.634721455254182274e+02 6.176946564885496116e+01 3.571028098099723991e+01
1.628574305668344948e+02 6.069020626928698903e+01 3.560003248335227966e+01
1.641286340750365298e+02 6.092272210492122753e+01 3.609689783985707123e+01
1.652603865518921680e+02 6.166418710410914628e+01 3.660890043852525366e+01
1.652948838720155891e+02 6.124063667370472785e+01 3.662410264739320809e+01
1.655321422770829827e+02 6.151339938281630992e+01 3.687087867467922564e+01
1.654997888582101666e+02 6.144719831086568007e+01 3.683634887120350498e+01
1.644303069676790585e+02 6.042267337989280662e+01 3.617609225272047979e+01
1.639741432515835697e+02 6.026789020626928561e+01 3.629209030371934119e+01
1.642053272697742443e+02 6.029377943803800832e+01 3.628965405229819652e+01
1.638216014292675027e+02 5.996793893129770936e+01 3.625375994802663371e+01
1.639565372746467347e+02 6.021825564398245945e+01 3.634409615072275557e+01
1.639916842618158057e+02 6.041354555790157832e+01 3.631843430242000892e+01
1.634044827026148994e+02 5.994328406691570876e+01 3.600035731687510321e+01
1.636025986681825657e+02 6.009618320610687192e+01 3.623621893779438352e+01
1.632885821016728869e+02 6.064346272535325966e+01 3.610274484326782840e+01
1.627171024849764365e+02 6.072970602566184795e+01 3.569628065616371515e+01
1.624522332304693748e+02 6.074305668344972986e+01 3.560168913431866144e+01
1.621305181094689090e+02 6.076176709436413859e+01 3.550742244599642561e+01
1.627640409290238779e+02 6.114893617021276384e+01 3.563342536949813422e+01
1.637575767419197632e+02 6.170998863082670027e+01 3.605629364950463156e+01
1.635564073412376160e+02 6.154380380055221877e+01 3.597823615397108910e+01
1.635321422770829827e+02 6.123271073574792922e+01 3.587331492610037031e+01
1.641848952411888831e+02 6.165353256456066333e+01 3.629150560337826903e+01
1.637806399220399669e+02 6.121656650966379942e+01 3.607899951274971784e+01
1.638820204645119247e+02 6.111742731849926713e+01 3.593776189702777657e+01
1.647107357479291920e+02 6.147484164365762638e+01 3.622627903199609989e+01
1.639831411401656567e+02 6.086373233717719700e+01 3.602166639597206199e+01
1.636377456553516367e+02 6.065301283092415474e+01 3.579223647880461101e+01
1.649025499431541277e+02 6.164515185967191968e+01 3.630186779275621234e+01
1.647760597693682030e+02 6.177329868442423333e+01 3.601890531102809945e+01
1.641023225596881616e+02 6.144511937631963860e+01 3.557550755237940621e+01
1.645171349683287190e+02 6.178496020789345522e+01 3.560263115153483682e+01
1.640803313301932747e+02 6.134383628390450127e+01 3.548390449894429111e+01
1.636288777001786627e+02 6.113045314276433118e+01 3.520838070488874649e+01
1.643246386227058622e+02 6.192210492122787002e+01 3.563524443722592139e+01
1.641402955985057588e+02 6.187847977911320640e+01 3.568504141627416004e+01
1.638196524281305813e+02 6.141302582426506262e+01 3.525099886308267116e+01
1.642986844242325901e+02 6.187178820854312278e+01 3.552359915543284075e+01
1.642928049374695547e+02 6.184044177359103145e+01 3.558424557414325307e+01
1.642166314763683488e+02 6.168429429917167539e+01 3.552229982134156216e+01
1.643330518109468983e+02 6.172905635861621221e+01 3.546139353581289555e+01
1.642140977748903765e+02 6.173613772941367728e+01 3.530859184667857420e+01
1.643626441448757589e+02 6.159480266363488710e+01 3.535783660873801892e+01
1.648350170537599411e+02 6.202647393210979487e+01 3.569420172161767368e+01
1.649424394997563752e+02 6.198349845704076699e+01 3.553958096475556516e+01
1.655227221049212289e+02 6.223128146824752349e+01 3.557911320448270232e+01
1.659191489361702168e+02 6.273883384765307625e+01 3.583735585512425104e+01
1.659575767419197803e+02 6.269384440474257048e+01 3.586457690433653056e+01
1.665245411726490090e+02 6.317550755237940763e+01 3.605733311677764874e+01
1.664997888582101666e+02 6.307883709598830535e+01 3.599301607925937674e+01
1.659562449244762092e+02 6.254208218288127341e+01 3.574217963293811806e+01
1.670187428942666941e+02 6.340409290238752504e+01 3.601328569108331834e+01
1.677532564560662536e+02 6.396144226084131645e+01 3.636780899788858079e+01
1.669429267500406127e+02 6.324664609387689040e+01 3.594909858697417349e+01
1.670967029397433805e+02 6.334039304856261055e+01 3.614263439987006876e+01
1.677784960207893334e+02 6.402494721455254023e+01 3.653798928049374695e+01
1.673204807536137650e+02 6.364430729251258612e+01 3.615579015754425996e+01
1.672682475231443959e+02 6.362468734773428736e+01 3.620545720318337146e+01
1.674354393373396022e+02 6.368481403280818398e+01 3.636689946402469076e+01
1.665151210004872553e+02 6.303212603540685421e+01 3.578197173948351661e+01
1.665344485950950002e+02 6.338944291050836455e+01 3.590687022900763026e+01
1.673061880786097220e+02 6.404242325808023395e+01 3.609472145525418085e+01
1.665804125385739667e+02 6.329936657463050409e+01 3.570219262627902879e+01
1.662591197011531676e+02 6.301520220886795443e+01 3.545073899626441261e+01
1.666957284391749283e+02 6.335397108981646852e+01 3.591992853662497964e+01
1.661631963618645500e+02 6.302491473120026200e+01 3.561916517784635516e+01
1.653451356179957656e+02 6.270651291213253131e+01 3.531326944940717993e+01
1.647882735098262117e+02 6.317385090141302584e+01 3.553792431378918337e+01
1.638246873477342831e+02 6.288429429917167113e+01 3.515858372584050784e+01
1.630199772616533949e+02 6.283651128796491747e+01 3.488202046451193894e+01
1.625070001624167730e+02 6.286769530615559631e+01 3.496923826538898794e+01
1.624062043202858661e+02 6.271719993503329249e+01 3.486428455416599093e+01
1.631896053272697884e+02 6.323131395159980173e+01 3.520458015267175256e+01
1.638086080883547311e+02 6.356147474419360321e+01 3.539931784960207750e+01
1.638466136105245994e+02 6.343628390449894283e+01 3.571089816469059741e+01
1.644992691245736580e+02 6.342026961182394018e+01 3.607841481240863857e+01
1.643614747441936004e+02 6.313779438038005765e+01 3.625401981484489511e+01
1.642587948676303427e+02 6.294208218288127199e+01 3.610245249309728877e+01
1.648209842455741523e+02 6.327396459314601174e+01 3.637203183368523440e+01
1.641832710735747867e+02 6.283982458989767395e+01 3.619340587948676102e+01
1.634967679064479569e+02 6.221666395972064123e+01 3.589676790644794835e+01
1.641568296248172771e+02 6.292213740458015536e+01 3.614883872015592203e+01
1.640000649667045707e+02 6.264466460938768932e+01 3.613055059282118009e+01
1.632618158193925524e+02 6.212509338963781147e+01 3.565817768393698373e+01
1.637757674191976491e+02 6.273568296248172516e+01 3.598820854312165096e+01
1.640854312165015472e+02 6.280035731687510037e+01 3.615504304044177530e+01
1.631209030371934432e+02 6.231970115315900927e+01 3.567532889394185247e+01
1.631552704239077514e+02 6.240425531914893753e+01 3.590290726002923805e+01
1.630867630339450898e+02 6.230121812571057660e+01 3.584190352444372252e+01
1.634232255968815934e+02 6.185109631313951439e+01 3.520740620432028578e+01
1.649785934708461923e+02 6.277203183368523298e+01 3.522933246711060917e+01
1.655109956147474293e+02 6.261533214227708299e+01 3.521452005847003619e+01
1.648353094039304949e+02 6.178590222510963059e+01 3.455998050998863391e+01
1.653432840669157144e+02 6.211174273184992956e+01 3.480708137079746933e+01
1.663846353743706459e+02 6.276878349845704008e+01 3.514672730225759523e+01
1.661834984570407698e+02 6.238593470846191025e+01 3.487386714308916424e+01
1.659988305993178415e+02 6.224498944291050861e+01 3.478460289101835201e+01
1.654168263764820495e+02 6.181832061068702444e+01 3.471323696605490028e+01
1.650557414325158447e+02 6.154442098424557628e+01 3.429170050349195975e+01
1.653589085593633285e+02 6.163202858535000672e+01 3.469403930485626120e+01
1.650090953386389572e+02 6.152418385577391291e+01 3.472376157219424897e+01
1.649521845054409539e+02 6.143147636836121706e+01 3.441542959233392907e+01
