1.543779946761313226e+02 5.936719905353445625e+01 3.245829636202307000e+01
1.536937296657793581e+02 5.874918663117421147e+01 3.212925170068027114e+01
1.534946021887015775e+02 5.838753327417923344e+01 3.197656018929311017e+01
1.529760425909494188e+02 5.855397811298432487e+01 3.192871931381248274e+01
1.507360987873410352e+02 5.847212363206151764e+01 3.143056787932564333e+01
1.497510351966873827e+02 5.868330375628512030e+01 3.139596273291925499e+01
1.488276397515527947e+02 5.901841171251108875e+01 3.123506359065365245e+01
1.487795031055900665e+02 5.938095238095237960e+01 3.128260869565217561e+01
1.489223602484472053e+02 5.986394557823129503e+01 3.147116237799467697e+01
1.480746820467317377e+02 5.977373558118899410e+01 3.129118603963324574e+01
1.488481218574386276e+02 6.043611357586512867e+01 3.170082815734989623e+01
1.494412156166814611e+02 6.088354037267080798e+01 3.199223602484472195e+01
1.486769446909198393e+02 6.034686483288967906e+01 3.161438923395445144e+01
1.488754806270334257e+02 6.054066844128956149e+01 3.169195504288671827e+01
1.494923839100857776e+02 6.081107660455486297e+01 3.215298728186927235e+01
1.489697944395149420e+02 6.063379917184264656e+01 3.196624519372966589e+01
1.494837695947944383e+02 6.100654392191659525e+01 3.207205708370304365e+01
1.505136424134871334e+02 6.139932712215320976e+01 3.257959923099674882e+01
1.502097012718130600e+02 6.037622005323868990e+01 3.203519668737060044e+01
1.508365868086364969e+02 6.018456078083407590e+01 3.186350192250813507e+01
1.527354702750665467e+02 6.115945726116533621e+01 3.260178201715469015e+01
1.540488021295474823e+02 6.168944099378882129e+01 3.265616681455190928e+01
1.552973972197574710e+02 6.215794143744454203e+01 3.312037858621709319e+01
1.562099600709849199e+02 6.260939810706891251e+01 3.360229961549837441e+01
1.564781869269446872e+02 6.236032238982549813e+01 3.334730848861283903e+01
1.567968426501035140e+02 6.271180863649807691e+01 3.342476338361431232e+01
1.576254436557231600e+02 6.352177610174504707e+01 3.382967317361727311e+01
1.573186926944690924e+02 6.311150547175392234e+01 3.364551907719609858e+01
1.561596421177166576e+02 6.217443064182194945e+01 3.321923986986098498e+01
1.553553682342502213e+02 6.190224785566400811e+01 3.311061816030760241e+01
1.550645149364093527e+02 6.174123779946761204e+01 3.290524253179532366e+01
1.550702085181898724e+02 6.172119934930493912e+01 3.280297988760721495e+01
1.541215986394557831e+02 6.135555309080153563e+01 3.278146258503401356e+01
1.526702159124519369e+02 6.014507542147293861e+01 3.258991422656018955e+01
1.517522182786157998e+02 5.923624667258207666e+01 3.240823720792664631e+01
1.487560263235729110e+02 5.711257763975154944e+01 3.144369269446909243e+01
1.459994824016563086e+02 5.491962437148772835e+01 3.013110026619343529e+01
1.452353963324460153e+02 5.415036231884057827e+01 2.997290002957704758e+01
1.439740091688849475e+02 5.388098935226264530e+01 2.984475746820467279e+01
1.428899733806566132e+02 5.341422656018929160e+01 2.942324755989352170e+01
1.432516267376515771e+02 5.342731440402248211e+01 2.971140195208518264e+01
1.433969609582963756e+02 5.341589026915114147e+01 2.955859952676722813e+01
1.431359065365276422e+02 5.301833776989056446e+01 2.936394557823129148e+01
1.448287119195504147e+02 5.376379029872818904e+01 3.020330523513753462e+01
1.459430272108843667e+02 5.411546140195208210e+01 3.050780094646554375e+01
1.458308192842354458e+02 5.405190771960958074e+01 3.028808044957113310e+01
1.470304643596569178e+02 5.468633540372670865e+01 3.045785270629991004e+01
1.485679902395741010e+02 5.592306270334220386e+01 3.138106329488316959e+01
1.490856994971901770e+02 5.698706004140786519e+01 3.057194616977225721e+01
1.504943803608399833e+02 5.839411416740609440e+01 3.085832593907128185e+01
1.522873410233658547e+02 5.993759242827565714e+01 3.144483880508725093e+01
1.527459701271812946e+02 6.053434634723454622e+01 3.125469535640343111e+01
1.533263827270038462e+02 6.075628512274474957e+01 3.153179532682638353e+01
1.528961106181603213e+02 6.066023365868086614e+01 3.137540668441289426e+01
1.511750221827861651e+02 5.932290742383909787e+01 3.070740905057675363e+01
1.495691363501922524e+02 5.845334220644779322e+01 3.017428275658089376e+01
1.483682712215320976e+02 5.775306861875184694e+01 2.984076456669624378e+01
1.476851523217982844e+02 5.701464063886424327e+01 2.907438627624962990e+01
1.472047471162377974e+02 5.626907719609582870e+01 2.863805087252292125e+01
1.465830005915409515e+02 5.536486986098787355e+01 2.818903430937592347e+01
1.464028393966282238e+02 5.461520260278024352e+01 2.793374741200828026e+01
1.468938183969239901e+02 5.471384205856255534e+01 2.802499260573794615e+01
1.473943729665779472e+02 5.489126737651582033e+01 2.821750221827861438e+01
1.480826308784383230e+02 5.514858769594794552e+01 2.920907275953859639e+01
1.485773809523809632e+02 5.528723010943507887e+01 3.007930346051464099e+01
1.480451789411416712e+02 5.467176870748298967e+01 3.017590949423247437e+01
1.482965838509316825e+02 5.459398107068914641e+01 3.014795918367346772e+01
1.501341319136350307e+02 5.569979296066252772e+01 3.127314404022478556e+01
1.503502292221236303e+02 5.593215764566696180e+01 3.138024992605738106e+01
1.506133540372670723e+02 5.590868086364980627e+01 3.112326234841762940e+01
1.515217761017450471e+02 5.651600857734398176e+01 3.151615646258503389e+01
1.512928497485951027e+02 5.639991866311741830e+01 3.161316918071576509e+01
1.512173913043478137e+02 5.653356994971901628e+01 3.145785270629991004e+01
1.526398624667258161e+02 5.767195356403431106e+01 3.208056048506359303e+01
1.524536010056196460e+02 5.762322537710736725e+01 3.209379621413783212e+01
1.516471088435374099e+02 5.685045104998521026e+01 3.159268707482993221e+01
1.518965542738834529e+02 5.704961549837326373e+01 3.161779059449866836e+01
1.515277654540076924e+02 5.661250369713102515e+01 3.156384945282460919e+01
1.512114389233954341e+02 5.571173469387755262e+01 3.075521295474711536e+01
1.518247559893522691e+02 5.566651878142561571e+01 3.087843833185448261e+01
1.521255545696539571e+02 5.531824903874593247e+01 3.076663708961845600e+01
1.518705264714581347e+02 5.496901804199940500e+01 3.034997042295178815e+01
1.521954673173617323e+02 5.517831262939958492e+01 3.044894262052646994e+01
1.525392265601892916e+02 5.537285566400473158e+01 3.066773883466430206e+01
1.528008725229222193e+02 5.529584442472641115e+01 3.070031055900621197e+01
1.529671325051759823e+02 5.542868234250222059e+01 3.079987429754510586e+01
1.531666666666666572e+02 5.556373853889381564e+01 3.087045252883762103e+01
1.534299023957408963e+02 5.558518189884649274e+01 3.091866311742088058e+01
1.535776767228630604e+02 5.575809671694764802e+01 3.094798136645962572e+01
1.532027876367938575e+02 5.545389677610174317e+01 3.073118160307601343e+01
1.534279059449866907e+02 5.565698018337769781e+01 3.079125998225377003e+01
1.533889381839692305e+02 5.572626441881100590e+01 3.088819875776397339e+01
1.519429902395741010e+02 5.469838805087252354e+01 3.032364685004436566e+01
1.507026767228630604e+02 5.497729961549837441e+01 3.012074829931972886e+01
1.503951123927832043e+02 5.555527210884353906e+01 3.038653504880213063e+01
1.491863723750369672e+02 5.536753179532682623e+01 3.021580153800650592e+01
1.492036379769299117e+02 5.560322389825495293e+01 3.021960958296362065e+01
1.503613206152026009e+02 5.642624223602484790e+01 3.080083555161195008e+01
1.501144631765749864e+02 5.633614315291333696e+01 3.055885832593907026e+01
1.503524475007394301e+02 5.666552055604850580e+01 3.060799319727891188e+01
1.512550280981957940e+02 5.733695652173913260e+01 3.094047619047618980e+01
1.506388642413487275e+02 5.707601301390121051e+01 3.070053238686779196e+01
1.501701789411416712e+02 5.719310115350487678e+01 3.082693729665779259e+01
1.506451493640934700e+02 5.798336291038154400e+01 3.115520556048506506e+01
1.497737355811889870e+02 5.766711032238982426e+01 3.113842058562555337e+01
1.490830375628512172e+02 5.746665187814256370e+01 3.081299911268855496e+01
1.491403430937592418e+02 5.754954155575273234e+01 3.098343685300207184e+01
1.491502883762200611e+02 5.720959035788228420e+01 3.086782756580893050e+01
1.495103149955634478e+02 5.705749038745933177e+01 3.107952528837622097e+01
1.499079784087548148e+02 5.723258651286601406e+01 3.129780390417036529e+01
1.499303460514640562e+02 5.678393966282165195e+01 3.119254658385093038e+01
1.497200902099970392e+02 5.645759390712807146e+01 3.096676279207335014e+01
1.493598047914818210e+02 5.625613723750369388e+01 3.098210588583259550e+01
1.487199792960662421e+02 5.581004140786749446e+01 3.064381839692398657e+01
1.490949053534457391e+02 5.583433155871043851e+01 3.067772108843537282e+01
1.496484028393966241e+02 5.623373262348417967e+01 3.101353149955634336e+01
1.497816844128956006e+02 5.641241496598639316e+01 3.101401212658976547e+01
1.505221458148476756e+02 5.693104850635906189e+01 3.130283200236616281e+01
1.501684043182490313e+02 5.674293847973972049e+01 3.131850783791777459e+01
1.491971679976338407e+02 5.601837474120083016e+01 3.088764418811002699e+01
1.497072981366459601e+02 5.667091836734693544e+01 3.077177610174504707e+01
1.498558858325939127e+02 5.652018633540372861e+01 3.106351671103223921e+01
1.488410973084885995e+02 5.600524992605738106e+01 3.071480331262939956e+01
1.496031129843241558e+02 5.637226412304052303e+01 3.107190919846199506e+01
1.505780464359656889e+02 5.661250369713102515e+01 3.157375776397515565e+01
1.502904835847382401e+02 5.641662969535640570e+01 3.144812925170068141e+01
1.509444321206743496e+02 5.666433747412008159e+01 3.180911712511091238e+01
1.514474267968056722e+02 5.678416149068323193e+01 3.199120082815734989e+01
1.505717243419106808e+02 5.612437148772552575e+01 3.135640343093759341e+01
1.508045696539485334e+02 5.607120674356698942e+01 3.140158237207926817e+01
1.514649142265601824e+02 5.660939810706891251e+01 3.176497338065660969e+01
1.514276471458148592e+02 5.648606181603076237e+01 3.154699053534457320e+01
1.514068322981366350e+02 5.641407867494824302e+01 3.153549245785270472e+01
1.511180124223602377e+02 5.629162969535640570e+01 3.146923986986098853e+01
1.506887385388938299e+02 5.578737799467613456e+01 3.114023217982845182e+01
1.509413265306122582e+02 5.579122301094350433e+01 3.128826530612244738e+01
1.508629103815439123e+02 5.590417036379768945e+01 3.143182490387459183e+01
1.508392857142857224e+02 5.575129399585921419e+01 3.132878586217095673e+01
1.505962363206151906e+02 5.541699940845903427e+01 3.141064034309376041e+01
1.499656906240757053e+02 5.528039041703637935e+01 3.083673469387755262e+01
1.500399659863945487e+02 5.503345903578822629e+01 3.062795770482106050e+01
1.509150769003253458e+02 5.552554717539189255e+01 3.103723010943507887e+01
1.510618160307601272e+02 5.586808636498077618e+01 3.122478556640047387e+01
1.515879177758059768e+02 5.593189884649512322e+01 3.127351375332741767e+01
1.526534679089026838e+02 5.665568618751848362e+01 3.170256580893226683e+01
1.521129103815439123e+02 5.628283052351375204e+01 3.154044661342798150e+01
1.515570467317361647e+02 5.592468944099378803e+01 3.107375776397515565e+01
1.521592354333037633e+02 5.636997190180419892e+01 3.143208370304643751e+01
1.517419402543626177e+02 5.617480035492457802e+01 3.129266489204377422e+01
1.513511535048802159e+02 5.587614611061815850e+01 3.104754510499851961e+01
1.524024327122153295e+02 5.656362762496302565e+01 3.140820023661638416e+01
1.523461623779946876e+02 5.643060485063590903e+01 3.153575125702455040e+01
1.515324238391008578e+02 5.595818544809228001e+01 3.106377551020408134e+01
1.524595903578822913e+02 5.643282312925170174e+01 3.128523365868086259e+01
1.526692916296953513e+02 5.641566844128956149e+01 3.117890417036379702e+01
1.525512422360248479e+02 5.591119491274771036e+01 3.101915113871635654e+01
1.532077417923691200e+02 5.658233510795622578e+01 3.135119047619047450e+01
1.540133836143153019e+02 5.703320023661638771e+01 3.159235433303756224e+01
1.541135388938184008e+02 5.707153948535935939e+01 3.136938036083998682e+01
1.539532682638272831e+02 5.681588287488908406e+01 3.145814847678201787e+01
1.531251848565513285e+02 5.631506950606329553e+01 3.114160011830819386e+01
1.531094350783791640e+02 5.604821058858325955e+01 3.108178053830227583e+01
1.539163339248742943e+02 5.661479591836734926e+01 3.162396480331262794e+01
1.544119713102632261e+02 5.696565365276545378e+01 3.182575421472936839e+01
1.549432120674356668e+02 5.745504288671990878e+01 3.170141969831410833e+01
1.553643152913339236e+02 5.770297249334516465e+01 3.198809523809523725e+01
1.546152026027802435e+02 5.719683525584146366e+01 3.138183969239869953e+01
1.551116903283052295e+02 5.743881248151434704e+01 3.169687222715172936e+01
1.562392043774031265e+02 5.806129843241644295e+01 3.232704821058858613e+01
1.557476338361431658e+02 5.767324755989352525e+01 3.234863945578231181e+01
1.552294069801833700e+02 5.723517450458444245e+01 3.210089470570837022e+01
1.542077787636793857e+02 5.677994676131321938e+01 3.191969831410825265e+01
1.515894705708370225e+02 5.567657497781721077e+01 3.108725229222123687e+01
1.509958222419402603e+02 5.582604998521147621e+01 3.079558562555456902e+01
1.518237947352854178e+02 5.681699201419698397e+01 3.136416740609287146e+01
1.515500591540964308e+02 5.681876663708961672e+01 3.152758059745637453e+01
1.517708887902987271e+02 5.688520408163265074e+01 3.134143005028098372e+01
1.528328527062999171e+02 5.755896923986986025e+01 3.184734545992310117e+01
1.529345238095237960e+02 5.728323720792664631e+01 3.177806122448979664e+01
1.532159863945578309e+02 5.706011535048801875e+01 3.175739426205264593e+01
1.542099600709849199e+02 5.770093907128068622e+01 3.232989500147885309e+01
1.539287932564330106e+02 5.735529429162969706e+01 3.189078674948240177e+01
1.536911416740609297e+02 5.728711919550428888e+01 3.183311150547175217e+01
1.541925835551612067e+02 5.817439367051168375e+01 3.133263087843833361e+01
1.540040668441289426e+02 5.831580893226855977e+01 3.085677314404022553e+01
1.534866903283052295e+02 5.810958296362023390e+01 3.026634131913635173e+01
1.537263383614315160e+02 5.821894409937888071e+01 3.036209701271813088e+01
1.540629991126885443e+02 5.855175983436853215e+01 3.031307305530907925e+01
1.546564995563442722e+02 5.902591688849452822e+01 3.031902543626146240e+01
1.548145149364093527e+02 5.925683969239869953e+01 3.030342354333037491e+01
1.540107586512866078e+02 5.870374889086069459e+01 3.009224341910677225e+01
1.540898402839396510e+02 5.847434191067731746e+01 3.011350192250813507e+01
1.539958222419402603e+02 5.877695208518189673e+01 3.009727151730257333e+01
1.543131469979296071e+02 5.887259686483289300e+01 3.036328009464655509e+01
1.550781573498964860e+02 5.963021295474711536e+01 3.038575865128660070e+01
1.549025066548358609e+02 5.938017598343684966e+01 3.044716799763383719e+01
1.542871931381248203e+02 5.858222419402543579e+01 3.016474415853297941e+01
1.548609878734102381e+02 5.896021887015675844e+01 3.012244897959183731e+01
1.548939662821650529e+02 5.828911564625850161e+01 3.116474415853297941e+01
1.533670511682934148e+02 5.678985507246376585e+01 3.106433007985803130e+01
1.531511756876663810e+02 5.630749038745933177e+01 3.139355959775214444e+01
1.533899364093463475e+02 5.630017006802721369e+01 3.164193286010056028e+01
1.526251109139307971e+02 5.583215025140491150e+01 3.137799467613132265e+01
1.532631248151434420e+02 5.643910825199645132e+01 3.160769742679680405e+01
1.543401730257320423e+02 5.716921768707482698e+01 3.212721827861579271e+01
1.534370008873114557e+02 5.640742383910085778e+01 3.148521147589470459e+01
1.527782830523513837e+02 5.608307453416149002e+01 3.149996302868973785e+01
1.528888642413487275e+02 5.609619934930493912e+01 3.171406388642413532e+01
1.528304495711327888e+02 5.615831115054717770e+01 3.167857142857142705e+01
1.542548432416444939e+02 5.722556196391600025e+01 3.206170511682933721e+01
1.553181750961254011e+02 5.811660751257024771e+01 3.257194616977225365e+01
1.551237799467613172e+02 5.796864832889677643e+01 3.256713989943803256e+01
1.548492309967465133e+02 5.773254954155575547e+01 3.251353149955634336e+01
1.543889381839692305e+02 5.809863945578231181e+01 3.243818396923987279e+01
1.548275288376219976e+02 5.852436409346347546e+01 3.234867642709257751e+01
1.554526397515527947e+02 5.930623336291038328e+01 3.267269299023957529e+01
1.554277950310558936e+02 5.936361283643892506e+01 3.287633096716947989e+01
1.551864093463472329e+02 5.924571132800946316e+01 3.268123336291038328e+01
1.556918071576456555e+02 5.928408754806270053e+01 3.284131913635019373e+01
1.549184043182490313e+02 5.866670363797693000e+01 3.243541112097013013e+01
1.543212067435669894e+02 5.824312333629103478e+01 3.214511239278319721e+01
1.544576308784383230e+02 5.812858621709553120e+01 3.241374593315587305e+01
1.532087030464359714e+02 5.714526027802425290e+01 3.191189736764270890e+01
1.527934043182490313e+02 5.671931381248151638e+01 3.175480627033422110e+01
1.540546435965690648e+02 5.759028393966281811e+01 3.242184265010352107e+01
1.533826900325347538e+02 5.712773587695947697e+01 3.214755249926057701e+01
1.519601079562259827e+02 5.587507394262052429e+01 3.125554569653948533e+01
1.523616163856846981e+02 5.608418367346938993e+01 3.150513901212659107e+01
1.525598565513161873e+02 5.636139455782313235e+01 3.148558118899733671e+01
1.528402469683525453e+02 5.656000443655722876e+01 3.133913782904465961e+01
1.536678497485951027e+02 5.726604554865424745e+01 3.153379177758059626e+01
1.535543108547767019e+02 5.732789855072464036e+01 3.165361579414374305e+01
1.531189736764270890e+02 5.689359656906241014e+01 3.153652765454007678e+01
1.539023587695947981e+02 5.752983584738242939e+01 3.164089766341319176e+01
1.541933229813664639e+02 5.748081188997338131e+01 3.182834220644779677e+01
1.540529429162969564e+02 5.736616385684708774e+01 3.163457556935817649e+01
1.549001774622892640e+02 5.809449866903283066e+01 3.194543034605146303e+01
1.554662451937296623e+02 5.850351227447500690e+01 3.229469831410825265e+01
1.557698166223011071e+02 5.876715468796214026e+01 3.246502514049097954e+01
1.555005175983436914e+02 5.926715468796214026e+01 3.238871635610765765e+01
1.543505249926057274e+02 5.912559154096420855e+01 3.226445578231292188e+01
1.538085995267672388e+02 5.873791038154391941e+01 3.201741348713398594e+01
1.531745785270630051e+02 5.878918958887903301e+01 3.190698018337769781e+01
1.528608769594794410e+02 5.808107808340727729e+01 3.241574238391008578e+01
1.534308636498077476e+02 5.827765454007690238e+01 3.310714285714285410e+01
1.539887237503697008e+02 5.851090653652765639e+01 3.382057823129251517e+01
1.530917258207630880e+02 5.783277876367938575e+01 3.362559154096420855e+01
1.533093389529724959e+02 5.765627772848269927e+01 3.347748447204968869e+01
1.539177388346643056e+02 5.790132357290742249e+01 3.381821206743566677e+01
1.530696539485359438e+02 5.734176279207335369e+01 3.330981958000591447e+01
1.530576013013901218e+02 5.734154096421177371e+01 3.338206152026027951e+01
1.530786379769299117e+02 5.741699940845903427e+01 3.340709109730848780e+01
1.515211106181603213e+02 5.648620970127181096e+01 3.290206299911268673e+01
1.511906980183377698e+02 5.660847382431233399e+01 3.265417036379768945e+01
1.525772700384501661e+02 5.764781129843241558e+01 3.366259982253770744e+01
1.525080967169476480e+02 5.757257468204673501e+01 3.358455338657201850e+01
1.522622375036971221e+02 5.729033569949719151e+01 3.359253918958887652e+01
1.525043256433008025e+02 5.744132653061224403e+01 3.367335847382431524e+01
1.515345312037858605e+02 5.720903578822833424e+01 3.261187518485655090e+01
1.514285714285714164e+02 5.752957704821059082e+01 3.187030464359656889e+01
1.526523957409050638e+02 5.858998816918071384e+01 3.242879325643301058e+01
1.530812999112688431e+02 5.880608547766932759e+01 3.210998964803312816e+01
1.535747559893522691e+02 5.904739721975747102e+01 3.223639455782313235e+01
1.548663487133983949e+02 5.967809080153800494e+01 3.283499704229517846e+01
1.559697944395149420e+02 6.013232031943211808e+01 3.308913782904465961e+01
1.568409494232475652e+02 6.051589766341319176e+01 3.309664300502809908e+01
1.575987133984028503e+02 6.099889086069210009e+01 3.365535344572611365e+01
1.583668663117420863e+02 6.131481070689144985e+01 3.380623336291038328e+01
1.596958740017746265e+02 6.192672286305826646e+01 3.424127477077787773e+01
1.606207852706299946e+02 6.269324903874593247e+01 3.475402987281869116e+01
1.607078896776101828e+02 6.280889529724933595e+01 3.467180567879325537e+01
1.609313442768411733e+02 6.269650251404910080e+01 3.474367790594498473e+01
1.602332519964507469e+02 6.226977965099083434e+01 3.472290002957704758e+01
1.601722863058266739e+02 6.194720496894409933e+01 3.451759834368530022e+01
1.617571724341910624e+02 6.271517302573203523e+01 3.512392783200236579e+01
1.620938701567583564e+02 6.280519816622300766e+01 3.540028837622005398e+01
1.617890047323277258e+02 6.247800207039337295e+01 3.529699053534456965e+01
1.627817583555161320e+02 6.310814108251996402e+01 3.569006950606329553e+01
1.631871857438627558e+02 6.331514344868381983e+01 3.574519372966577890e+01
1.623230553090801607e+02 6.260241052942916440e+01 3.518507837917776016e+01
1.626582002366163806e+02 6.287411268855368007e+01 3.523155131617864555e+01
1.631806418219461818e+02 6.317513309671694799e+01 3.570042147293700197e+01
1.627368382135462923e+02 6.283891600118307963e+01 3.530283200236616636e+01
1.631193064182194519e+02 6.334631026323572911e+01 3.561279946761312942e+01
1.637166888494528223e+02 6.369805530908015356e+01 3.590243271221532240e+01
1.628325199645075543e+02 6.295874001774622997e+01 3.529443951493640697e+01
1.628561446317657442e+02 6.288513013901212645e+01 3.525262496302868698e+01
1.638161786453711954e+02 6.355383022774326918e+01 3.589396628216503871e+01
1.637866755397811289e+02 6.373609878734102097e+01 3.549519372966577890e+01
1.634202528837622026e+02 6.383081928423543161e+01 3.517376515823720950e+01
1.631041851523218043e+02 6.395108695652174191e+01 3.509601449275362484e+01
1.626059597752144441e+02 6.355076160899142224e+01 3.485111653356995021e+01
1.625611505471754015e+02 6.338309671694764802e+01 3.472471162377994602e+01
1.617582076308784451e+02 6.295315734989647893e+01 3.447297397219757187e+01
1.612616459627329277e+02 6.231950606329488096e+01 3.417502218278615800e+01
1.616017450458444387e+02 6.235344572611653291e+01 3.412599822537710992e+01
1.612845312037858605e+02 6.222537710736468597e+01 3.383466430050280849e+01
1.616362392783200335e+02 6.267942176870748483e+01 3.354262792073350852e+01
1.628034974859509134e+02 6.358041259982253735e+01 3.411472197574681786e+01
1.623998447204969011e+02 6.327887459331558517e+01 3.402199792960662705e+01
1.622479296066252630e+02 6.300377107364685259e+01 3.377972493345163940e+01
1.631801981662230219e+02 6.349822537710736725e+01 3.425480627033422110e+01
1.631677388346643056e+02 6.359867642709257751e+01 3.419879473528541780e+01
1.635903578822833424e+02 6.356817509612540817e+01 3.443907128068618562e+01
1.647178349600709737e+02 6.416374593315586594e+01 3.502295918367347127e+01
1.643024253179532650e+02 6.336790150842946190e+01 3.515672138420585924e+01
1.635338657202011348e+02 6.269860987873410352e+01 3.478379177758059626e+01
1.644201789411416712e+02 6.382316622301094355e+01 3.539222863058266455e+01
1.645637385388938299e+02 6.460995267672286957e+01 3.551560189293108749e+01
1.628458296362022963e+02 6.389718278615794134e+01 3.480756433007985606e+01
1.620798210588583288e+02 6.379096421177166576e+01 3.484020999704229382e+01
1.611197131026323461e+02 6.312274475007394159e+01 3.450177462289263275e+01
1.602765454007690096e+02 6.230922803904170593e+01 3.407911860396332315e+01
1.604334516415261760e+02 6.242535492457852797e+01 3.429418071576456839e+01
1.606016341319136416e+02 6.260226264418810871e+01 3.447656018929311017e+01
1.605092058562555337e+02 6.241330227743271308e+01 3.438032386867790535e+01
1.602961771665187882e+02 6.230475451049985480e+01 3.418437592428275451e+01
1.603376220053238796e+02 6.232775066548358467e+01 3.410843685300206829e+01
1.603966651878142500e+02 6.271354628808045106e+01 3.386261461106181514e+01
1.602485581188997230e+02 6.293770334220644713e+01 3.388683081928423491e+01
1.592728112984324298e+02 6.249696835255841165e+01 3.353970718722271727e+01
1.586985359361135863e+02 6.184767820171546759e+01 3.328926353149955730e+01
1.588595459923099611e+02 6.203434634723454622e+01 3.336871487725525043e+01
1.587231958000591590e+02 6.209379621413783212e+01 3.340849600709849199e+01
1.600042147293700054e+02 6.316274770777876313e+01 3.375976042590949078e+01
1.604449497190180409e+02 6.371938775510204067e+01 3.392524401064773798e+01
1.594960070984915603e+02 6.286819727891156617e+01 3.358026471458148166e+01
1.596685152321798284e+02 6.309671694764862337e+01 3.348742975451050086e+01
1.606788671990535420e+02 6.400207039337473702e+01 3.416977225672877694e+01
1.599560411120970116e+02 6.321217834960071258e+01 3.388328157349896230e+01
1.600474711623780024e+02 6.350410381543922256e+01 3.394761165335699360e+01
1.614825495415557555e+02 6.461309523809524080e+01 3.459608843537414913e+01
1.614693877551020478e+02 6.450584146702159671e+01 3.422278911564625759e+01
1.615753845016267292e+02 6.426478852410529896e+01 3.397937000887311143e+01
1.626180863649807691e+02 6.514378142561372442e+01 3.446883318544809072e+01
1.629562259686483401e+02 6.523110766045549269e+01 3.418718574386276288e+01
1.633588805087252354e+02 6.520023661638568058e+01 3.420349009168884891e+01
1.640652173913043441e+02 6.574815143448684296e+01 3.455294291629695635e+01
1.636760204081632537e+02 6.564725672877847273e+01 3.419990387459331771e+01
1.639771517302573329e+02 6.570079118603963764e+01 3.406163117420881292e+01
1.648618382135462923e+02 6.661309523809524080e+01 3.452081484767820285e+01
1.658962954747116214e+02 6.758477521443360558e+01 3.497696687370600444e+01
1.665561224489795791e+02 6.791921768707483409e+01 3.489910529429162978e+01
1.663564404022478698e+02 6.773842797988760367e+01 3.505401508429459057e+01
1.664960070984915603e+02 6.786608991422656345e+01 3.488842058562555337e+01
1.674650621118012452e+02 6.844960810411120633e+01 3.517868234250222059e+01
1.676056640047323185e+02 6.852909642117717226e+01 3.532471901804199632e+01
1.673875332741792477e+02 6.862048950014788318e+01 3.507479296066252772e+01
1.681963176574977865e+02 6.898687518485655801e+01 3.535584886128364701e+01
1.683022034900916992e+02 6.900750517598343947e+01 3.532324016563146785e+01
1.677948831706595740e+02 6.828268263827270346e+01 3.520637385388938156e+01
1.688939662821650529e+02 6.916592724046140006e+01 3.563723750369712917e+01
1.696664818101153571e+02 6.987888198757764258e+01 3.604865424430641951e+01
1.692259316770186217e+02 6.933551464063886272e+01 3.557952528837621742e+01
1.692881913635019089e+02 6.935525732031943846e+01 3.567409790002957948e+01
1.695273957409050638e+02 6.962045252883761748e+01 3.566570541259982008e+01
1.688709701271812946e+02 6.887762496302869408e+01 3.525192250813368844e+01
1.689117864537119260e+02 6.875839248742975940e+01 3.535348269742679861e+01
1.690653283052351412e+02 6.890324608104111803e+01 3.567742531795326499e+01
1.683454968944099335e+02 6.830076160899142224e+01 3.534808488612836186e+01
1.684480922803904264e+02 6.853826530612245449e+01 3.540324608104111093e+01
1.690835181898846429e+02 6.925513901212659107e+01 3.564984472049689401e+01
1.687617938479739621e+02 6.886302129547470940e+01 3.540117568766637390e+01
1.680714285714285836e+02 6.840794143744454914e+01 3.585899142265601824e+01
1.686082150251404812e+02 6.869472789115646094e+01 3.661206004140786519e+01
1.689548580301685945e+02 6.903112984324164358e+01 3.698868677905944935e+01
1.693498225377107360e+02 6.925680272108843383e+01 3.707431233362910206e+01
1.693399142265601824e+02 6.939762644188110130e+01 3.737928867199053684e+01
1.694198461993493083e+02 6.950787488908606804e+01 3.750550872522921964e+01
1.699751922508133646e+02 6.972467465246968743e+01 3.775070245489499854e+01
1.698630212954747094e+02 6.964355959775214444e+01 3.780741644483880748e+01
1.699858769594794410e+02 6.977931824903875224e+01 3.757390564921620779e+01
1.700979739721975648e+02 7.014999260573794970e+01 3.774966725820763003e+01
1.685655131617864413e+02 6.957593907128068622e+01 3.719616977225673082e+01
1.672146923986986167e+02 6.908629103815438555e+01 3.690572315882874932e+01
1.669340062111801331e+02 6.940413339248742375e+01 3.709801094350783757e+01
1.661243345164152743e+02 6.895019964507541488e+01 3.707412747707778777e+01
1.658671620822241835e+02 6.887507394262053140e+01 3.694812925170067786e+01
1.671888864241348642e+02 6.947877846790889578e+01 3.756750961254066823e+01
1.675290224785566409e+02 6.957475598935226913e+01 3.752417923691215407e+01
1.671846716947648588e+02 6.893751848565513285e+01 3.738768115942028913e+01
1.679232475598935252e+02 6.951109139307897067e+01 3.775539781129842964e+01
1.678215025140490866e+02 6.906196391600119000e+01 3.770585625554569731e+01
1.677949940845903711e+02 6.881935817805383238e+01 3.752048210588583288e+01
1.695481736172729939e+02 7.049519372966578601e+01 3.844299023957409389e+01
1.709106403430937462e+02 7.191204525288375748e+01 3.869835107956225784e+01
1.710721679976338407e+02 7.180227743271221641e+01 3.878201715468796351e+01
1.708457187222715277e+02 7.173554421768707812e+01 3.892971753918958910e+01
1.704496450754214720e+02 7.149940845903579145e+01 3.900133096716947989e+01
1.704367420881395958e+02 7.135403726708074146e+01 3.852721088435374241e+01
1.710044735285418653e+02 7.188180272108843383e+01 3.879026175687666722e+01
1.708546288080449642e+02 7.205996746524697016e+01 3.889404022478556300e+01
1.701210440698018260e+02 7.122596864832890162e+01 3.868189884649512322e+01
1.689637311446317653e+02 7.094391452233067241e+01 3.746166075125702122e+01
1.685956817509612620e+02 7.125676574977816813e+01 3.697090357882283485e+01
1.691821576456669618e+02 7.153112984324164358e+01 3.692006802721088121e+01
1.693965912451937186e+02 7.167136202307010251e+01 3.680164892043774216e+01
1.681316178645371053e+02 7.047545104998521026e+01 3.623602484472049667e+01
1.684354480922803816e+02 7.061316918071575799e+01 3.616211919550428888e+01
1.693279355220348918e+02 7.127954007690033222e+01 3.661080301685891669e+01
1.694503105590061978e+02 7.126038893818396502e+01 3.630297988760721495e+01
1.700502070393374652e+02 7.166707335107956567e+01 3.666633392487429433e+01
1.706926944690919754e+02 7.199626589766342022e+01 3.702140638864241140e+01
1.695520186335403707e+02 7.084945282460810745e+01 3.649423247559893468e+01
1.695395593019816545e+02 7.078952233067140298e+01 3.646077343981070840e+01
1.706582002366163806e+02 7.176586069210293317e+01 3.694583703046436085e+01
1.700300207039337579e+02 7.112329931972789154e+01 3.668896036675539563e+01
1.702926648920437742e+02 7.135137533274179589e+01 3.660263235729074438e+01
1.714753401360544274e+02 7.216038154392191473e+01 3.743530020703934014e+01
1.710230331262939956e+02 7.160817805383022971e+01 3.751501035196687184e+01
1.706242236024844772e+02 7.113405797101449934e+01 3.710448092280390142e+01
1.709038376220053124e+02 7.142502218278615089e+01 3.708192842354333152e+01
1.703782904466134198e+02 7.120371191955042889e+01 3.705005915409642370e+01
1.703171398994380468e+02 7.076497338065661324e+01 3.686612688553682204e+01
1.708416518781425566e+02 7.137492605737946860e+01 3.716906980183377840e+01
1.714476486246672664e+02 7.181713989943803256e+01 3.755641821946169756e+01
1.716823055309080246e+02 7.202761756876664379e+01 3.758455338657201850e+01
1.716832667849748475e+02 7.188542590949423072e+01 3.762973232771369680e+01
1.713497116237799389e+02 7.155405205560485626e+01 3.742716651878142642e+01
1.709810706891452128e+02 7.126715468796214736e+01 3.746147589470570693e+01
1.703467169476486163e+02 7.057157645666961798e+01 3.726737651582372024e+01
1.702232327713694247e+02 7.042809080153800494e+01 3.732930346051463744e+01
1.712399068322981464e+02 7.152776545400769237e+01 3.751726560189293025e+01
1.708149216208222470e+02 7.149951937296657434e+01 3.771676279207335369e+01
1.698068249038745989e+02 7.107131765749778651e+01 3.727746968352558099e+01
1.705677314404022411e+02 7.198010943507837567e+01 3.774201419698314197e+01
1.709350783791777530e+02 7.224733806566104022e+01 3.818774031351671283e+01
1.703827270038450195e+02 7.178704525288375748e+01 3.778926353149955730e+01
1.709497929606625348e+02 7.243603963324460437e+01 3.785913930789707393e+01
1.705346790890269233e+02 7.224667258207631448e+01 3.758015380065069166e+01
1.694305678793256504e+02 7.097522922212363028e+01 3.713538893818397213e+01
1.700961623779946876e+02 7.169180715764566969e+01 3.757468204673173773e+01
1.712847160603371890e+02 7.276319875776397339e+01 3.809919402543626177e+01
1.710744232475599063e+02 7.261065513161786100e+01 3.785481366459627139e+01
1.710955338657201992e+02 7.273968500443655216e+01 3.795145666962437048e+01
1.708306713989943830e+02 7.291855220349009414e+01 3.784727151730257333e+01
1.690544217687074706e+02 7.189489056492162433e+01 3.715132357290742249e+01
1.681368677905944935e+02 7.159120822241939663e+01 3.697718870156758442e+01
1.678872375036971221e+02 7.127062999112688146e+01 3.727639751552794678e+01
1.677922582076308800e+02 7.098595090209997238e+01 3.730005915409642370e+01
1.682035270629991146e+02 7.079466134279799405e+01 3.739670215912452278e+01
1.679625110913930826e+02 7.061557231588287209e+01 3.739093463472345746e+01
1.678601745045844496e+02 7.028271960958296916e+01 3.728937444543034729e+01
1.677495933155871057e+02 6.993825791186038998e+01 3.718892339544513703e+01
1.676140934634723578e+02 6.971217834960070547e+01 3.734187370600414368e+01
1.680772700384501661e+02 6.986668145519077200e+01 3.727632357290742249e+01
1.688216134279798837e+02 7.039318988464951588e+01 3.766574238391008578e+01
1.686458148476781957e+02 7.020012570245489769e+01 3.776046288080449642e+01
1.688105590062111787e+02 7.021724341910677936e+01 3.778660159716060463e+01
1.688079710144927503e+02 7.042505915409641659e+01 3.784446169772256496e+01
1.669880952380952408e+02 6.885104259094941881e+01 3.689185891748003598e+01
1.658063812481514390e+02 6.775839248742975940e+01 3.627658237207926817e+01
1.662910381543921972e+02 6.821487725524993095e+01 3.641200828157349889e+01
1.666752440106477309e+02 6.787119195504288882e+01 3.572700384501627013e+01
1.668500443655723018e+02 6.806939514936409807e+01 3.521047766932860412e+01
1.684105664004732432e+02 6.925207039337473702e+01 3.559634723454599481e+01
1.684452454895001381e+02 6.927894853593610947e+01 3.543378438331854596e+01
1.678448683821354734e+02 6.858366607512570567e+01 3.503560337178349471e+01
1.683198388050872438e+02 6.887071132800946316e+01 3.536006359065365245e+01
1.677626072167997506e+02 6.842239721975747102e+01 3.521520999704229382e+01
1.670451419698314055e+02 6.738890121265897903e+01 3.464001035196687184e+01
1.679102336586808519e+02 6.785070984915705594e+01 3.503349600709849199e+01
1.689665779355220252e+02 6.874415853297840329e+01 3.527654540076900247e+01
1.689639529724933311e+02 6.877162821650399849e+01 3.516870008873114273e+01
1.694823277136941613e+02 6.871166075125702832e+01 3.543688997338065860e+01
1.699488686779059492e+02 6.941067731440402611e+01 3.560825199645075401e+01
1.706963176574977865e+02 6.978371783496007197e+01 3.568108547766932759e+01
1.714238760721679853e+02 7.018574386276249299e+01 3.586853002070393615e+01
1.711721753918958768e+02 7.051364241348713335e+01 3.612677462289263275e+01
1.714444690919846153e+02 7.104580745341614545e+01 3.638919698314108331e+01
1.717191289559301879e+02 7.166082519964507469e+01 3.650081336882578853e+01
1.715028837622005256e+02 7.145164152617569187e+01 3.655368234250222059e+01
1.720141969831410904e+02 7.219650251404910080e+01 3.659372227151730073e+01
1.717796509908311009e+02 7.219221384205856396e+01 3.670345312037858321e+01
1.703900473232771446e+02 7.099774475007394869e+01 3.597023809523809490e+01
1.702274475007394301e+02 7.108518189884649985e+01 3.606063294883171011e+01
1.705600414078674874e+02 7.149707926648920875e+01 3.644206595681750827e+01
1.697406462585034035e+02 7.093393226855960165e+01 3.607501478852410770e+01
1.701322463768115938e+02 7.124852114758947152e+01 3.627440106477373405e+01
1.712740313516711126e+02 7.235255841467021298e+01 3.659183673469387799e+01
1.715119417332150249e+02 7.246646702159124231e+01 3.680734250221827608e+01
1.714652099970423080e+02 7.239951197870452404e+01 3.661010056196391815e+01
1.721416001183081903e+02 7.291651878142560861e+01 3.714086069210292607e+01
1.710567139899438018e+02 7.226497338065661324e+01 3.699922360248447006e+01
1.705231810115350584e+02 7.214237651582372735e+01 3.693592871931381438e+01
1.719232475598935252e+02 7.350913191363501653e+01 3.817165779355220678e+01
1.730603371783496129e+02 7.447053386572019917e+01 3.849434338952972467e+01
1.734852114758947152e+02 7.457094794439514374e+01 3.888830967169476338e+01
1.740553830227743219e+02 7.498975894705708356e+01 3.912566548358473995e+01
1.743021665187814335e+02 7.522208666075125905e+01 3.954610322389825683e+01
1.744615498373262312e+02 7.504236912156166284e+01 3.934553386572019917e+01
1.744881691807157722e+02 7.491492901508429725e+01 3.934098639455782376e+01
1.741888864241348642e+02 7.469554125998224947e+01 3.918518929310855015e+01
1.740136424134871334e+02 7.475643300798580526e+01 3.913043478260869534e+01
1.735912451937296623e+02 7.413464951197870789e+01 3.886549837326234780e+01
1.732624223602484506e+02 7.398158828748890414e+01 3.876833776989056446e+01
1.743290446613428060e+02 7.502739574090506380e+01 3.910030316474416168e+01
1.743504510499852245e+02 7.502133244602188711e+01 3.893836882579118708e+01
1.733538893818396787e+02 7.436202307009760659e+01 3.876086956521739069e+01
1.735615572315882957e+02 7.462322537710736015e+01 3.895700236616385581e+01
1.730207039337473987e+02 7.412703342206447132e+01 3.884338952972493075e+01
1.718511535048802159e+02 7.346491422656018244e+01 3.852451197870452404e+01
1.720069875776397623e+02 7.447929606625258714e+01 3.875036971310263567e+01
1.714862836438923352e+02 7.465524253179532366e+01 3.869738982549541362e+01
1.700103519668737135e+02 7.340820023661638061e+01 3.805889529724933595e+01
1.698868308192842278e+02 7.346151286601596553e+01 3.812803164744158835e+01
1.699045770482105979e+02 7.373839100857733797e+01 3.842886719905353488e+01
1.694452085181898724e+02 7.290420733510795515e+01 3.794946021887015775e+01
1.702380582667849751e+02 7.342542886719905937e+01 3.853501183081928616e+01
1.714543774031351688e+02 7.433691955042887400e+01 3.880911712511091594e+01
1.712716651878142500e+02 7.407471901804200343e+01 3.843496746524697016e+01
1.711926944690919754e+02 7.360133836143153019e+01 3.849545252883762458e+01
1.715457704821058940e+02 7.403881987577639734e+01 3.882320319432120925e+01
1.717513309671694799e+02 7.413442768411712791e+01 3.855028098195800368e+01
1.718621339840283895e+02 7.401308784383319050e+01 3.859265010351966652e+01
1.722755471753918926e+02 7.429506802721088832e+01 3.882434930493936776e+01
1.729282386867790535e+02 7.467150990831115109e+01 3.892099230996746684e+01
1.729022108843537353e+02 7.467816474415853634e+01 3.874101597160603205e+01
1.721470349009168785e+02 7.416947648624666556e+01 3.844350783791777815e+01
1.722582446021887108e+02 7.435640343093758986e+01 3.862792073351079836e+01
1.726491792369121470e+02 7.473835403726708648e+01 3.886612688553682204e+01
1.724680198166223022e+02 7.446210440698018829e+01 3.877562111801242395e+01
1.729051685891747923e+02 7.485070984915705594e+01 3.872737355811889870e+01
1.735122375036971221e+02 7.548905649216207792e+01 3.902440106477373405e+01
1.724741570541260103e+02 7.461146850044364953e+01 3.886095090209997238e+01
1.720629251700680413e+02 7.398528541851523244e+01 3.861838213546288046e+01
1.733514123040520474e+02 7.500325347530316833e+01 3.929458740017746265e+01
1.734174060928719427e+02 7.500942768411712791e+01 3.907434930493936776e+01
1.729444690919846153e+02 7.471343537414965397e+01 3.923975894705708356e+01
1.735648476782017156e+02 7.538272700384501945e+01 4.010337178349600862e+01
1.727236024844720532e+02 7.471923986986098498e+01 3.991651878142561571e+01
1.720522774327122022e+02 7.400425170068027114e+01 3.961146850044365664e+01
1.734835847382431098e+02 7.552502957704821540e+01 4.042949571132800912e+01
1.743625406684412837e+02 7.625621118012422528e+01 4.071199349304939119e+01
1.737046731736172660e+02 7.563087843833184820e+01 4.035980479148180677e+01
1.739043921916592694e+02 7.569299023957408679e+01 4.078660159716060463e+01
1.739121931381248203e+02 7.574356699201419474e+01 4.072389825495415749e+01
1.737658237207926675e+02 7.571103223898255408e+01 4.057305530908015356e+01
1.740692472641230495e+02 7.588627624963028495e+01 4.073513753327417675e+01
1.741774992605737964e+02 7.619757468204673501e+01 4.118411712511091594e+01
1.740688775510204209e+02 7.611276249630286372e+01 4.085825199645075401e+01
1.742014196983141119e+02 7.629972641230405372e+01 4.092321058858325955e+01
1.743330375628512172e+02 7.656103963324460437e+01 4.092084442472641115e+01
1.754466134279798837e+02 7.680290594498669066e+01 4.051630434782608603e+01
1.760172286305826788e+02 7.686165335699497803e+01 4.048232771369417549e+01
1.763039781129843107e+02 7.696273291925466253e+01 4.018515232179828445e+01
1.781700310559006084e+02 7.850861431529133938e+01 4.059054273883466379e+01
1.790887681159420310e+02 7.965058414670215825e+01 4.122748447204968869e+01
1.786498816918071668e+02 7.932131765749778651e+01 4.086176427092576091e+01
1.793000221827861651e+02 7.973554421768707812e+01 4.106163117420881292e+01
1.796684782608695627e+02 8.015598195800059500e+01 4.117790594498669066e+01
1.786625258799171831e+02 7.914444690919846437e+01 4.075728334812185949e+01
1.789560411120970116e+02 7.897589470570837022e+01 4.059168884945282230e+01
1.794311594202898448e+02 7.947526619343389598e+01 4.095988612836438847e+01
1.788133688257911729e+02 7.888882727003844764e+01 4.058255693581780577e+01
1.790892117716651910e+02 7.902735876959479810e+01 4.077299615498372987e+01
1.801193064182194519e+02 7.991089914226560609e+01 4.142524401064773798e+01
1.794213620230700883e+02 7.958858325939071676e+01 4.093907128068618562e+01
1.774794809228039014e+02 7.919103076013013265e+01 4.057908163265306456e+01
1.766192324755989489e+02 7.933307453416149713e+01 4.083795474711623541e+01
1.759646184560780853e+02 7.914163708961845600e+01 4.072918515232179715e+01
1.757995785270630051e+02 7.943751848565513285e+01 4.082216799763383364e+01
1.767450458444247374e+02 8.034531203785861919e+01 4.168751848565513285e+01
1.771672582076308800e+02 8.074597012718130884e+01 4.180956078083407590e+01
1.770055456965394853e+02 8.034157793552203941e+01 4.176571280686187748e+01
1.765526101745045935e+02 8.052709997042295242e+01 4.194280538302277250e+01
1.763249778172138349e+02 8.084183673469387088e+01 4.201501035196687184e+01
1.759716799763383506e+02 8.129174060928718859e+01 4.178833924874297878e+01
1.753601005619639182e+02 8.120944247264122851e+01 4.174123779946761204e+01
1.748779946761313226e+02 8.110880656610470396e+01 4.129691659272404536e+01
1.747527358769594912e+02 8.080198166223010503e+01 4.128926353149955730e+01
1.737690402247855559e+02 7.956403430937592702e+01 4.083481218574386418e+01
1.733897145814847818e+02 7.902706299911268673e+01 4.057719609582963471e+01
1.761463324460218871e+02 7.967827565808931922e+01 4.065786749482401774e+01
1.770004066844128943e+02 7.951160899142266203e+01 4.064943803608399975e+01
1.767391674060928608e+02 7.858089322685596301e+01 4.027506654835847399e+01
1.774818840579710013e+02 7.888246820467317377e+01 4.065990091688849617e+01
1.773828748890860822e+02 7.867590949423247082e+01 4.064840283939663124e+01
1.765401878142561429e+02 7.782564330079857484e+01 4.029961549837326373e+01
1.771970940550133093e+02 7.853756285122744885e+01 4.058414670215912423e+01
1.774803312629399556e+02 7.871062555456965981e+01 4.060681011535049123e+01
1.766078822833481183e+02 7.775979739721975648e+01 4.024515675835551320e+01
1.766864463176574986e+02 7.776342058562555337e+01 4.041381987577639734e+01
1.769801833776988929e+02 7.818873853889381564e+01 4.052207187222715135e+01
1.763732253771073601e+02 7.754255397811299133e+01 4.007287045252883928e+01
1.762131396036675426e+02 7.762880804495711118e+01 4.018145519077196326e+01
1.766283274179236855e+02 7.811309523809524080e+01 4.053072315882874932e+01
1.768922656018929445e+02 7.819273144040224111e+01 4.049737503697131302e+01
1.767424208813960433e+02 7.823040520556048705e+01 4.065039929015084397e+01
1.764524179236912289e+02 7.800739426205264238e+01 4.068352558414670028e+01
1.764832150251404812e+02 7.794794439514936357e+01 4.079858030168589522e+01
1.770388568470866630e+02 7.817121413782903971e+01 4.117180567879325537e+01
1.774353741496598502e+02 7.854761904761905100e+01 4.122863058266784719e+01
1.778054199940845876e+02 7.879821058858325955e+01 4.129125998225377003e+01
1.773710070984915603e+02 7.817975451049984770e+01 4.114544513457556718e+01
1.765928719313812394e+02 7.742003105590062262e+01 4.080246228926353069e+01
1.772120304643596569e+02 7.804321946169771707e+01 4.112056344276841457e+01
1.782476708074534031e+02 7.892916296953563915e+01 4.170837030464359430e+01
1.775010721679976200e+02 7.826586069210293317e+01 4.119398846495119670e+01
1.772637163561076648e+02 7.800606329488317670e+01 4.106225968648328717e+01
1.781063664596273384e+02 7.905053978112984225e+01 4.172711475894706012e+01
1.777746968352558383e+02 7.868101153504879619e+01 4.136424134871339930e+01
1.778937814256137244e+02 7.890398550724637516e+01 4.133433155871043851e+01
1.782314034309376041e+02 7.972541407867494456e+01 4.121935078379177497e+01
1.770452159124519369e+02 7.862429754510499436e+01 4.042716651878142642e+01
1.761046288080449642e+02 7.802451197870452404e+01 3.986701419698314197e+01
1.770951641526175706e+02 7.912207926648920875e+01 4.027632357290742249e+01
1.773625406684412837e+02 7.936035936113576383e+01 4.012951049985211682e+01
1.770643670511682899e+02 7.901604554865424745e+01 4.000022182786157998e+01
1.777377994676131436e+02 7.977599083111505252e+01 4.016833037562851416e+01
1.772908532978408687e+02 7.934575569358177916e+01 4.005723158828748609e+01
1.767236394557823189e+02 7.880346051464063351e+01 3.980242531795326499e+01
1.777778393966282238e+02 7.985189293108547304e+01 4.055937592428275451e+01
1.784930863649807691e+02 8.064074977817213608e+01 4.087485211475894431e+01
1.787927388346643056e+02 8.089862466725820411e+01 4.086194912747707519e+01
1.790805235137533202e+02 8.074108991422656345e+01 4.101837474120083016e+01
1.787357290742383782e+02 8.051316178645370769e+01 4.092191659272404536e+01
1.786945800059154124e+02 8.037063738538893176e+01 4.078205412599822210e+01
1.786973158828748751e+02 7.996938775510204778e+01 4.125170068027210846e+01
1.788995489500147755e+02 7.989230257320319595e+01 4.136538745933155781e+01
1.797668219461697845e+02 8.047578379177758734e+01 4.165368973676427089e+01
1.797220127181307419e+02 8.032830523513753462e+01 4.180760130139012176e+01
1.793090801538006644e+02 7.981111357586512156e+01 4.158544069801833842e+01
1.800388938183969287e+02 8.059331558710441357e+01 4.204318249038745847e+01
1.805926501035196736e+02 8.100524992605737395e+01 4.246073646850044270e+01
1.795398181011535144e+02 7.993700088731144149e+01 4.202440106477373405e+01
1.799044291629695351e+02 8.034605146406389053e+01 4.214182194616977029e+01
1.801369417332150249e+02 8.053046435965690364e+01 4.235418515232179715e+01
1.792629769299024076e+02 7.952721088435373531e+01 4.171946169772256496e+01
1.794731958000591590e+02 7.996251109139308255e+01 4.216200828157349889e+01
1.803164744158532926e+02 8.097057083703046487e+01 4.232253771073646931e+01
1.796330227743271166e+02 8.021136498077491694e+01 4.206421916592724131e+01
1.782799837326234922e+02 7.931662230109435541e+01 4.142398698609878949e+01
1.766604554865424461e+02 7.908740017746228546e+01 4.107024548950014520e+01
1.752575791186039567e+02 7.804639899438035400e+01 4.023776249630287083e+01
1.748578822833481183e+02 7.795925761608991422e+01 4.017664892043774216e+01
1.758775510204081627e+02 7.923258651286602117e+01 4.096358325939070966e+01
1.770027358769594912e+02 8.043152913339248755e+01 4.159316770186335077e+01
1.776431529133392360e+02 8.089710884353740994e+01 4.192905205560484916e+01
1.778334442472641115e+02 8.095681750961253442e+01 4.186734693877551194e+01
1.777070023661638629e+02 8.057730700976043181e+01 4.166618603963324574e+01
1.778043847973972333e+02 8.040339396628216662e+01 4.159076456669624378e+01
1.773867938479739621e+02 7.988280094646553664e+01 4.150273587695947697e+01
1.775129769299024076e+02 8.015435522034900373e+01 4.174900177462289008e+01
1.784179236912156057e+02 8.106384945282461274e+01 4.196313960366755680e+01
1.784814404022478698e+02 8.106066992014197581e+01 4.197045992309967488e+01
1.783199497190180409e+02 8.087995415557527679e+01 4.196380508725228964e+01
1.789982253771073601e+02 8.137455634427684004e+01 4.222415705412599607e+01
1.782728482697426671e+02 8.017372818692695091e+01 4.214370748299320013e+01
1.778686039633244604e+02 7.921029281277728273e+01 4.168456078083407590e+01
1.790541629695356391e+02 8.034834368530020754e+01 4.237673765158237416e+01
1.794506433007985891e+02 8.057057823129251517e+01 4.256599378881987406e+01
1.787267080745341730e+02 8.001135019225081635e+01 4.233788080449571112e+01
1.797166149068322909e+02 8.074301242236025189e+01 4.274419550428866899e+01
1.799053164744158551e+02 8.098217982845312690e+01 4.284908311150547178e+01
1.794630656610470396e+02 8.051619343389529604e+01 4.254724933451641533e+01
1.801579414374445491e+02 8.066492901508429725e+01 4.282360987873410352e+01
1.804059819580005808e+02 8.084826974267967614e+01 4.296687370600414368e+01
1.799039485359361095e+02 8.028013161786454077e+01 4.250817065956817231e+01
1.802492236024844772e+02 8.044147441585329261e+01 4.271373114463176535e+01
1.815391526175687602e+02 8.159316770186335077e+01 4.361387163561076363e+01
1.823309301981662145e+02 8.274371487725524332e+01 4.399556344276841457e+01
1.836509908311150525e+02 8.399578527062999456e+01 4.468552203490092012e+01
1.844755989352262588e+02 8.484020999704229382e+01 4.476715468796214026e+01
1.843574386276249584e+02 8.468134427684117327e+01 4.423369565217391397e+01
1.839071280686187606e+02 8.408385093167701996e+01 4.347160603371783338e+01
1.832694838805087159e+02 8.338649807749186493e+01 4.295984915705412277e+01
1.837268559597752073e+02 8.402303312629399556e+01 4.282619787045253190e+01
1.840242162082224127e+02 8.432793552203490606e+01 4.298824312333628939e+01
1.834763753327417817e+02 8.366748003549245993e+01 4.260640343093758986e+01
1.838532238982549529e+02 8.416119491274770326e+01 4.267583555161194653e+01
1.846310632948831767e+02 8.502484472049690112e+01 4.312304052055604586e+01
1.836276989056492255e+02 8.402403135167109838e+01 4.225769003253475375e+01
1.835336069210292749e+02 8.385192990239573874e+01 4.242794291629695635e+01
1.840930937592428336e+02 8.422722567287785012e+01 4.282349896480331353e+01
1.834938627624962919e+02 8.391614906832298004e+01 4.241215616681455458e+01
1.838958887902987271e+02 8.408998816918071384e+01 4.233015380065069166e+01
1.849548210588583288e+02 8.529591836734694255e+01 4.318929310854776560e+01
1.852108104111209741e+02 8.594450606329488096e+01 4.361753179532682623e+01
1.854570393374741286e+02 8.618108547766932759e+01 4.356758355516119252e+01
1.863221679976338407e+02 8.770611505471754299e+01 4.432752883762200469e+01
1.859204377403135027e+02 8.755904318249038454e+01 4.438675687666371061e+01
1.851253697131026286e+02 8.643086364980774761e+01 4.381861875184856814e+01
1.857902987281869400e+02 8.685211475894705302e+01 4.426737651582372024e+01
1.859528985507246261e+02 8.745493197278911168e+01 4.461080301685891669e+01
1.861296214137828997e+02 8.780253623188406209e+01 4.457242679680567932e+01
1.867187592428275593e+02 8.830316474415853634e+01 4.485226264418810871e+01
1.865235876959479526e+02 8.821110618160307126e+01 4.463095238095237960e+01
1.861172729961549805e+02 8.764648033126293569e+01 4.428460514640639190e+01
1.857711845607808243e+02 8.711938036083998327e+01 4.415561224489795933e+01
1.856033348121857500e+02 8.701586069210293317e+01 4.404203637976929997e+01
1.856137607216799665e+02 8.722112540668440772e+01 4.405652913339248755e+01
1.856440402247855559e+02 8.686982401656314323e+01 4.409387015675835642e+01
1.855076900325347538e+02 8.644609582963620653e+01 4.422959183673469141e+01
1.865736838213546207e+02 8.762744010647737980e+01 4.527059301981662287e+01
1.873541481810115386e+02 8.837067435669919746e+01 4.571657793552203231e+01
1.866110618160307695e+02 8.767790594498669066e+01 4.576353149955634336e+01
1.869495341614906749e+02 8.800761608991422236e+01 4.591030760130139043e+01
1.867065587104407030e+02 8.841629695356402863e+01 4.611061816030760241e+01
1.853076013013901218e+02 8.736217095533865518e+01 4.516770186335403992e+01
1.853330005915409515e+02 8.774330819284234906e+01 4.544798136645962927e+01
1.860905057675244052e+02 8.880061372375037365e+01 4.611501774622892924e+01
1.855541999408459048e+02 8.843847973972196996e+01 4.577894853593611657e+01
1.856082889677610126e+02 8.845618899733806018e+01 4.557390564921620779e+01
1.863337400177462371e+02 8.892040076900325118e+01 4.601844868382135445e+01
1.864645814847678196e+02 8.874408459035788610e+01 4.588220940550132809e+01
1.866270703933747370e+02 8.851038893818396502e+01 4.590184117125110674e+01
1.869718648328896791e+02 8.870700236616386292e+01 4.629883910085773380e+01
1.863139233954451299e+02 8.840919846199349763e+01 4.504199940845903427e+01
1.856038893818396787e+02 8.753183229813664923e+01 4.409113427979887945e+01
1.853527802425317930e+02 8.717036379769298549e+01 4.372522922212363028e+01
1.854868751848565580e+02 8.756015232179828445e+01 4.373791038154391941e+01
1.856809006211180133e+02 8.801412304052055902e+01 4.387141378290446880e+01
1.858432786157941337e+02 8.799389973380657182e+01 4.403368086364980627e+01
1.859014714581484782e+02 8.818086364980774761e+01 4.413413191363501653e+01
1.861246302868973714e+02 8.855401508429459057e+01 4.413668293404317922e+01
1.850645149364093527e+02 8.769927536231884346e+01 4.365269151138716097e+01
1.846651878142561429e+02 8.695397071872227457e+01 4.317165779355220678e+01
1.851215616681455174e+02 8.761557231588287209e+01 4.358155871044069585e+01
1.850282091097308523e+02 8.737474120082815432e+01 4.347619047619047450e+01
1.852216799763383506e+02 8.783717834960070547e+01 4.335388938183969287e+01
1.861445578231292473e+02 8.914514936409347001e+01 4.398853889381839366e+01
1.863098195800059216e+02 8.929159272404614001e+01 4.401933599526767438e+01
1.855575643300798561e+02 8.797382431233363320e+01 4.434634723454599481e+01
1.857752514049097954e+02 8.780530908015380476e+01 4.478978112984324156e+01
1.856711401952085225e+02 8.796243714877255115e+01 4.496569062407571948e+01
1.851566104702750692e+02 8.752728482697426671e+01 4.453368086364980627e+01
1.859187740313516599e+02 8.810603371783496129e+01 4.502854185152321520e+01
1.862183525584146651e+02 8.835111653356995021e+01 4.542077048210588686e+01
1.854810706891452128e+02 8.738886424134871334e+01 4.505346051464064061e+01
1.856123558118899837e+02 8.750210736468500272e+01 4.525735729074238378e+01
1.860368973676427231e+02 8.817295178941141387e+01 4.538368825791186367e+01
1.857387607216799665e+02 8.810473972197574710e+01 4.519509760425909661e+01
1.858219091984619808e+02 8.780031795326826227e+01 4.486538745933155781e+01
1.858851671103223850e+02 8.765568618751848362e+01 4.516870008873114273e+01
1.861197870452528775e+02 8.833640195208518264e+01 4.537514788524105569e+01
1.865597826086956559e+02 8.879174060928718859e+01 4.571099526767228838e+01
1.865025510204081627e+02 8.875750517598343947e+01 4.548657941437444663e+01
1.870722419402543721e+02 8.910078379177758734e+01 4.492154687962141679e+01
1.872548062703342282e+02 8.916241496598640026e+01 4.458166962437148584e+01
1.867873040520556174e+02 8.835418515232180425e+01 4.411076604554865099e+01
1.870160085773439675e+02 8.850735729074239089e+01 4.394406240757172100e+01
1.876081410825199782e+02 8.909527506654835349e+01 4.416729517894113854e+01
1.870213694173321528e+02 8.839222863058266455e+01 4.375262496302868698e+01
1.874675761608991422e+02 8.863849452824608477e+01 4.389211771665188166e+01
1.883113354037267015e+02 8.953730405205560317e+01 4.450595238095237960e+01
1.880188553682342558e+02 8.934923099674652747e+01 4.442982845312037909e+01
1.881664078674948257e+02 8.943563294883171011e+01 4.446180863649807691e+01
1.886667406092871886e+02 8.992701863354037073e+01 4.473742975451050086e+01
1.879857660455486439e+02 8.911224489795918657e+01 4.426855959775214444e+01
1.875242531795326784e+02 8.836812333629103478e+01 4.393910825199645132e+01
1.881104702750665467e+02 8.906713989943803256e+01 4.447175391895888907e+01
1.881270334220644713e+02 8.918559597752144441e+01 4.456314699792960710e+01
1.878424282756580794e+02 8.872929606625258714e+01 4.464100857734398176e+01
1.882548802129547596e+02 8.904795178941141387e+01 4.509261313220940792e+01
1.883545548654244328e+02 8.890624075717244068e+01 4.516326530612244738e+01
1.879583333333333428e+02 8.845807453416149713e+01 4.500465838509316541e+01
1.868993640934634755e+02 8.704455042886719696e+01 4.437137681159420310e+01
1.865465468796214168e+02 8.674075717243418637e+01 4.404318249038745847e+01
1.867853076013013833e+02 8.697360248447205322e+01 4.409797397219757187e+01
1.858743345164152743e+02 8.661198609878734089e+01 4.375957556935817649e+01
1.851782386867790535e+02 8.647027506654835349e+01 4.379784087548062388e+01
1.855922064477965137e+02 8.734989648033126741e+01 4.418811002661934140e+01
1.856966134279798837e+02 8.777979887607216369e+01 4.453830227743271308e+01
1.856661860396332315e+02 8.789455782312924725e+01 4.470127181307305619e+01
1.868722641230405088e+02 8.921051464063886272e+01 4.514411416740609440e+01
1.868879029872818762e+02 8.919010647737356123e+01 4.536623779946761204e+01
1.861947648624667124e+02 8.815956817509612620e+01 4.488228334812185949e+01
1.870084664300502766e+02 8.910440698018338423e+01 4.552514049097899829e+01
1.879313812481514390e+02 9.038768115942029624e+01 4.627543626146110967e+01
1.879175539781129771e+02 9.053083407275953221e+01 4.625621118012422528e+01
1.881311002661934424e+02 9.098879769299024645e+01 4.620737207926649148e+01
1.877915187814256228e+02 9.062130286897367171e+01 4.623946317657497929e+01
1.867472271517302431e+02 8.940723898254954349e+01 4.553545548654244612e+01
1.867208296362022963e+02 8.917217539189589104e+01 4.540864389233954768e+01
1.870917258207630880e+02 8.990080597456373823e+01 4.584520112392782920e+01
1.871822315882874932e+02 9.005490239574091049e+01 4.604174060928719570e+01
1.873350340136054513e+02 9.008825051759833968e+01 4.581007837917776016e+01
1.871488834664300498e+02 9.015942028985507761e+01 4.586660751257024771e+01
1.865380065069506088e+02 8.951234841762791916e+01 4.531536527654539981e+01
1.859953046435965689e+02 8.874001774622892924e+01 4.529784087548062388e+01
1.858390638864241282e+02 8.854599230996745973e+01 4.547900029577048286e+01
1.867346569062407582e+02 8.975380804495711118e+01 4.591574238391008578e+01
1.882187592428275593e+02 9.079536379769298549e+01 4.621850044365572074e+01
1.882263753327417817e+02 9.011871487725524332e+01 4.614056492162082179e+01
1.879580005915409515e+02 8.958832446021887108e+01 4.558813960366755680e+01
1.885338657202011348e+02 8.987296657793552868e+01 4.561993493049393322e+01
1.879783717834960157e+02 8.892742531795326499e+01 4.520471014492753881e+01
1.874598491570541228e+02 8.862784679089027406e+01 4.481773144040224821e+01
1.881528024253179581e+02 8.948051611949126993e+01 4.524556344276841457e+01
1.878091171251109017e+02 8.893263827270038746e+01 4.507002366163856522e+01
1.877851227447500833e+02 8.892383910085773380e+01 4.512880804495711118e+01
1.883074903874593247e+02 8.962718130730553412e+01 4.544912747707778777e+01
1.871630065069506088e+02 8.823151434486838696e+01 4.463864241348713335e+01
1.862483362910381572e+02 8.707664152617569187e+01 4.404188849452824428e+01
1.869122301094350860e+02 8.766104702750665467e+01 4.429266489204377422e+01
1.865279872818692581e+02 8.743907128068619272e+01 4.393921916592724131e+01
1.864752661934338960e+02 8.737337326234842294e+01 4.390206299911268673e+01
1.860807823129251801e+02 8.871384205856256244e+01 4.437814256137237834e+01
1.854538228334812118e+02 8.923646850044364953e+01 4.384708666075125905e+01
1.844427684117125068e+02 8.877514049097899829e+01 4.363405797101449224e+01
1.840097234545992251e+02 8.869561520260278087e+01 4.337588731144631993e+01
1.839858030168589096e+02 8.892080745341614545e+01 4.358259390712807146e+01
1.842752514049097954e+02 8.875972345459922508e+01 4.380261017450458638e+01
1.841776101745045935e+02 8.883144779650990586e+01 4.367276693286009959e+01
1.839945282460810461e+02 8.882309228039041216e+01 4.342986542443064479e+01
1.839399955634427783e+02 8.856370156758354995e+01 4.332516267376515628e+01
1.834113797692990318e+02 8.789134131913634462e+01 4.300417775805974685e+01
1.826709923099674597e+02 8.731155723158828152e+01 4.261841910677314615e+01
1.831180124223602377e+02 8.766489204377403155e+01 4.282934043182490313e+01
1.835516858917480079e+02 8.812744010647737980e+01 4.335799319727890833e+01
1.836512496302868840e+02 8.849866903283052011e+01 4.374903874593315578e+01
1.844554125998225516e+02 8.921757616089914222e+01 4.426759834368530022e+01
1.845646258503401498e+02 8.815047323277137536e+01 4.483551464063886272e+01
1.829423986986098782e+02 8.564315291333925018e+01 4.414400325347530440e+01
1.822985063590653567e+02 8.451001922508133646e+01 4.380970866607512448e+01
1.827338065661047040e+02 8.464215468796214736e+01 4.393078970718722331e+01
1.820924652469683451e+02 8.378401360544218335e+01 4.344531943212067659e+01
1.821138716356107636e+02 8.362381691807158290e+01 4.334786305826678188e+01
1.823729665779355287e+02 8.387943655723158543e+01 4.372241940254362902e+01
1.815312407571724407e+02 8.302979887607216369e+01 4.317354333037562952e+01
1.811531351671103209e+02 8.278541851523218043e+01 4.303294143744454203e+01
1.810859952676722742e+02 8.298044217687075275e+01 4.314337474120083016e+01
1.789572981366459601e+02 8.147456373853889033e+01 4.192927388346642914e+01
1.774502366163856948e+02 8.043803608399881000e+01 4.116356107660455166e+01
1.780904318249038738e+02 8.163749630286896775e+01 4.177917036379768945e+01
1.787288524105294414e+02 8.250062851227447425e+01 4.206274031351671283e+01
1.785845903578822913e+02 8.213342945874001089e+01 4.207220496894409933e+01
1.779561150547175430e+02 8.121465542738835097e+01 4.259856551316178752e+01
1.779417332150251525e+02 8.068648328896776434e+01 4.249763383614315160e+01
1.791500665483584669e+02 8.156536527654540691e+01 4.327255249926057701e+01
1.798080819284235474e+02 8.200299467613132265e+01 4.356347973972197707e+01
1.796477003845016327e+02 8.188516711032238504e+01 4.331994971901804092e+01
1.796953564034309352e+02 8.159760425909493620e+01 4.340845903578822629e+01
1.789638790298728281e+02 8.080445874001775053e+01 4.337847530316474121e+01
1.784095312037858605e+02 8.042587252292221933e+01 4.338631322094055065e+01
1.784598491570541228e+02 8.034309375924283358e+01 4.340598195800059500e+01
1.776261830819284171e+02 7.942169476486246538e+01 4.311797545104998619e+01
1.765457704821058940e+02 7.861361283643891795e+01 4.255275805974563497e+01
1.767763975155279468e+02 7.856921029281278379e+01 4.274079414374445207e+01
1.757881543921916716e+02 7.762551759834369136e+01 4.225033274179236997e+01
1.743248669032830662e+02 7.642524401064773087e+01 4.151449275362318758e+01
1.750068027210884338e+02 7.697977669328601280e+01 4.175358621709553120e+01
1.748348491570541228e+02 7.642158385093168249e+01 4.163283791777580944e+01
1.730484324164448253e+02 7.469938627624962635e+01 4.081972789115646094e+01
1.725611505471754015e+02 7.395363797692989749e+01 4.053486394557823047e+01
1.721082519964507469e+02 7.346838952972493075e+01 4.024693138124815306e+01
1.718801020408163254e+02 7.314529724933451860e+01 3.990646258503401356e+01
1.730729443951493636e+02 7.441234102336586886e+01 4.055386719905353488e+01
1.737240461401952132e+02 7.486878881987577472e+01 4.103135167110322357e+01
1.733328157349896514e+02 7.406591984619934976e+01 4.080212954747116072e+01
1.733113723750369672e+02 7.401253327417923344e+01 4.066844128955930415e+01
1.728576604554865526e+02 7.370707630878438010e+01 4.057575421472937194e+01
1.722539189588879083e+02 7.278475303164744048e+01 3.992180567879325537e+01
1.714317509612540675e+02 7.196672582076308800e+01 3.962052647145814888e+01
1.707891526175687602e+02 7.135803016858918113e+01 3.938671990535344491e+01
1.712240461401952132e+02 7.170042147293699486e+01 3.949079414374445207e+01
1.717857882283348090e+02 7.218071576456669902e+01 3.967672286305826646e+01
1.714245785270630051e+02 7.252551020408162685e+01 4.008377698905649567e+01
1.713633910085773380e+02 7.263376220053238796e+01 4.030530908015379765e+01
1.710743862762496406e+02 7.234338952972493075e+01 4.043374741200828026e+01
1.695787119195504147e+02 7.116603815439219716e+01 3.999700532386867735e+01
1.693661268855368291e+02 7.098894557823129503e+01 3.999441733215024897e+01
1.702579858030168509e+02 7.159912008281573037e+01 4.035865868086364827e+01
1.695585255841467074e+02 7.109590357882282774e+01 3.989685004436557136e+01
1.697269299023957387e+02 7.124693138124814595e+01 3.998620970127181096e+01
1.707155057675244052e+02 7.213361431529133938e+01 4.058525584146702414e+01
1.702614611061815992e+02 7.186568322981366919e+01 4.039570393374741286e+01
1.704250961254066965e+02 7.216629695356402863e+01 4.043811002661934140e+01
1.714760795622596845e+02 7.307283348121858069e+01 4.091356107660455166e+01
1.704367420881395958e+02 7.202432712215320976e+01 4.019084590357882547e+01
1.689843241644483953e+02 7.079577048210587975e+01 3.950828157349896230e+01
1.694271665187814335e+02 7.120822241940254571e+01 4.003238686779059208e+01
1.693722641230405088e+02 7.170696539485359722e+01 3.850421472937000544e+01
1.690483584738243223e+02 7.237167258207631448e+01 3.774907571724342148e+01
1.693519668737060044e+02 7.306691807157645258e+01 3.770888790298727855e+01
1.684934191067731319e+02 7.296735433303756224e+01 3.738793995859213481e+01
1.674385536823425014e+02 7.271960958296361355e+01 3.716223010943507887e+01
1.671313960366755396e+02 7.303205412599822921e+01 3.714237651582372024e+01
1.665262866015971497e+02 7.288871635610766475e+01 3.677292221236320557e+01
1.663781425613723854e+02 7.277166518781424998e+01 3.668544809228038872e+01
1.668396554273883510e+02 7.301552795031055609e+01 3.693078970718722331e+01
1.672861949127477033e+02 7.338091540964211390e+01 3.700617420881395958e+01
1.685192250813368844e+02 7.415309819580005524e+01 3.740731292517006779e+01
1.684854702750665467e+02 7.411109878734102097e+01 3.738246820467317377e+01
1.674502735876959605e+02 7.316278467908902883e+01 3.687352114758947152e+01
1.671284013605442169e+02 7.252746968352558099e+01 3.667624223602484790e+01
1.663886424134871334e+02 7.174219905353446336e+01 3.631259242827565714e+01
1.654973750369713059e+02 7.107974711623779740e+01 3.636782756580893050e+01
1.665963842058562534e+02 7.177506654835846689e+01 3.707911860396332315e+01
1.675831854480922800e+02 7.275151582372079417e+01 3.810540520556048705e+01
1.673201345755693694e+02 7.247837178349600151e+01 3.790232179828453241e+01
1.679258725229222193e+02 7.291648181011535712e+01 3.823828009464655509e+01
1.681208222419402603e+02 7.330505028098195908e+01 3.853464211771665049e+01
1.670902099970423080e+02 7.259727151730257333e+01 3.803408754806270053e+01
1.666780908015380192e+02 7.231769446909198962e+01 3.811438923395444789e+01
1.667553608399881568e+02 7.232808340727595464e+01 3.826323572907423909e+01
1.663006137237503594e+02 7.171421177166519101e+01 3.804547471162378258e+01
1.675312407571724407e+02 7.315176722863058956e+01 3.847855664004732290e+01
1.692951049985211398e+02 7.477177610174504707e+01 3.926722863058266455e+01
1.697078157349896514e+02 7.544055013309672120e+01 3.937880804495711118e+01
