2.048409116809116881e+02 6.508925356125355677e+01 4.761285470085469740e+01
2.044565925925925853e+02 6.462477492877492580e+01 4.734596011396011050e+01
2.046250712250712240e+02 6.483922507122507284e+01 4.757896296296296157e+01
2.043809230769230680e+02 6.460494586894587599e+01 4.743311680911681094e+01
2.041298005698005795e+02 6.457857549857550339e+01 4.712421652421652141e+01
2.037257891737891669e+02 6.446728205128205502e+01 4.695031339031339002e+01
2.032247065527065502e+02 6.448414814814815088e+01 4.678671225071224882e+01
2.033021310541310527e+02 6.490614245014245398e+01 4.711439316239316355e+01
2.030516239316239364e+02 6.480877492877492330e+01 4.707810826210825894e+01
2.027544843304843312e+02 6.446306552706552395e+01 4.678650712250712473e+01
2.027595213675213586e+02 6.434728205128205047e+01 4.669588603988604092e+01
2.021888319088319008e+02 6.373602279202279419e+01 4.634021652421652249e+01
2.016820512820512761e+02 6.331038176638176651e+01 4.616665527065526931e+01
2.020625185185185160e+02 6.386787464387464297e+01 4.657873504273504039e+01
2.020469743589743530e+02 6.408861538461538032e+01 4.672120797720797469e+01
2.014993048433048557e+02 6.383870085470085343e+01 4.631320797720798055e+01
2.005175612535612402e+02 6.373447293447293305e+01 4.589242165242165328e+01
1.990918062678062768e+02 6.317476923076922901e+01 4.540191452991452792e+01
1.983986552706552686e+02 6.293903133903133806e+01 4.510062678062678287e+01
1.984415498575498589e+02 6.289919088319088303e+01 4.533944159544159191e+01
1.981211396011395891e+02 6.250992592592592700e+01 4.514627920227920299e+01
1.981298689458689353e+02 6.250156125356125614e+01 4.522370370370370551e+01
1.983386894586894584e+02 6.262580056980056753e+01 4.534803418803419106e+01
1.981504501424501541e+02 6.210137891737891636e+01 4.507612535612535964e+01
1.982247749287749343e+02 6.211156695156694951e+01 4.507762962962962661e+01
1.985759772079772176e+02 6.245600000000000307e+01 4.529684330484330701e+01
1.981523190883190750e+02 6.219607977207977001e+01 4.505135042735042816e+01
1.976392022792022658e+02 6.165547578347578650e+01 4.487391452991452923e+01
1.974063361823361902e+02 6.159441595441595751e+01 4.496382905982905953e+01
1.969486267806267676e+02 6.112380626780626613e+01 4.458762393162393067e+01
1.970668945868945912e+02 6.130256410256410504e+01 4.458156125356125443e+01
1.976333903133903220e+02 6.202908262108262250e+01 4.498062678062677833e+01
1.975303931623931533e+02 6.196882051282051407e+01 4.473497435897436247e+01
1.975633732193732328e+02 6.198356695156694940e+01 4.484066096866096984e+01
1.978087065527065533e+02 6.219402849002848654e+01 4.506835327635327815e+01
1.975665641025641150e+02 6.191708262108262062e+01 4.490443304843304873e+01
1.976270085470085576e+02 6.205406267806267806e+01 4.502456980056980029e+01
1.978942450142450014e+02 6.229294586894587127e+01 4.532850142450142528e+01
1.979642393162393148e+02 6.227471225071224836e+01 4.533950997150996898e+01
1.983135954415954529e+02 6.269011965811965581e+01 4.537629629629629591e+01
1.986573903133903229e+02 6.275838176638176691e+01 4.562247293447293117e+01
1.983995669515669533e+02 6.228715669515669617e+01 4.531765242165241858e+01
1.984843532763532892e+02 6.244464957264957405e+01 4.544417094017094172e+01
1.986478404558404520e+02 6.260996011396011340e+01 4.556859259259259431e+01
1.985875099715099736e+02 6.237021082621082968e+01 4.536592592592592865e+01
1.991374586894586969e+02 6.271587464387464195e+01 4.567199999999999704e+01
1.996757378917378958e+02 6.317114529914530152e+01 4.588980056980057043e+01
1.998349401709401718e+02 6.334488888888888880e+01 4.590543589743590047e+01
2.005229857549857684e+02 6.412387464387464320e+01 4.628287179487179515e+01
2.012488433048432910e+02 6.495480341880342223e+01 4.679457549857549736e+01
2.010618575498575638e+02 6.483313960113960661e+01 4.668624501424501716e+01
2.008341424501424513e+02 6.469426780626780271e+01 4.658288319088319440e+01
2.005702564102564054e+02 6.438837606837606131e+01 4.648779487179486836e+01
2.000500968660968795e+02 6.378796581196581172e+01 4.625274074074074093e+01
1.997501310541310602e+02 6.339503133903134113e+01 4.623031339031339115e+01
1.992338689458689487e+02 6.295083760683760943e+01 4.608423931623931935e+01
1.988787464387464468e+02 6.238470655270655385e+01 4.554523076923076985e+01
1.995501994301994273e+02 6.284852421652421839e+01 4.573435897435897601e+01
1.999386210826210686e+02 6.322466096866097018e+01 4.585205698005697883e+01
1.999746552706552620e+02 6.322716809116808889e+01 4.577531623931623983e+01
2.003842962962962986e+02 6.356246153846154101e+01 4.607295726495726740e+01
2.001311452991452882e+02 6.325388034188033970e+01 4.598812535612535868e+01
1.999718062678062722e+02 6.299450712250712314e+01 4.588594871794871466e+01
2.004874074074074031e+02 6.360806837606837405e+01 4.671993162393162180e+01
2.010004786324786323e+02 6.423341310541310634e+01 4.722051282051282328e+01
2.012009116809116733e+02 6.439389173789173526e+01 4.751354985754985449e+01
2.017775954415954516e+02 6.483799430199429992e+01 4.787596581196581269e+01
2.018854928774928794e+02 6.498468376068376529e+01 4.787471225071224978e+01
2.019112934472934455e+02 6.474814814814814667e+01 4.775382336182336473e+01
2.024276695156695212e+02 6.524257549857550487e+01 4.802983475783475598e+01
2.024062450142450018e+02 6.534575498575497932e+01 4.808503703703703991e+01
2.022712478632478508e+02 6.530415954415954616e+01 4.812996011396011653e+01
2.025144843304843221e+02 6.550974358974359291e+01 4.828020512820512522e+01
2.025982678062678133e+02 6.547548717948717467e+01 4.839247863247863535e+01
2.028650256410256532e+02 6.551432478632479217e+01 4.829615954415954349e+01
2.033094700854700818e+02 6.614076353276352904e+01 4.857312820512820650e+01
2.030785868945868913e+02 6.595259259259259466e+01 4.848405698005697673e+01
2.028296524216524119e+02 6.567678632478632039e+01 4.840239316239316025e+01
2.034257549857549918e+02 6.562162962962962354e+01 4.852123076923076894e+01
2.037716695156695152e+02 6.545055270655271329e+01 4.851949857549857370e+01
2.038620626780626708e+02 6.530703133903134017e+01 4.844761253561253511e+01
2.041158518518518576e+02 6.563065527065526794e+01 4.855938461538461581e+01
2.039668376068376006e+02 6.538903703703704196e+01 4.844882051282051094e+01
2.041943703703703648e+02 6.551008547008547112e+01 4.858550427350427015e+01
2.048125811965811920e+02 6.619127065527065668e+01 4.905283190883191224e+01
2.047506552706552725e+02 6.618766951566951207e+01 4.902210826210826156e+01
2.046840569800569938e+02 6.591213675213674605e+01 4.880223361823361472e+01
2.050218347578347675e+02 6.623854131054130789e+01 4.905050712250712053e+01
2.050065413105413086e+02 6.605944159544159788e+01 4.891439316239316071e+01
2.050751680911680808e+02 6.608679202279202514e+01 4.877864387464387619e+01
2.052105299145299284e+02 6.636918518518518795e+01 4.904562962962963013e+01
2.044359886039885907e+02 6.582415954415954218e+01 4.848193732193732330e+01
2.034211737891737926e+02 6.545148717948717376e+01 4.826447863247863523e+01
2.024957492877492768e+02 6.524323646723647130e+01 4.850343019943019840e+01
2.013488774928775058e+02 6.469704843304843678e+01 4.824597150997151118e+01
2.010954074074074072e+02 6.452727065527065520e+01 4.826121937321937594e+01
2.016939487179487287e+02 6.536061538461538589e+01 4.888467236467236177e+01
2.019760227920228033e+02 6.556619943019943264e+01 4.897754985754986023e+01
2.024167293447293332e+02 6.573082621082620847e+01 4.912941310541310713e+01
2.027755669515669581e+02 6.594942450142450241e+01 4.931938461538461382e+01
2.025652877492877622e+02 6.574529914529914265e+01 4.912474074074074082e+01
2.027669287749287719e+02 6.577356125356125460e+01 4.932339601139601371e+01
2.027935726495726385e+02 6.566409116809116142e+01 4.954878632478632738e+01
2.023826096866096975e+02 6.514931054131054111e+01 4.924996011396011397e+01
2.024189401709401750e+02 6.519352706552706422e+01 4.918698575498575565e+01
2.027103361823361922e+02 6.554782905982905561e+01 4.920681481481481256e+01
2.025434074074074147e+02 6.538409116809117450e+01 4.917399430199430554e+01
2.025052535612535678e+02 6.548964102564102063e+01 4.914769230769231001e+01
2.020169800569800600e+02 6.604353276353276669e+01 4.904407977207976899e+01
2.011528660968660915e+02 6.565422222222221649e+01 4.859858689458689440e+01
2.006747350427350511e+02 6.564665527065527328e+01 4.830110541310541095e+01
2.002271452991452918e+02 6.538046723646723990e+01 4.809062108262108381e+01
1.997959202279202202e+02 6.505864387464387733e+01 4.782730484330484444e+01
2.001448433048433060e+02 6.550420512820512897e+01 4.799614814814815134e+01
2.004579601139601266e+02 6.590463817663817281e+01 4.823389173789173867e+01
2.003109971509971388e+02 6.578030769230768726e+01 4.797923646723646840e+01
2.004317948717948639e+02 6.585980626780626324e+01 4.803407407407407703e+01
2.003486723646723533e+02 6.576927635327635357e+01 4.813504273504273812e+01
2.000087293447293462e+02 6.524446723646723001e+01 4.789884900284900482e+01
2.003604102564102618e+02 6.559685470085470627e+01 4.816806837606837632e+01
2.006399772079772106e+02 6.571343589743590030e+01 4.815906552706552901e+01
2.002598746438746389e+02 6.528150427350426810e+01 4.798181196581196417e+01
2.004607179487179565e+02 6.547589743589743705e+01 4.803571509971509812e+01
2.009094017094017204e+02 6.533399430199429503e+01 4.824898005698005932e+01
2.013014700854700720e+02 6.488369230769231422e+01 4.799478062678062429e+01
2.016253447293447323e+02 6.511783475783475694e+01 4.809442735042735251e+01
2.015507008547008638e+02 6.484932193732193184e+01 4.800139031339030993e+01
2.012866780626780496e+02 6.447867806267805690e+01 4.777226210826211172e+01
2.016522393162393030e+02 6.479152136752136926e+01 4.798461538461538112e+01
2.015687293447293484e+02 6.470908262108261511e+01 4.798349857549857234e+01
2.011977435897435953e+02 6.421939601139601450e+01 4.763505413105413311e+01
2.015184501424501491e+02 6.471042735042735217e+01 4.787450712250712570e+01
2.018108262108262068e+02 6.505362962962962570e+01 4.807904273504273363e+01
2.017203190883190871e+02 6.497233048433048452e+01 4.797383475783475859e+01
2.017749743589743616e+02 6.502655270655270670e+01 4.810370370370370097e+01
2.013326723646723622e+02 6.449429059829060407e+01 4.792045584045583695e+01
2.009444558404558450e+02 6.396134472934473081e+01 4.773470085470085422e+01
2.010796581196581201e+02 6.415070085470085814e+01 4.770217663817663833e+01
2.010184387464387328e+02 6.423721937321937503e+01 4.738935612535612307e+01
2.007374814814814954e+02 6.408925356125355677e+01 4.705811965811965791e+01
2.009252877492877474e+02 6.451161253561254227e+01 4.732145868945868727e+01
2.010825982905982983e+02 6.477816524216524385e+01 4.733426780626780328e+01
2.014805014245014263e+02 6.515769800569800907e+01 4.751206837606837752e+01
2.028443760683760786e+02 6.644553846153846166e+01 4.831505413105413282e+01
2.038576638176638198e+02 6.746491168091168333e+01 4.873695726495726177e+01
2.046375156695156647e+02 6.825290028490027794e+01 4.897529344729344558e+01
2.053177435897435998e+02 6.901410826210826599e+01 4.955958974358974700e+01
2.054258233618233760e+02 6.934222222222221887e+01 4.954194871794872057e+01
2.053506552706552668e+02 6.929743589743590348e+01 4.936770370370370387e+01
2.054593048433048352e+02 6.927336752136751841e+01 4.944100284900284947e+01
2.049775270655270560e+02 6.861221652421652095e+01 4.914646153846153709e+01
2.045146210826210904e+02 6.802614245014244432e+01 4.886085470085470206e+01
2.044689230769230903e+02 6.799446153846153607e+01 4.905677492877492796e+01
2.042340512820512686e+02 6.771245584045584565e+01 4.833458689458689150e+01
2.041235099715099750e+02 6.754828490028489796e+01 4.775421082621082292e+01
2.042310199430199305e+02 6.788284900284899948e+01 4.783423361823361830e+01
2.036949743589743491e+02 6.764941310541310315e+01 4.745497435897436134e+01
2.028283532763532833e+02 6.723867806267806202e+01 4.681372079772079786e+01
2.016660284900284807e+02 6.691204558404558611e+01 4.648517378917379261e+01
2.004340512820512856e+02 6.604781766381766772e+01 4.585565811965811633e+01
1.997764102564102586e+02 6.585344729344728876e+01 4.556015954415954639e+01
2.002061994301994332e+02 6.657992022792022624e+01 4.588774928774928696e+01
2.003167179487179510e+02 6.674482051282051032e+01 4.578573219373219416e+01
2.002375612535612674e+02 6.651409686609686389e+01 4.575439316239316412e+01
2.005054131054131119e+02 6.650297435897435605e+01 4.587441595441595155e+01
2.003126153846153841e+02 6.614030769230768669e+01 4.571525925925926259e+01
2.004436923076923165e+02 6.599997720797721001e+01 4.566826210826210541e+01
2.005238062678062647e+02 6.595307122507122699e+01 4.579354985754985563e+01
1.998497549857549984e+02 6.560309971509971660e+01 4.587694586894586735e+01
1.996546096866096889e+02 6.579612535612535851e+01 4.614607407407407180e+01
1.996592592592592723e+02 6.605328774928774749e+01 4.663464387464387784e+01
1.993102450142450266e+02 6.571092877492877449e+01 4.653365242165241966e+01
1.990112820512820520e+02 6.560804558404558406e+01 4.655564672364672418e+01
1.986771509971509886e+02 6.532599430199429946e+01 4.656170940170940042e+01
1.977672478632478601e+02 6.451984045584045191e+01 4.599881481481481416e+01
1.974802735042734980e+02 6.433337891737892278e+01 4.582552706552706212e+01
1.975036125356125467e+02 6.451516809116809270e+01 4.599555555555555486e+01
1.971314188034187964e+02 6.423920227920227433e+01 4.573367521367521249e+01
1.970851282051281999e+02 6.421554415954416584e+01 4.575279772079772300e+01
1.970532193732193775e+02 6.425561253561254205e+01 4.580948148148148391e+01
1.969963532763532896e+02 6.411762962962963286e+01 4.576070655270655152e+01
1.971590427350427319e+02 6.426525356125355870e+01 4.587188603988604285e+01
1.972747122507122413e+02 6.433543019943020624e+01 4.598680341880341871e+01
1.975143703703703579e+02 6.386208547008546788e+01 4.568708831908831769e+01
1.985006495726495643e+02 6.431327635327635051e+01 4.590826210826210740e+01
1.991583133903133955e+02 6.468394301994301543e+01 4.615607977207977086e+01
1.993279088319088430e+02 6.461415384615384028e+01 4.615259259259259039e+01
1.999842279202279087e+02 6.531888319088318440e+01 4.629089458689458780e+01
2.005325128205128067e+02 6.569114529914530465e+01 4.673590883190883005e+01
2.005833846153846025e+02 6.563352706552706195e+01 4.670019373219373193e+01
2.008466780626780519e+02 6.584287179487179742e+01 4.680282621082621120e+01
2.009250370370370433e+02 6.591423361823362370e+01 4.692091168091167930e+01
2.005685925925925801e+02 6.531188603988603347e+01 4.658819373219373006e+01
2.007213675213675117e+02 6.545264957264957673e+01 4.660289458689458542e+01
2.006682165242165183e+02 6.537887179487179878e+01 4.667904273504273505e+01
2.002817549857549864e+02 6.498137891737891891e+01 4.630393162393162498e+01
2.006315897435897568e+02 6.526030769230769124e+01 4.670509401709401942e+01
2.007919316239316174e+02 6.551241025641026283e+01 4.679774358974358961e+01
2.005974700854700927e+02 6.547263817663817065e+01 4.704834188034188003e+01
2.008049230769230746e+02 6.605957834757835201e+01 4.768389743589743546e+01
2.008714074074074176e+02 6.649205698005698650e+01 4.789600000000000080e+01
2.007369344729344789e+02 6.635220512820512795e+01 4.780973219373219507e+01
2.009776182336182444e+02 6.670550427350427469e+01 4.817504273504273726e+01
2.011127749287749396e+02 6.675557834757834996e+01 4.830101424501424390e+01
2.013460512820512918e+02 6.686379487179486603e+01 4.831512250712250989e+01
2.021648547008547041e+02 6.776451282051282021e+01 4.878500284900285067e+01
2.023966495726495793e+02 6.798409116809116881e+01 4.890858119658119563e+01
2.023723076923076860e+02 6.792446723646723683e+01 4.893328774928775005e+01
2.027986780626780501e+02 6.836148148148147641e+01 4.921549857549857876e+01
2.029088774928774797e+02 6.825577207977208616e+01 4.912419373219373142e+01
2.027066438746438735e+02 6.803238746438746887e+01 4.913786894586894505e+01
2.027856866096866213e+02 6.802974358974358893e+01 4.918092307692307941e+01
2.024845584045584133e+02 6.763188603988604086e+01 4.891621652421652300e+01
2.019778005698005643e+02 6.729604558404558645e+01 4.817702564102564367e+01
2.017899943019943123e+02 6.703968091168091803e+01 4.793686609686609756e+01
2.015508148148148280e+02 6.692704273504273260e+01 4.773422222222222189e+01
2.018159088319088426e+02 6.732414814814815429e+01 4.780843304843304509e+01
2.022505071225071163e+02 6.784380626780627210e+01 4.793843874643874869e+01
2.016255270655270522e+02 6.708289458689458229e+01 4.751589743589743620e+01
2.008343475783475753e+02 6.631979487179486910e+01 4.716348717948717706e+01
2.007925470085470181e+02 6.639981766381765738e+01 4.716319088319088593e+01
2.004140626780626917e+02 6.601878062678062520e+01 4.693736752136751988e+01
1.999201823361823358e+02 6.550192592592593144e+01 4.662406837606837939e+01
1.999596125356125356e+02 6.559295726495726342e+01 4.681176068376068145e+01
2.000220170940170874e+02 6.574639316239316145e+01 4.688196011396011187e+01
2.001474415954415917e+02 6.606901424501424458e+01 4.683149857549857842e+01
1.995106096866096834e+02 6.600191452991452934e+01 4.671480341880342024e+01
1.975585641025641053e+02 6.480328205128205354e+01 4.588699715099715348e+01
1.962218119658119519e+02 6.371097435897436156e+01 4.567799430199430333e+01
1.952336638176638246e+02 6.323418803418803691e+01 4.561688888888888727e+01
1.937530940170940141e+02 6.199083760683760858e+01 4.497786894586894846e+01
1.928384501424501423e+02 6.117768660968661010e+01 4.460464957264957064e+01
1.925396239316239360e+02 6.085661538461538811e+01 4.469005128205127875e+01
1.920860170940170804e+02 6.035958974358974416e+01 4.444196011396011414e+01
1.922753732193732219e+02 6.038370370370370210e+01 4.432964102564102404e+01
1.927706438746438664e+02 6.067649002849002926e+01 4.466974358974358950e+01
1.925526381766381689e+02 6.039209116809117006e+01 4.427560113960114307e+01
1.927887179487179594e+02 6.068041025641025499e+01 4.432480911680911362e+01
1.928338917378917472e+02 6.091644444444444417e+01 4.458903703703703769e+01
1.925238974358974247e+02 6.070472934472934412e+01 4.439521367521367523e+01
1.930865641025640969e+02 6.140490028490028607e+01 4.468442165242165487e+01
1.939558518518518611e+02 6.227051851851852149e+01 4.529403988603988296e+01
1.948642962962962883e+02 6.305005128205128528e+01 4.579095156695156987e+01
1.956383133903133853e+02 6.412574358974359257e+01 4.612658689458689310e+01
1.959467806267806225e+02 6.440670085470085837e+01 4.641768660968661209e+01
1.957410598290598216e+02 6.409538461538461718e+01 4.601743589743589524e+01
1.961567863247863386e+02 6.461299145299145152e+01 4.599922507122506943e+01
1.967537777777777706e+02 6.523430199430200105e+01 4.651017663817663816e+01
1.969385299145299086e+02 6.536936752136752204e+01 4.660113960113960019e+01
1.974269401709401848e+02 6.572186894586894823e+01 4.689299145299145266e+01
1.978028490028490012e+02 6.593770940170939809e+01 4.713235327635327820e+01
1.980762621082621138e+02 6.614958404558404936e+01 4.712387464387464320e+01
1.986028717948717883e+02 6.664273504273504045e+01 4.734144729344729541e+01
1.983040227920227778e+02 6.620184615384614801e+01 4.719165811965812196e+01
1.971540512820512845e+02 6.473390313390314077e+01 4.650976638176638289e+01
1.970074301994301891e+02 6.443254700854700445e+01 4.654399999999999693e+01
1.972743247863247973e+02 6.480980056980057213e+01 4.672863817663817798e+01
1.976079088319088441e+02 6.521907692307692628e+01 4.686899145299145175e+01
1.980724558404558309e+02 6.577018803418803827e+01 4.632189173789173964e+01
1.978359886039885964e+02 6.520788603988603427e+01 4.603671794871794987e+01
1.972895726495726478e+02 6.443735612535613200e+01 4.557554415954415816e+01
1.975951680911680910e+02 6.474076353276353757e+01 4.567872364672364682e+01
1.979570598290598298e+02 6.509914529914530590e+01 4.583033618233618256e+01
1.978233846153846116e+02 6.487528205128205627e+01 4.554365811965811872e+01
1.978211054131054141e+02 6.474684900284900380e+01 4.559988603988603728e+01
1.978795213675213631e+02 6.481647863247863484e+01 4.575076923076922952e+01
1.981841139601139616e+02 6.513305982905983171e+01 4.587945299145299316e+01
1.988516695156695278e+02 6.583471225071225774e+01 4.620173219373219098e+01
1.987306894586894543e+02 6.569716239316238671e+01 4.611364102564102296e+01
1.986243190883190834e+02 6.544335042735042407e+01 4.597768660968660726e+01
1.993434529914529776e+02 6.609116809116808611e+01 4.634238176638176299e+01
1.995897891737891712e+02 6.621394871794872472e+01 4.643496296296296322e+01
1.994668717948717926e+02 6.611051851851851779e+01 4.627133903133903203e+01
1.995385754985755113e+02 6.656613105413104847e+01 4.703042735042735245e+01
1.993646951566951486e+02 6.685998860398859733e+01 4.751345868945868745e+01
1.992474529914530024e+02 6.695566951566951275e+01 4.764211965811966110e+01
1.993600683760683694e+02 6.735341310541311088e+01 4.815434757834757562e+01
1.990784045584045714e+02 6.717827920227919947e+01 4.796886609686609404e+01
1.988254358974359093e+02 6.680264387464387710e+01 4.796458119658120012e+01
1.988845811965811947e+02 6.700793162393162561e+01 4.807359544159544384e+01
1.988593732193732251e+02 6.691799430199429821e+01 4.813884900284899970e+01
1.990563646723646798e+02 6.709360683760684196e+01 4.811149857549857245e+01
1.997072136752136657e+02 6.777479202279202752e+01 4.856335042735042862e+01
1.998103703703703786e+02 6.781677492877493307e+01 4.847756125356125523e+01
1.997388262108262040e+02 6.756268945868946219e+01 4.831619373219373159e+01
1.999918632478632503e+02 6.787056410256410288e+01 4.855140740740741023e+01
1.996909629629629706e+02 6.740437606837606666e+01 4.837727635327635056e+01
1.995998404558404502e+02 6.723888319088318610e+01 4.827710541310541004e+01
2.001913618233618308e+02 6.782484330484329860e+01 4.834436467236466939e+01
2.004720911680911684e+02 6.798541310541310168e+01 4.840380626780626727e+01
2.007605698005698116e+02 6.841622792022792510e+01 4.851407407407407391e+01
2.014682165242165297e+02 6.937850712250711638e+01 4.901540740740740887e+01
2.015857549857549884e+02 6.963172649572649675e+01 4.895302564102563991e+01
2.017532763532763624e+02 6.978960683760683992e+01 4.901492877492877653e+01
2.017654245014244907e+02 6.995701424501424981e+01 4.906965242165242103e+01
2.011477150997151000e+02 6.945406267806268374e+01 4.872681481481481569e+01
2.007562849002848964e+02 6.962233618233618415e+01 4.852287179487179714e+01
2.008899373219373103e+02 7.064202849002849405e+01 4.888510541310541413e+01
2.009582905982906027e+02 7.123865527065527203e+01 4.889169230769230978e+01
2.009793276353276212e+02 7.180633618233618165e+01 4.899731054131054009e+01
2.010770370370370301e+02 7.215357264957265215e+01 4.929855270655270516e+01
2.003425868945869013e+02 7.111607977207977171e+01 4.879263817663817804e+01
1.997329002849002961e+02 7.022883190883190707e+01 4.851047293447293640e+01
2.001041139601139491e+02 6.976977777777777590e+01 4.881185185185184849e+01
2.007088091168091069e+02 6.935954415954415708e+01 4.917445014245014079e+01
2.016496638176638214e+02 6.997887179487179310e+01 4.991778917378917413e+01
2.025187920227920131e+02 7.085729914529915163e+01 5.062548148148147931e+01
2.027488319088319031e+02 7.111772079772079280e+01 5.070010256410256488e+01
2.033154871794871781e+02 7.173709401709402300e+01 5.101504273504273357e+01
2.035811282051282092e+02 7.220925356125356132e+01 5.127370940170940372e+01
2.030741652421652361e+02 7.163402849002848427e+01 5.101602279202279533e+01
2.030511908831908841e+02 7.161046153846153572e+01 5.114281481481481251e+01
2.036111225071225022e+02 7.229754985754985341e+01 5.151156695156694809e+01
2.036888433048433171e+02 7.266819373219372835e+01 5.150616524216524539e+01
2.040692421652421729e+02 7.315605698005697377e+01 5.174080911680911754e+01
2.042206495726495632e+02 7.351671794871795385e+01 5.195101994301994353e+01
2.041465071225071313e+02 7.330869515669515124e+01 5.171466666666666612e+01
2.043734700854700748e+02 7.330543589743589905e+01 5.165397150997151243e+01
2.042012991452991457e+02 7.312396581196581735e+01 5.102621082621082849e+01
2.039878746438746475e+02 7.283111111111111313e+01 5.016923076923077218e+01
2.046107578347578340e+02 7.374067236467236341e+01 5.027402849002849194e+01
2.054585071225071147e+02 7.468455840455840189e+01 5.078023931623931730e+01
2.058128091168091203e+02 7.497356125356125744e+01 5.069221652421652635e+01
2.063301880341880405e+02 7.521754985754985512e+01 5.096129914529914373e+01
2.064689002849002861e+02 7.518561823361822860e+01 5.093925925925925924e+01
2.064545185185185119e+02 7.500000000000000000e+01 5.078871794871794521e+01
2.067982222222222219e+02 7.537018803418803259e+01 5.107854131054131130e+01
2.066649344729344762e+02 7.511275213675213536e+01 5.093176068376068599e+01
2.063320113960114099e+02 7.452765811965811338e+01 5.072020512820513005e+01
2.066190997150997077e+02 7.503145299145299418e+01 5.101157834757835019e+01
2.070864273504273569e+02 7.575835897435896982e+01 5.136063817663817588e+01
2.071740626780626826e+02 7.596674643874644062e+01 5.141894017094016789e+01
2.071350655270655352e+02 7.603421082621082405e+01 5.141718518518518266e+01
2.063010826210826281e+02 7.520856980056980490e+01 5.130716809116809429e+01
2.055920683760683687e+02 7.462329344729344882e+01 5.094017094017093683e+01
2.057254017094017229e+02 7.496834188034188173e+01 5.128234757834757573e+01
2.057780284900285039e+02 7.544191452991452707e+01 5.159295726495726342e+01
2.059701652421652511e+02 7.573643304843304236e+01 5.158466096866096962e+01
2.063950541310541382e+02 7.621900854700854211e+01 5.190078632478632414e+01
2.061917492877492748e+02 7.606637037037036464e+01 5.181513390313390488e+01
2.061573561253561309e+02 7.631195441595441764e+01 5.175512250712250761e+01
2.069569458689458656e+02 7.757422222222221819e+01 5.258456980056980257e+01
2.073568774928774872e+02 7.812754415954415776e+01 5.287972649572649431e+01
2.077397606837606929e+02 7.825169230769230921e+01 5.281944159544159589e+01
2.083339487179487151e+02 7.889105413105413334e+01 5.333260398860398510e+01
2.085816068376068415e+02 7.922561823361823485e+01 5.330548148148147902e+01
2.087885128205128069e+02 7.962607407407406868e+01 5.356512820512820383e+01
2.090863817663817770e+02 8.031886039886039441e+01 5.409782336182335882e+01
2.085554871794871872e+02 8.004551566951566599e+01 5.325786894586894249e+01
2.076923760683760634e+02 7.920588034188034499e+01 5.246709971509971382e+01
2.069971737891737860e+02 7.826133333333334008e+01 5.194762393162393010e+01
2.063320341880341857e+02 7.735154415954416152e+01 5.109116809116809321e+01
2.061532991452991439e+02 7.706760113960113756e+01 5.080011396011396130e+01
2.064805014245014263e+02 7.731514529914529987e+01 5.098839886039885982e+01
2.061952592592592453e+02 7.707756125356125665e+01 5.090110541310541237e+01
2.062661196581196634e+02 7.710472934472934980e+01 5.094509401709401430e+01
2.064788376068376010e+02 7.741862108262108677e+01 5.104562962962963013e+01
2.061414472934472997e+02 7.717884900284900596e+01 5.082869515669515437e+01
2.061789857549857459e+02 7.752414814814814292e+01 5.090142450142450059e+01
2.065835441595441466e+02 7.815906552706552191e+01 5.122698575498575480e+01
2.062038062678062715e+02 7.743045014245014102e+01 5.106363532763532476e+01
2.056453561253561304e+02 7.664417094017093746e+01 5.080667806267805986e+01
2.054425071225071235e+02 7.638896866096865779e+01 5.065955555555555634e+01
2.056703361823361718e+02 7.593700284900285169e+01 5.161135042735043044e+01
2.056989857549857561e+02 7.619229629629629130e+01 5.248583475783475905e+01
2.052641823361823299e+02 7.627414245014244898e+01 5.284280341880342036e+01
2.037249230769230905e+02 7.525529344729345382e+01 5.221732193732193394e+01
2.028122393162393280e+02 7.458908262108262477e+01 5.193688888888888755e+01
2.024554985754985807e+02 7.449631908831908333e+01 5.193757264957265107e+01
2.020735042735042839e+02 7.406461538461537941e+01 5.175111111111110773e+01
2.023245356125356125e+02 7.431578347578347632e+01 5.199254700854700673e+01
2.028395897435897552e+02 7.477524786324786987e+01 5.243143019943020278e+01
2.031112250712250784e+02 7.496180056980057316e+01 5.251840455840455490e+01
2.038188262108262165e+02 7.575592022792022817e+01 5.280109401709401595e+01
2.047837720797720920e+02 7.668986894586895176e+01 5.331854131054131329e+01
2.048701766381766447e+02 7.646967521367521670e+01 5.320524216524216854e+01
2.046216752136752177e+02 7.602527635327635380e+01 5.292246153846154044e+01
2.043277037037036905e+02 7.563300284900284964e+01 5.305055270655270760e+01
2.034217207977208091e+02 7.535111111111110915e+01 5.282655270655270385e+01
2.031180170940170910e+02 7.589666096866096723e+01 5.285235327635327707e+01
2.027775498575498716e+02 7.591293447293446661e+01 5.303252421652421589e+01
2.020786780626780512e+02 7.501027920227920731e+01 5.244635897435897220e+01
2.021883988603988485e+02 7.523541880341880983e+01 5.253349287749287555e+01
2.022782222222222117e+02 7.526108262108262181e+01 5.269606837606837502e+01
2.018316353276353254e+02 7.487528205128205627e+01 5.225723076923076604e+01
2.017536182336182264e+02 7.477891737891738444e+01 5.233194301994301867e+01
2.014939943019942916e+02 7.434570940170939934e+01 5.213472364672364989e+01
2.009760683760683833e+02 7.381736752136751534e+01 5.173524786324786362e+01
2.013257891737891612e+02 7.434949287749287805e+01 5.211457549857549765e+01
2.019431794871794921e+02 7.506110541310540896e+01 5.263127065527065440e+01
2.023779145299145341e+02 7.541570370370369858e+01 5.257328774928775061e+01
2.030112364672364720e+02 7.585422222222221933e+01 5.302144729344729512e+01
2.030411851851851850e+02 7.576884330484330121e+01 5.289271794871795151e+01
2.030975726495726406e+02 7.504259829059829201e+01 5.278288319088319014e+01
2.035372991452991585e+02 7.503696866096865392e+01 5.321593162393162402e+01
2.038739373219373192e+02 7.494256410256410561e+01 5.331507692307692281e+01
2.037912022792022810e+02 7.445419943019942366e+01 5.330174358974358739e+01
2.040945413105413024e+02 7.487550997150997034e+01 5.367728774928774982e+01
2.043392592592592507e+02 7.520984615384615779e+01 5.400991452991453201e+01
2.044591452991452911e+02 7.521581766381765988e+01 5.388143589743589956e+01
2.046543133903133764e+02 7.533390313390313509e+01 5.406737321937321639e+01
2.041306666666666558e+02 7.456284900284900630e+01 5.364387464387464632e+01
2.035807635327635410e+02 7.384752136752136664e+01 5.315003988603988461e+01
2.036379487179487171e+02 7.406607407407408061e+01 5.346313390313390101e+01
2.035767293447293582e+02 7.423092877492877051e+01 5.359731054131054151e+01
2.033928205128205207e+02 7.404597150997150834e+01 5.352929914529914868e+01
2.037061880341880453e+02 7.440262108262108143e+01 5.371541880341880670e+01
2.037302336182336262e+02 7.435842735042734830e+01 5.362010256410256659e+01
2.033169914529914593e+02 7.437401709401709127e+01 5.310345299145298981e+01
2.032419145299145384e+02 7.476888888888889539e+01 5.294750997150997307e+01
2.029427236467236355e+02 7.459897435897435969e+01 5.260041025641025669e+01
2.028107806267806268e+02 7.471325356125356620e+01 5.263213675213675202e+01
2.032054928774928726e+02 7.545148717948717376e+01 5.297358404558404743e+01
2.031566039886039903e+02 7.554812535612535385e+01 5.300088888888888761e+01
2.032773105413105554e+02 7.562062678062677890e+01 5.288054700854701196e+01
2.035542564102564143e+02 7.589096296296295918e+01 5.304469515669515545e+01
2.033418575498575365e+02 7.521700284900285283e+01 5.272405698005697872e+01
2.033674757834757827e+02 7.522798860398860654e+01 5.261641025641025493e+01
2.042389059829059761e+02 7.622019373219373506e+01 5.335639886039886193e+01
2.046785868945868856e+02 7.676695156695156186e+01 5.353410826210826201e+01
2.050123760683760565e+02 7.710869515669516261e+01 5.357440455840455940e+01
2.048252307692307568e+02 7.678400000000000603e+01 5.349852991452991802e+01
2.038838974358974383e+02 7.553230769230769681e+01 5.295792592592592740e+01
2.032689686609686532e+02 7.500996011396011909e+01 5.176847863247863302e+01
2.033010598290598239e+02 7.547986324786324985e+01 5.145025641025640795e+01
2.030689686609686646e+02 7.538422792022791441e+01 5.098564102564102285e+01
2.031365470085470122e+02 7.562388603988604530e+01 5.069814245014244847e+01
2.035206381766381867e+02 7.600177777777777521e+01 5.098755555555555219e+01
2.032499145299145198e+02 7.557704843304843223e+01 5.070568660968660879e+01
2.031779601139601255e+02 7.518203988603988819e+01 5.035819943019942713e+01
2.032273048433048359e+02 7.528268945868946105e+01 5.040717948717949071e+01
2.031722849002848932e+02 7.536542450142449923e+01 5.047099715099714956e+01
2.035940284900284780e+02 7.610315669515669867e+01 5.077495156695156453e+01
2.040482735042735101e+02 7.666739601139600779e+01 5.127596581196581127e+01
2.038447635327635226e+02 7.636043304843305179e+01 5.096731623931624000e+01
2.039348831908831983e+02 7.625638746438745841e+01 5.087929344729344905e+01
2.043037948717948780e+02 7.655250142450142903e+01 5.110092307692307401e+01
2.041069401709401632e+02 7.658593732193732251e+01 5.096820512820512761e+01
2.039089458689458638e+02 7.609821082621083121e+01 5.102960683760683480e+01
2.031931623931623960e+02 7.522716809116809600e+01 5.074666666666666970e+01
2.017152136752136755e+02 7.372859259259259090e+01 5.034005698005697838e+01
2.007075783475783339e+02 7.299195441595441025e+01 4.985123646723646829e+01
2.002936068376068306e+02 7.288733903133902459e+01 4.983407407407407419e+01
1.997909743589743528e+02 7.236298575498575758e+01 4.953445014245014022e+01
1.995140512820512697e+02 7.195427920227919572e+01 4.953365242165241966e+01
1.993803304843304716e+02 7.161205698005697684e+01 4.943218233618233626e+01
1.990714529914529862e+02 7.088312250712250773e+01 4.911560113960113938e+01
1.993519544159544239e+02 7.095106552706552350e+01 4.920957264957264954e+01
1.991042051282051375e+02 7.061308262108262568e+01 4.917276353276353262e+01
1.982993960113959986e+02 6.960932193732193696e+01 4.855206837606837666e+01
1.980379259259259186e+02 6.953878062678062122e+01 4.851241025641025573e+01
1.982303589743589782e+02 6.988284900284899948e+01 4.872082051282050941e+01
1.980882279202279221e+02 6.973581766381767011e+01 4.841784615384615620e+01
1.975417207977207852e+02 7.043245584045584451e+01 4.818092307692307941e+01
1.966988945868945962e+02 7.067070085470085417e+01 4.793239886039886244e+01
1.961001937321937305e+02 7.038625641025640789e+01 4.744542450142450463e+01
1.961887635327635451e+02 7.078826210826210286e+01 4.746153846153845990e+01
1.961709173789173803e+02 7.118124216524216763e+01 4.753194301994302151e+01
1.960050598290598316e+02 7.104362393162392664e+01 4.753982905982906004e+01
1.960896638176638191e+02 7.140455840455840075e+01 4.762340740740740586e+01
1.956293561253561393e+02 7.111300284900285362e+01 4.743238746438746745e+01
1.951366609686609763e+02 7.075468945868945525e+01 4.721796011396011750e+01
1.957101538461538439e+02 7.146377207977208457e+01 4.770445584045584297e+01
1.962441709401709318e+02 7.201397150997151186e+01 4.803621652421652755e+01
1.965803076923076844e+02 7.197750427350428026e+01 4.800394301994302282e+01
1.971400569800569826e+02 7.240904843304844007e+01 4.820298575498575389e+01
1.974783133903133887e+02 7.242709971509971467e+01 4.838974358974358836e+01
1.976213789173789053e+02 7.252193732193731535e+01 4.840733903133903482e+01
1.983006267806267715e+02 7.269075783475783226e+01 4.906352136752136772e+01
1.982491623931623792e+02 7.231756125356125153e+01 4.926698575498575394e+01
1.977697321937321817e+02 7.170399999999999352e+01 4.902299715099714916e+01
1.978957492877492825e+02 7.162609686609687287e+01 4.901862108262108109e+01
1.976168888888888944e+02 7.127482621082620540e+01 4.904362393162393374e+01
1.975322621082621026e+02 7.109944159544158993e+01 4.877807407407407680e+01
1.979610940170940125e+02 7.163778917378917299e+01 4.914796581196581116e+01
1.979540968660968758e+02 7.163405128205128847e+01 4.931498575498575576e+01
1.979022222222222354e+02 7.156141310541310929e+01 4.912430769230769556e+01
1.983896752136752184e+02 7.205823361823361495e+01 4.952560683760683702e+01
1.985623475783475840e+02 7.192578917378916969e+01 4.942438746438746477e+01
1.983485811965811934e+02 7.155886039886040351e+01 4.920469515669515914e+01
1.985803304843304886e+02 7.174773789173789851e+01 4.914782905982905703e+01
1.983679999999999950e+02 7.166983475783476365e+01 4.909581766381766244e+01
1.987112250712250727e+02 7.211473504273504886e+01 4.935384615384615614e+01
1.992223589743589685e+02 7.283776638176638585e+01 4.961834757834758136e+01
1.990384501424501309e+02 7.238356695156694798e+01 4.922737321937322008e+01
1.988616980056980026e+02 7.187972649572650141e+01 4.883357264957265187e+01
1.994256182336182235e+02 7.245805128205128653e+01 4.915680911680911436e+01
1.994949287749287805e+02 7.250554985754985182e+01 4.927956695156694877e+01
1.993703931623931567e+02 7.252686039886039282e+01 4.909262678062678020e+01
1.993011054131054038e+02 7.264205128205128403e+01 4.930208547008547271e+01
1.987392364672364806e+02 7.217625071225070599e+01 4.891186324786324491e+01
1.985283190883190798e+02 7.180622222222221751e+01 4.870525356125356353e+01
1.984737549857549936e+02 7.180303133903133528e+01 4.879122507122507102e+01
1.979116581196581137e+02 7.108166381766382358e+01 4.842495726495726416e+01
1.977385754985755000e+02 7.084574358974359143e+01 4.831817663817663799e+01
1.982524900284900298e+02 7.123952136752136255e+01 4.852547008547008289e+01
1.981980398860398793e+02 7.094974358974359063e+01 4.819897435897436111e+01
1.980654131054131142e+02 7.062368091168090700e+01 4.818033048433048293e+01
1.985426324786324699e+02 7.029372079772079474e+01 4.889811965811966132e+01
1.984141310541310474e+02 6.946627920227919617e+01 4.946331623931624222e+01
1.984998290598290680e+02 6.921347008547009239e+01 4.956863817663817429e+01
1.990167749287749359e+02 6.964047863247863290e+01 5.006573219373219530e+01
1.988074985754985846e+02 6.912243874643874619e+01 4.986671225071225422e+01
1.991008547008547112e+02 6.919259259259258954e+01 5.005770940170940264e+01
1.997569002849002970e+02 6.976300854700855325e+01 5.056663247863247790e+01
1.997711225071224987e+02 6.984679202279201604e+01 5.050760113960114239e+01
1.999874643874643994e+02 7.017160113960113677e+01 5.059033618233618057e+01
1.992736638176638166e+02 6.987535042735042623e+01 5.047715099715099996e+01
1.975032934472934585e+02 6.874094586894587167e+01 4.933880341880341547e+01
1.959458005698005820e+02 6.818940170940170731e+01 4.872809116809116858e+01
1.951728091168091055e+02 6.782691737891737205e+01 4.856722507122507437e+01
1.946179829059828990e+02 6.752562962962963411e+01 4.808893447293447565e+01
1.948252307692307568e+02 6.783359544159543475e+01 4.827783475783476064e+01
1.948533105413105488e+02 6.855578347578347120e+01 4.855026780626780436e+01
1.945381880341880390e+02 6.861743589743589666e+01 4.822869515669516005e+01
1.949061196581196498e+02 6.928508262108262272e+01 4.857909971509971570e+01
1.953630997150997075e+02 6.997018803418804112e+01 4.895908831908831615e+01
1.951540512820512845e+02 6.972252991452991466e+01 4.888964102564102632e+01
1.949208888888888964e+02 6.956309971509971035e+01 4.867607977207977399e+01
1.942883190883190991e+02 6.904875213675214241e+01 4.855507692307692480e+01
1.933018575498575444e+02 6.838641595441595200e+01 4.801198860398860546e+01
1.928591225071225210e+02 6.823505413105412742e+01 4.779437037037037328e+01
1.923021310541310527e+02 6.764428490028490160e+01 4.772973219373219678e+01
1.919004444444444459e+02 6.732777207977207468e+01 4.745914529914529822e+01
1.924988717948718033e+02 6.800091168091168470e+01 4.785520227920228109e+01
1.930569572649572763e+02 6.857032478632478956e+01 4.806965242165242103e+01
1.927270427350427440e+02 6.809631908831909186e+01 4.785941880341880506e+01
1.922536752136752227e+02 6.776419373219373199e+01 4.756793162393162078e+01
1.921343817663817788e+02 6.708635897435897277e+01 4.684872934472934247e+01
1.924198062678062797e+02 6.661950997150997011e+01 4.636316809116809168e+01
1.935210028490028549e+02 6.727149857549856904e+01 4.639491737891737699e+01
1.942064729344729415e+02 6.779049572649572042e+01 4.659345868945869285e+01
1.945394871794871676e+02 6.762586894586894459e+01 4.646794301994302145e+01
1.951496980056980135e+02 6.776711111111110597e+01 4.657317378917378647e+01
1.951576524216524149e+02 6.735626210826211491e+01 4.642452421652421890e+01
1.950299943019942930e+02 6.699831339031338473e+01 4.618776068376068622e+01
1.955990655270655338e+02 6.737693447293447946e+01 4.658846723646723831e+01
1.955920911680911729e+02 6.748902564102563417e+01 4.668116239316239557e+01
1.953072820512820442e+02 6.720565242165241671e+01 4.640836467236466945e+01
1.953143247863247893e+02 6.730379487179487796e+01 4.642917378917378812e+01
1.951747236467236348e+02 6.726901424501424742e+01 4.644346438746438821e+01
1.951714415954415927e+02 6.710655270655270499e+01 4.633609116809116557e+01
1.957318974358974231e+02 6.764925356125355904e+01 4.665340170940170594e+01
1.955055498575498518e+02 6.747881481481481103e+01 4.687767521367521084e+01
1.950715441595441462e+02 6.720569800569801089e+01 4.705018803418803230e+01
1.952488433048432910e+02 6.762251851851851825e+01 4.742286039886040072e+01
1.951406495726495791e+02 6.762855840455840450e+01 4.743813105413105546e+01
1.951244900284900154e+02 6.770103703703703957e+01 4.729950997150996983e+01
1.954492535612535562e+02 6.802944729344729069e+01 4.762071794871794594e+01
1.953053219373219349e+02 6.782837606837607325e+01 4.764722507122507267e+01
1.954353504273504143e+02 6.774518518518517851e+01 4.768339601139601314e+01
1.959081481481481433e+02 6.816720227920228581e+01 4.797433618233618091e+01
1.958739373219373192e+02 6.786411396011395425e+01 4.776645014245013954e+01
1.955529572649572572e+02 6.770092307692307543e+01 4.756950427350427191e+01
1.956883190883190764e+02 6.778190313390312838e+01 4.757433618233618233e+01
1.953685925925925915e+02 6.728239316239316281e+01 4.732934472934472581e+01
1.955319886039885944e+02 6.735120227920228331e+01 4.757672934472934401e+01
1.961517037037037028e+02 6.787145299145299759e+01 4.797189743589743927e+01
1.960824843304843341e+02 6.780403418803419413e+01 4.823922507122507142e+01
1.960342792022792082e+02 6.774336182336182333e+01 4.838258689458689332e+01
1.961150313390313329e+02 6.790249572649572940e+01 4.832319088319088252e+01
1.957520911680911695e+02 6.739705982905982751e+01 4.806874074074074343e+01
1.957492649572649555e+02 6.733474643874643562e+01 4.796959544159544464e+01
1.964377663817663802e+02 6.778420512820513011e+01 4.861704843304843138e+01
1.966335726495726419e+02 6.775398290598290885e+01 4.856578917378917026e+01
1.968802279202279237e+02 6.800980056980057498e+01 4.866121937321937452e+01
1.975332193732193673e+02 6.872104843304843769e+01 4.923220512820513051e+01
1.978126951566951561e+02 6.902322507122507034e+01 4.936232478632478404e+01
1.981115213675213624e+02 6.943229629629630040e+01 4.954944729344729382e+01
1.980797948717948600e+02 6.955243304843304486e+01 4.964054700854700997e+01
1.974918974358974424e+02 6.877276353276353404e+01 4.922860398860398590e+01
1.973412193732193600e+02 6.857043874643873949e+01 4.903313960113960235e+01
1.978554301994302023e+02 6.914958404558404936e+01 4.951858689458689611e+01
1.980160911680911795e+02 6.974725925925926617e+01 4.930470655270655556e+01
1.982358290598290580e+02 7.034484330484330883e+01 4.912193732193732387e+01
1.982303589743589782e+02 7.066019373219373279e+01 4.890267806267806350e+01
1.979277720797720690e+02 7.032132193732194025e+01 4.852501424501424765e+01
1.981624843304843182e+02 7.051113390313390994e+01 4.857501994301994586e+01
1.987509059829059765e+02 7.102174358974359336e+01 4.900649572649572860e+01
1.984771282051281958e+02 7.080535612535612700e+01 4.873973789173788873e+01
1.984227692307692337e+02 7.089857549857549657e+01 4.875243304843304770e+01
1.987350655270655295e+02 7.117367521367521022e+01 4.903256980056980296e+01
1.987888547008546993e+02 7.114796581196581826e+01 4.903685470085470399e+01
1.992231111111111090e+02 7.164822792022792441e+01 4.931117948717948707e+01
1.987742678062678010e+02 7.196234757834757545e+01 4.921969230769230563e+01
1.971952364672364695e+02 7.106229059829060191e+01 4.836298575498575758e+01
1.961205242165242169e+02 7.044553846153846166e+01 4.791596581196581184e+01
1.949502678062678172e+02 7.004439886039885721e+01 4.755833618233618409e+01
1.942770370370370472e+02 6.937609116809116472e+01 4.713675213675213627e+01
1.946268262108262093e+02 6.982527635327635096e+01 4.738862678062677958e+01
1.951079886039886162e+02 7.037515669515669003e+01 4.780312250712250943e+01
1.951900626780626737e+02 7.003576068376068520e+01 4.769185185185185105e+01
1.955194074074074138e+02 6.994297435897435378e+01 4.774504843304843149e+01
1.956514871794871908e+02 6.968660968660968535e+01 4.786680341880342127e+01
1.956319088319088451e+02 6.939979487179486739e+01 4.768412535612535663e+01
1.961511566951566863e+02 6.974618803418803736e+01 4.798958404558404567e+01
1.961367977207977162e+02 6.982985754985755023e+01 4.807058689458689571e+01
1.957975384615384655e+02 6.946119658119657458e+01 4.790568660968661163e+01
1.961532307692307597e+02 6.992745299145299498e+01 4.811699145299145641e+01
1.962123304843304936e+02 7.014917378917378699e+01 4.831831339031339212e+01
1.961541880341880244e+02 7.005702564102564622e+01 4.800294017094017107e+01
1.962765356125356107e+02 7.008389743589744114e+01 4.804715669515669418e+01
1.960759430199430255e+02 6.986607407407407777e+01 4.799147578347578502e+01
1.958004558404558395e+02 6.921435897435897289e+01 4.768743019943019590e+01
1.961158974358974376e+02 6.937672934472934116e+01 4.778657549857550180e+01
1.962339829059829128e+02 6.969009686609686582e+01 4.804772649572649357e+01
1.963241253561253643e+02 6.983845014245014227e+01 4.821919088319088331e+01
1.966540398860398966e+02 7.019352706552706422e+01 4.840154985754985972e+01
1.964824159544159556e+02 6.997303703703703093e+01 4.817397150997150845e+01
1.962508717948717845e+02 6.955911111111110756e+01 4.786880911680911765e+01
1.968067920227920240e+02 6.992237037037037339e+01 4.842160683760683781e+01
1.969652649572649636e+02 6.986650712250711592e+01 4.840170940170940383e+01
1.967547122507122594e+02 6.964631339031339508e+01 4.822338461538461729e+01
1.971601139601139607e+02 7.004259829059829201e+01 4.859384615384615103e+01
1.971510655270655263e+02 7.017299145299145380e+01 4.856246153846154101e+01
1.972228603988604050e+02 7.023580626780626801e+01 4.856936752136752489e+01
1.979169686609686494e+02 7.087056410256410288e+01 4.894833048433048361e+01
1.981451851851851984e+02 7.112847863247863245e+01 4.896704273504273175e+01
1.983991794871794809e+02 7.166972079772079951e+01 4.928635897435897562e+01
1.991659943019942887e+02 7.286869515669515351e+01 5.006516239316239592e+01
1.991176980056980028e+02 7.313693447293447036e+01 5.027705982905983007e+01
1.992852193732193768e+02 7.328148148148147811e+01 5.017859829059828769e+01
1.998413219373219363e+02 7.385023361823361654e+01 5.065135042735042958e+01
1.996772877492877569e+02 7.392243874643874335e+01 5.067503133903134227e+01
1.993450484330484471e+02 7.388866096866097166e+01 5.047847293447293282e+01
1.993281595441595471e+02 7.411831339031338928e+01 5.070967521367521158e+01
1.987679772079771965e+02 7.339516809116808815e+01 5.044047863247863006e+01
1.986782222222222174e+02 7.310363532763533101e+01 5.018823931623931855e+01
1.994430541310541400e+02 7.380793162393162277e+01 5.062974358974359035e+01
1.996620398860398780e+02 7.386418233618233842e+01 5.060660968660968706e+01
1.995985641025640973e+02 7.367977207977207854e+01 5.047749287749287816e+01
1.994640455840455786e+02 7.342516239316239535e+01 5.050498005698005954e+01
1.992103931623931601e+02 7.303124786324787010e+01 5.030418233618233614e+01
1.998870883190883205e+02 7.363886039886040180e+01 5.084127635327635630e+01
2.008381310541310540e+02 7.481189743589743557e+01 5.148809116809116659e+01
2.009999772079771958e+02 7.457529344729344700e+01 5.152843304843305106e+01
2.010560683760683673e+02 7.427336752136751841e+01 5.140902564102564298e+01
2.010256638176638262e+02 7.426548148148148698e+01 5.138862678062677958e+01
2.008713846153846134e+02 7.414201709401709195e+01 5.133046153846154169e+01
2.010707236467236498e+02 7.455947578347578997e+01 5.154807977207977387e+01
2.011986780626780558e+02 7.478475213675213240e+01 5.169752706552706201e+01
2.002007065527065492e+02 7.380100284900285601e+01 5.113588603988603865e+01
1.998054700854700911e+02 7.317476923076922901e+01 5.081123646723646914e+01
1.997811737891737778e+02 7.321385754985755057e+01 5.092895726495726194e+01
1.996632250712250709e+02 7.325239886039885562e+01 5.075532763532763880e+01
2.000007521367521406e+02 7.395701424501424981e+01 5.128806837606837377e+01
2.004420740740740712e+02 7.479945299145299487e+01 5.170668945868946054e+01
2.002868376068375937e+02 7.496437606837606893e+01 5.159867806267806145e+01
2.000653219373219258e+02 7.490434188034187457e+01 5.161458689458689264e+01
1.998143361823361772e+02 7.489672934472935140e+01 5.161308262108261857e+01
1.993631680911680917e+02 7.473274074074073781e+01 5.131598860398860751e+01
1.994886153846153718e+02 7.501809686609686878e+01 5.160911680911680577e+01
1.995917720797720847e+02 7.536934472934473206e+01 5.187304843304843160e+01
1.993592250712250689e+02 7.532428490028489421e+01 5.166290598290598268e+01
1.996005698005697866e+02 7.565194301994301895e+01 5.188100284900284720e+01
1.997816752136752143e+02 7.570940170940170333e+01 5.186213105413105495e+01
1.996200113960113924e+02 7.532724786324786237e+01 5.161622792022792083e+01
1.999507464387464495e+02 7.559079202279201581e+01 5.173290028490028192e+01
2.000926495726495773e+02 7.570545868945869472e+01 5.192419373219373568e+01
1.997062792022792053e+02 7.536173219373219467e+01 5.158910541310541475e+01
1.993027692307692291e+02 7.553123646723646800e+01 5.174272364672364688e+01
1.982170484330484328e+02 7.510577777777777442e+01 5.112193732193732387e+01
1.965944387464387546e+02 7.416597150997151289e+01 5.036695156695157038e+01
1.958134700854700725e+02 7.315979487179487251e+01 4.944366951566951229e+01
1.949621424501424372e+02 7.200243874643874165e+01 4.866049002849003102e+01
1.944320227920227921e+02 7.132601709401708945e+01 4.807081481481481688e+01
1.952638176638176617e+02 7.211386894586894414e+01 4.861625071225071082e+01
1.964165698005697891e+02 7.320882051282050895e+01 4.933144159544159635e+01
1.971025185185185080e+02 7.348252991452991978e+01 4.943908831908832013e+01
1.975043190883190789e+02 7.351571509971509499e+01 4.962199430199429884e+01
1.971013789173789235e+02 7.291553276353276658e+01 4.928439886039885920e+01
1.968052421652421629e+02 7.254675783475784101e+01 4.907874643874643539e+01
1.970821424501424417e+02 7.279017663817663220e+01 4.919450712250712598e+01
1.966826210826210968e+02 7.239131623931623949e+01 4.915587464387464678e+01
1.957043646723646759e+02 7.145173789173789203e+01 4.874876353276353314e+01
1.958814358974358925e+02 7.185602279202279874e+01 4.894333903133902908e+01
1.962765128205128065e+02 7.237201139601140198e+01 4.911038176638176367e+01
1.964011851851851986e+02 7.253223931623931264e+01 4.910390883190883216e+01
1.966651168091167960e+02 7.257002849002849132e+01 4.952300854700854416e+01
1.962620626780626765e+02 7.152061538461538248e+01 4.926272364672365001e+01
1.958135384615384567e+02 7.080531054131054702e+01 4.902493447293447559e+01
1.960255954415954420e+02 7.109205698005698082e+01 4.923368660968660748e+01
1.962445128205128242e+02 7.138990313390313247e+01 4.943936182336182128e+01
1.965331282051282074e+02 7.179343589743589860e+01 4.970295156695156891e+01
1.974791111111111093e+02 7.254053561253560645e+01 5.037123646723646431e+01
1.978469743589743643e+02 7.259008547008546941e+01 5.048063817663817332e+01
1.984497549857549927e+02 7.284350997150997387e+01 5.059758404558404266e+01
1.991643532763532676e+02 7.328649572649572974e+01 5.100911680911681145e+01
1.995339943019943121e+02 7.320050142450142516e+01 5.088893447293447281e+01
1.996645470085470038e+02 7.297351566951566326e+01 5.073584045584045299e+01
1.998698119658119765e+02 7.309522507122507307e+01 5.099972649572649885e+01
1.995867578347578331e+02 7.285230769230768999e+01 5.083607977207977058e+01
1.996443532763532858e+02 7.301538461538461888e+01 5.117579487179487074e+01
1.997361367521367583e+02 7.415081481481480807e+01 5.078919658119658465e+01
1.993170142450142350e+02 7.400173219373219524e+01 5.016895726495726393e+01
1.986953390313390173e+02 7.360688319088319531e+01 4.945891737891737705e+01
1.979065071225071222e+02 7.330518518518518079e+01 4.908813675213675509e+01
1.965633732193732328e+02 7.213691168091168038e+01 4.825793732193731955e+01
1.960311111111111018e+02 7.163336752136751784e+01 4.780471794871795055e+01
1.965421310541310618e+02 7.228877492877492728e+01 4.825950997150997068e+01
1.969764102564102473e+02 7.267133903133903061e+01 4.842087749287749432e+01
1.972308831908831905e+02 7.293283190883191480e+01 4.851377777777777567e+01
1.971781196581196696e+02 7.269647863247863029e+01 4.857538461538461405e+01
1.963747008547008477e+02 7.183229629629629187e+01 4.799838176638176890e+01
1.965521139601139566e+02 7.198892307692307213e+01 4.799943019943020062e+01
1.970350997150997046e+02 7.248888888888889426e+01 4.837805128205128113e+01
1.966508945868945943e+02 7.201447293447293418e+01 4.815851851851851961e+01
1.966338233618233744e+02 7.169312820512820394e+01 4.796168660968660902e+01
1.971732193732193821e+02 7.180464957264956638e+01 4.839560113960114052e+01
1.974366267806267672e+02 7.180831908831909516e+01 4.891209116809116608e+01
1.979640797720797707e+02 7.233789173789173788e+01 4.940713390313390363e+01
1.981601367521367649e+02 7.266144729344729569e+01 4.976136752136751795e+01
1.976278290598290539e+02 7.205109971509970990e+01 4.955883760683760642e+01
1.973893561253561302e+02 7.184895726495726365e+01 4.927065527065526851e+01
1.976363304843304718e+02 7.205793732193731671e+01 4.955088319088319082e+01
1.979444330484330408e+02 7.233488319088318974e+01 4.963088319088318912e+01
1.992501196581196723e+02 7.334295156695156948e+01 5.022286039886039788e+01
2.002656410256410311e+02 7.430231339031338678e+01 5.089745868945868779e+01
2.007906324786324888e+02 7.469641025641026033e+01 5.109976068376068525e+01
2.013545754985754854e+02 7.493406267806267351e+01 5.132508262108262187e+01
2.016300398860398957e+02 7.518144729344729171e+01 5.149798290598290862e+01
2.011095840455840573e+02 7.472218803418803645e+01 5.113998860398860558e+01
2.010476125356125294e+02 7.483179487179486955e+01 5.121620512820512516e+01
2.006494586894586973e+02 7.501547578347577883e+01 5.141620512820512801e+01
2.002588717948717942e+02 7.470085470085470547e+01 5.117196581196581207e+01
2.002070427350427337e+02 7.475193162393162538e+01 5.105043874643874346e+01
1.999423817663817715e+02 7.452681481481481285e+01 5.080635897435897164e+01
1.997793276353276326e+02 7.438101424501424219e+01 5.072446723646723399e+01
2.000911452991452961e+02 7.472325925925926526e+01 5.099892877492877830e+01
1.999602051282051320e+02 7.466753276353276192e+01 5.108284900284900232e+01
1.997750655270655216e+02 7.438953846153846428e+01 5.074958404558404368e+01
2.000324102564102589e+02 7.462272364672364233e+01 5.095995441595441378e+01
1.997226666666666688e+02 7.418012535612535885e+01 5.076282621082621205e+01
1.988939031339031374e+02 7.389119088319088746e+01 5.037374358974359012e+01
1.985533675213675338e+02 7.469139601139600870e+01 5.052872934472934219e+01
1.981210712250712334e+02 7.493852991452990864e+01 5.044688319088319162e+01
1.969855726495726458e+02 7.414700854700855359e+01 4.997848433048432781e+01
1.964361481481481349e+02 7.378570940170939707e+01 4.957043874643874659e+01
1.961814245014244875e+02 7.326304273504273112e+01 4.934128774928775130e+01
1.963113162393162270e+02 7.298694017094017283e+01 4.915231908831908925e+01
1.967823589743589707e+02 7.315562393162393562e+01 4.949472364672364932e+01
1.968483418803418772e+02 7.310545868945868619e+01 4.960209686609686486e+01
1.970056752136752038e+02 7.306864957264957638e+01 4.976572079772079604e+01
1.975625071225071281e+02 7.384469515669515260e+01 5.016850142450142158e+01
1.974864045584045584e+02 7.368939031339031942e+01 5.001515669515669771e+01
1.970978461538461488e+02 7.312294017094016851e+01 4.971225071225071446e+01
1.972056980056979967e+02 7.338085470085469808e+01 4.978921937321937463e+01
1.968430541310541173e+02 7.316738461538461991e+01 4.968544729344729660e+01
1.966659829059829008e+02 7.305417663817664220e+01 4.961196581196580979e+01
1.966895042735042693e+02 7.322527635327635664e+01 4.979500854700854973e+01
1.962028945868945868e+02 7.296902564102563815e+01 4.957985185185184918e+01
1.958367863247863170e+02 7.289780056980056600e+01 4.958947008547008295e+01
1.957536866096866106e+02 7.310226780626780396e+01 4.972043304843305123e+01
1.947686381766381771e+02 7.263829059829059531e+01 4.862329344729344882e+01
1.941325584045584094e+02 7.230639316239316372e+01 4.789766381766381897e+01
1.940601937321937385e+02 7.277351566951567463e+01 4.768209686609686315e+01
1.935360000000000014e+02 7.248567521367520783e+01 4.720414814814814974e+01
1.929873960113960152e+02 7.205905413105412549e+01 4.682397720797720808e+01
1.928756011396011445e+02 7.201068945868945548e+01 4.674769230769230433e+01
1.926606039886039810e+02 7.168098005698006148e+01 4.660761253561253881e+01
1.929870085470085428e+02 7.202591452991453025e+01 4.662240455840456121e+01
1.936129458689458716e+02 7.274267806267806691e+01 4.714028490028490381e+01
1.936679430199430101e+02 7.250409116809116483e+01 4.713014245014245063e+01
1.939328091168091248e+02 7.267286609686610177e+01 4.727794871794871767e+01
1.942739145299145207e+02 7.278798860398860882e+01 4.732417094017093717e+01
1.942391339031339044e+02 7.245985185185185173e+01 4.714438746438746364e+01
1.952258233618233589e+02 7.322703133903134187e+01 4.765538461538461235e+01
1.967526381766381860e+02 7.451407407407407391e+01 4.848752136752136721e+01
1.974432364672364599e+02 7.476198290598290441e+01 4.915256980056980041e+01
1.979524558404558263e+02 7.497789173789173844e+01 4.952474074074073940e+01
1.981263133903133848e+02 7.498479772079771521e+01 5.024303133903134011e+01
1.978301538461538485e+02 7.450691737891737887e+01 4.999156695156695207e+01
1.973375726495726497e+02 7.396943589743590053e+01 4.972916239316239029e+01
1.970037378917378987e+02 7.376968660968661595e+01 4.962737321937321866e+01
1.965462564102564045e+02 7.331304843304843644e+01 4.938728205128204962e+01
1.968282165242165149e+02 7.374978917378916776e+01 4.972189173789173822e+01
1.974567521367521294e+02 7.439033618233618483e+01 5.014051282051281788e+01
1.976429401709401645e+02 7.427658119658119062e+01 5.022078632478632443e+01
1.983723532763532660e+02 7.476061538461539158e+01 5.035674074074074014e+01
1.990810484330484371e+02 7.481194301994301554e+01 5.062819373219372920e+01
1.993890826210826219e+02 7.459655840455840803e+01 5.061636467236467496e+01
2.000647749287749377e+02 7.538728205128205673e+01 5.114573219373219359e+01
2.007406039886039935e+02 7.602988034188034305e+01 5.138851282051282254e+01
2.006389743589743659e+02 7.579646723646723672e+01 5.130381766381766084e+01
2.010596695156695262e+02 7.583152136752136130e+01 5.131696866096866216e+01
2.015156695156695150e+02 7.622459259259258602e+01 5.173552136752136477e+01
2.018957492877492825e+02 7.654894586894586439e+01 5.172993732193732086e+01
2.026858803418803348e+02 7.691172649572649789e+01 5.205517948717948684e+01
2.027331282051281960e+02 7.674616524216524738e+01 5.180909401709401862e+01
2.021835441595441694e+02 7.594301994301994796e+01 5.146418233618233273e+01
2.022775384615384553e+02 7.619605698005698002e+01 5.163523646723646721e+01
2.024893219373219324e+02 7.660562962962963240e+01 5.191177207977207786e+01
2.024395897435897496e+02 7.639434757834757761e+01 5.175218233618233654e+01
2.024527863247863309e+02 7.623728774928774499e+01 5.165301424501424776e+01
2.023754529914529883e+02 7.610181196581196161e+01 5.157365242165241881e+01
2.024116923076923058e+02 7.606821652421652402e+01 5.165445014245014477e+01
2.029498575498575406e+02 7.665611396011395584e+01 5.212608547008547077e+01
2.029750655270655386e+02 7.644537891737891755e+01 5.186892307692307469e+01
2.025386210826210913e+02 7.587414245014244329e+01 5.168898005698005704e+01
2.028149743589743537e+02 7.612047863247863688e+01 5.222539031339031368e+01
2.030919886039885967e+02 7.654256410256409993e+01 5.250550427350427185e+01
2.031876239316239321e+02 7.670010256410256488e+01 5.271252421652421560e+01
2.031431566951567049e+02 7.683462108262108359e+01 5.286156125356125557e+01
2.019328547008547048e+02 7.625043874643874631e+01 5.235017663817664157e+01
2.002262792022792155e+02 7.528975498575498193e+01 5.145207977207977024e+01
1.990159772079772154e+02 7.486744159544159061e+01 5.095692307692307566e+01
1.980214928774928751e+02 7.405287749287749932e+01 5.046858119658119790e+01
1.974546096866097002e+02 7.372900284900285328e+01 5.008289458689458939e+01
1.979568319088319015e+02 7.437734472934472763e+01 5.049333333333333229e+01
1.982818233618233705e+02 7.464061538461538703e+01 5.071095156695156447e+01
1.984219031339031289e+02 7.473075783475783851e+01 5.084063817663817986e+01
1.987906324786324888e+02 7.497905413105412720e+01 5.110518518518518505e+01
1.987466210826210897e+02 7.481720797720797123e+01 5.102415954415954502e+01
1.986547008547008488e+02 7.436998290598290851e+01 5.079149857549857217e+01
1.986652991452991444e+02 7.402675783475783078e+01 5.080537891737891698e+01
1.982105754985755084e+02 7.342707692307692469e+01 5.046794301994302145e+01
1.981586552706552595e+02 7.342735042735043294e+01 5.032275783475783726e+01
1.989827008547008518e+02 7.431733333333333746e+01 5.092490028490028209e+01
1.993664045584045539e+02 7.480948148148148391e+01 5.109433618233618546e+01
1.997157834757834678e+02 7.512599430199429662e+01 5.120006837606837280e+01
2.000740740740740762e+02 7.531133903133903118e+01 5.149750427350427628e+01
1.996454700854700945e+02 7.469793732193731728e+01 5.123079202279202349e+01
1.994481367521367474e+02 7.450295156695156606e+01 5.091400569800569542e+01
1.991731509971509979e+02 7.440535612535612131e+01 5.091963532763532641e+01
1.985666324786324708e+02 7.386817094017094121e+01 5.058593732193732251e+01
1.982787236467236482e+02 7.383366381766381892e+01 5.054035327635327945e+01
1.985392136752136878e+02 7.411172649572650073e+01 5.071234188034188151e+01
1.983112022792022913e+02 7.372738461538462218e+01 5.040688319088319247e+01
1.984076125356125431e+02 7.380444444444444230e+01 4.999708262108261891e+01
1.989874643874643994e+02 7.424307692307692719e+01 5.004230199430199377e+01
1.987277264957265004e+02 7.391003988603988262e+01 4.977119088319088291e+01
1.984925356125356188e+02 7.353736752136752841e+01 4.939060968660968598e+01
1.984398176638176778e+02 7.336433048433048043e+01 4.919418803418803066e+01
1.979112934472934455e+02 7.288588034188033760e+01 4.882682621082621210e+01
1.979766153846153713e+02 7.309679772079772420e+01 4.880038746438746244e+01
1.983249686609686648e+02 7.361376638176638210e+01 4.903092877492877477e+01
1.980470655270655129e+02 7.341629629629629505e+01 4.890773789173789510e+01
1.981485356125356248e+02 7.355443874643874835e+01 4.897793732193731842e+01
1.981283874643874583e+02 7.357176068376068656e+01 4.903293447293447116e+01
1.977932535612535503e+02 7.318012535612535885e+01 4.864966381766381431e+01
1.979372535612535557e+02 7.327892877492877233e+01 4.868909401709401408e+01
1.975230541310541241e+02 7.303038176638176537e+01 4.853369800569800674e+01
1.964527635327635267e+02 7.197114529914530578e+01 4.785939601139600796e+01
1.959167407407407495e+02 7.162105982905983126e+01 4.794862678062678185e+01
1.958019145299145407e+02 7.193123646723647369e+01 4.853344729344729558e+01
1.958028262108261970e+02 7.188966381766381630e+01 4.864405698005698042e+01
1.963415612535612524e+02 7.224373789173789362e+01 4.894395441595441554e+01
1.967094017094017033e+02 7.232337321937322372e+01 4.910461538461538566e+01
1.966224273504273583e+02 7.192793162393162731e+01 4.880316809116808940e+01
1.969225071225071133e+02 7.207607977207976546e+01 4.902737321937321724e+01
1.969469173789173908e+02 7.216136752136752364e+01 4.927970370370370290e+01
1.969789857549857572e+02 7.216102564102564543e+01 4.933465527065526857e+01
1.971133903133903118e+02 7.230137891737891209e+01 4.935817663817663714e+01
1.968278518518518467e+02 7.203845014245014511e+01 4.914491168091168305e+01
1.965561253561253636e+02 7.150210826210826554e+01 4.887113390313390227e+01
1.971000797720797664e+02 7.191972649572649345e+01 4.921442735042734995e+01
1.975819487179487055e+02 7.216578917378917879e+01 4.936815954415954621e+01
1.974582336182336064e+02 7.177768660968661152e+01 4.891482621082621307e+01
1.977927521367521422e+02 7.198748717948717513e+01 4.951108831908831576e+01
1.978728660968660904e+02 7.213002849002849359e+01 5.002051282051282044e+01
1.976804786324786392e+02 7.196426210826210479e+01 5.010735042735042555e+01
1.978895726495726421e+02 7.217679772079772249e+01 5.040389743589743432e+01
1.975899943019942953e+02 7.197312820512820508e+01 5.029805128205128284e+01
1.974913048433048459e+02 7.165344729344730013e+01 5.026290598290598410e+01
1.981710541310541203e+02 7.216444444444444173e+01 5.074409116809116682e+01
1.986580740740740794e+02 7.246826210826210968e+01 5.098110541310541066e+01
1.991124330484330471e+02 7.284314529914530567e+01 5.113513390313390516e+01
2.003708717948717890e+02 7.407621652421651959e+01 5.193082621082621131e+01
2.011114757834757825e+02 7.487539601139600620e+01 5.230431908831909027e+01
2.017386666666666599e+02 7.528909401709401550e+01 5.254477492877492750e+01
2.021775270655270731e+02 7.566921937321937719e+01 5.294864957264957184e+01
2.020740056980056920e+02 7.546493447293447332e+01 5.276925356125356359e+01
2.020015270655270569e+02 7.539120227920227535e+01 5.265303703703703775e+01
2.023458233618233635e+02 7.588230199430199718e+01 5.274231339031339161e+01
2.018532193732193605e+02 7.560079772079771487e+01 5.239596581196580871e+01
2.013833846153846139e+02 7.514226780626781022e+01 5.203275213675213706e+01
2.014363304843304832e+02 7.533486039886039975e+01 5.221319658119658413e+01
2.008355555555555441e+02 7.527370940170939662e+01 5.177449572649572929e+01
1.999092877492877562e+02 7.502839886039886608e+01 5.147402849002848768e+01
1.991032706552706486e+02 7.508241595441594995e+01 5.113301424501424464e+01
1.977588831908831821e+02 7.424872934472934105e+01 5.052998290598290509e+01
1.969045925925925928e+02 7.368859259259259886e+01 5.010001139601139641e+01
1.966536980056980042e+02 7.357912250712250568e+01 5.002165242165241921e+01
1.963474871794871888e+02 7.308075213675213888e+01 4.988205128205127892e+01
1.965458233618233521e+02 7.323482621082621336e+01 4.989351566951567207e+01
1.973569002849002914e+02 7.394862678062678185e+01 5.034988034188034334e+01
1.978946552706552779e+02 7.459733333333333860e+01 5.079633048433048259e+01
1.984336638176638132e+02 7.494894586894587007e+01 5.097604558404558617e+01
1.986474074074073997e+02 7.452645014245014465e+01 5.073315099715100018e+01
1.980276923076923197e+02 7.337839316239316645e+01 5.018532193732193747e+01
1.978010712250712118e+02 7.307072364672364984e+01 4.978805698005697877e+01
1.982515555555555693e+02 7.355163532763532430e+01 5.015211396011395806e+01
1.979082393162393032e+02 7.326983475783475797e+01 4.987307122507122159e+01
1.978494131054131060e+02 7.328528774928774681e+01 4.982110541310541407e+01
1.981006267806267829e+02 7.349189743589744239e+01 4.996683760683760767e+01
1.980876809116809056e+02 7.334933333333333394e+01 4.992218803418803219e+01
1.984645242165242109e+02 7.372332763532763522e+01 5.022917378917379239e+01
1.984998974358974237e+02 7.378026210826210729e+01 5.026434188034188111e+01
1.979018575498575387e+02 7.298046723646723422e+01 4.970648433048432935e+01
1.978668262108262184e+02 7.280913960113960570e+01 4.958358974358974081e+01
0.000000000000000000e+00 0.000000000000000000e+00 0.000000000000000000e+00
