1.566669459385490200e+02 0.000000000000000000e+00 7.941866764970368919e+00
1.567470355289688655e+02 0.000000000000000000e+00 8.013198389159782664e+00
1.567652328848226944e+02 0.000000000000000000e+00 8.031395745013600873e+00
1.573426107452649489e+02 0.000000000000000000e+00 8.729240324625635594e+00
1.576797030781346791e+02 0.000000000000000000e+00 8.184459078291078882e+00
1.579075833486932936e+02 0.000000000000000000e+00 6.838508241313248526e+00
1.581707859269313019e+02 0.000000000000000000e+00 6.047872786072153062e+00
1.584161430318872590e+02 0.000000000000000000e+00 6.096013673151359669e+00
1.586829929009087436e+02 0.000000000000000000e+00 6.138820467277713355e+00
1.588801867770349077e+02 0.000000000000000000e+00 6.127828325988482483e+00
1.588458530918190093e+02 0.000000000000000000e+00 6.100822734965397842e+00
1.588208135748476479e+02 0.000000000000000000e+00 6.090461748130274522e+00
1.589134648145355300e+02 0.000000000000000000e+00 6.075660338365812763e+00
1.589138111116696450e+02 0.000000000000000000e+00 6.070231292972961157e+00
1.589960119975200712e+02 0.000000000000000000e+00 6.091104073459676194e+00
1.591348436356730645e+02 0.000000000000000000e+00 6.147455553879924040e+00
1.592462563604171066e+02 0.000000000000000000e+00 6.195819858465010377e+00
1.594332065438987343e+02 0.000000000000000000e+00 6.179404257220574515e+00
1.597537715667711211e+02 0.000000000000000000e+00 6.256527980249892096e+00
1.600671816440177224e+02 0.000000000000000000e+00 6.303490339985589941e+00
1.604103621039226653e+02 0.000000000000000000e+00 6.411356311823812604e+00
1.608843814407077843e+02 0.000000000000000000e+00 6.520523690633779346e+00
1.612992621636868478e+02 0.000000000000000000e+00 6.595340627914899834e+00
1.619045225288627421e+02 0.000000000000000000e+00 6.801739305283265757e+00
1.623890927573630165e+02 0.000000000000000000e+00 6.908108379832102131e+00
1.628306662868569106e+02 0.000000000000000000e+00 7.043879198154571419e+00
1.634734440367074910e+02 0.000000000000000000e+00 7.243854622228925066e+00
1.639095103246814915e+02 0.000000000000000000e+00 7.370180465490373756e+00
1.639760663996827361e+02 0.000000000000000000e+00 7.332048682674530582e+00
1.640313287197618308e+02 0.000000000000000000e+00 7.378692672464350899e+00
1.642870077134894018e+02 0.000000000000000000e+00 7.419550148851913107e+00
1.645814719862374886e+02 0.000000000000000000e+00 7.524198908605483460e+00
1.648138876321654323e+02 0.000000000000000000e+00 7.607902277182928330e+00
1.649733407061110313e+02 0.000000000000000000e+00 7.702178879226082131e+00
1.650024073236258459e+02 0.000000000000000000e+00 7.738808179314890623e+00
1.651171154565815868e+02 0.000000000000000000e+00 7.842580025357887230e+00
1.652986645218585977e+02 0.000000000000000000e+00 7.921893239944815868e+00
1.655185241039561674e+02 0.000000000000000000e+00 7.969978272647553652e+00
1.657313348637432568e+02 0.000000000000000000e+00 8.091645860911432564e+00
1.659829476588638215e+02 0.000000000000000000e+00 8.176298753888861626e+00
1.663470455827566354e+02 0.000000000000000000e+00 8.279724302797745850e+00
1.666967777610214512e+02 0.000000000000000000e+00 8.421331903461295454e+00
1.666539988940833439e+02 5.585437646966828290e-06 8.320146115048844493e+00
1.657988907320833221e+02 0.000000000000000000e+00 8.086082765015053297e+00
1.635105760261845376e+02 0.000000000000000000e+00 7.371046208325653382e+00
1.609276797533470642e+02 0.000000000000000000e+00 6.542452118835771380e+00
1.588756402307902817e+02 0.000000000000000000e+00 6.037511799237028853e+00
1.579850812960449389e+02 0.000000000000000000e+00 5.807263303116116049e+00
1.574274870557482586e+02 0.000000000000000000e+00 5.624200584236778155e+00
1.570529946323944159e+02 0.000000000000000000e+00 5.475761993330987565e+00
1.567600495986862938e+02 0.000000000000000000e+00 5.292380904505772143e+00
1.567804867150365453e+02 0.000000000000000000e+00 5.376732183850265301e+00
1.570890430469679586e+02 0.000000000000000000e+00 5.403268598111004906e+00
1.573906343381535748e+02 0.000000000000000000e+00 5.546814345638052757e+00
1.574864357646743542e+02 0.000000000000000000e+00 5.600769673307752328e+00
1.575842144361221528e+02 0.000000000000000000e+00 5.600702648055988497e+00
1.579436094215162143e+02 0.000000000000000000e+00 5.669649290370147199e+00
1.581770081044700191e+02 0.000000000000000000e+00 5.738607103559599132e+00
1.583373771901897271e+02 0.000000000000000000e+00 5.806581879723185402e+00
1.584730921541357418e+02 0.000000000000000000e+00 5.838178700492076878e+00
1.585037617922552329e+02 0.000000000000000000e+00 5.746315007512413864e+00
1.585001759412858746e+02 0.000000000000000000e+00 5.757882448879281689e+00
1.586761451543535770e+02 0.000000000000000000e+00 5.784670207834134992e+00
1.587310164937973695e+02 0.000000000000000000e+00 5.877673330093779569e+00
1.588151387701983310e+02 0.000000000000000000e+00 5.914196506867295255e+00
1.588896987773476894e+02 0.000000000000000000e+00 5.945212442120902274e+00
1.589638845601747050e+02 0.000000000000000000e+00 5.973485927489848635e+00
1.592537520177393446e+02 0.000000000000000000e+00 6.063165714349548097e+00
1.597958801811915919e+02 0.000000000000000000e+00 6.222931572803386935e+00
1.603485648217966002e+02 0.000000000000000000e+00 6.373397677575026066e+00
1.609387836033892540e+02 0.000000000000000000e+00 6.507738623859872895e+00
1.612737199573272449e+02 0.000000000000000000e+00 6.639303607634175819e+00
1.613466266749331055e+02 0.000000000000000000e+00 6.633025575718985323e+00
1.614989471450035410e+02 0.000000000000000000e+00 6.687511519965147144e+00
1.614771136692415610e+02 0.000000000000000000e+00 6.712902919508257682e+00
1.612444522640571449e+02 0.000000000000000000e+00 6.621156520719180705e+00
1.609596340421253728e+02 0.000000000000000000e+00 6.486284957857872513e+00
1.607881331791752473e+02 0.000000000000000000e+00 6.468841636086395397e+00
1.605553656506755544e+02 0.000000000000000000e+00 6.404486223518043531e+00
1.604345358780587389e+02 0.000000000000000000e+00 6.413964711204946489e+00
1.601169143808263016e+02 0.000000000000000000e+00 6.337807268888553835e+00
1.597083061043248051e+02 0.000000000000000000e+00 6.260320492412183135e+00
1.594176678563648863e+02 0.000000000000000000e+00 6.150750962091634300e+00
1.592383976496478510e+02 0.000000000000000000e+00 6.054781972441450222e+00
1.590799834671045687e+02 0.000000000000000000e+00 6.034964839670012182e+00
1.590225651680937347e+02 0.000000000000000000e+00 6.029250936957165408e+00
1.589775968095980261e+02 0.000000000000000000e+00 6.085367828996241180e+00
1.590020107575529096e+02 0.000000000000000000e+00 6.054469187933220198e+00
1.591460368527176001e+02 0.000000000000000000e+00 6.113557532800482974e+00
1.592849578578729677e+02 0.000000000000000000e+00 6.107033741628825396e+00
1.593788881627820047e+02 0.000000000000000000e+00 6.137116908795388959e+00
1.596589140792126784e+02 0.000000000000000000e+00 6.201449979613152586e+00
1.599558862134642538e+02 0.000000000000000000e+00 6.329484966794573175e+00
1.603630590324904972e+02 0.000000000000000000e+00 6.343007311337879983e+00
1.607712148885426018e+02 0.000000000000000000e+00 6.340348643017923891e+00
1.611251417304802942e+02 0.000000000000000000e+00 6.340694940152035386e+00
1.613891486117394720e+02 0.000000000000000000e+00 6.519741729363204286e+00
1.618131950378972022e+02 0.000000000000000000e+00 6.617235543491010397e+00
1.621315984964001871e+02 0.000000000000000000e+00 6.725403128962169852e+00
1.624610555360065121e+02 0.000000000000000000e+00 6.820847087473539183e+00
1.628836832610019201e+02 0.000000000000000000e+00 6.919195473561330800e+00
1.632156928456129208e+02 0.000000000000000000e+00 6.998318783268262955e+00
1.634415511877433289e+02 0.000000000000000000e+00 7.115445410725157238e+00
1.637371995732725622e+02 0.000000000000000000e+00 7.218167194490524352e+00
1.639400850103609741e+02 0.000000000000000000e+00 7.301406971743270802e+00
1.642635991443109447e+02 0.000000000000000000e+00 7.361098543876405387e+00
1.645327948971441572e+02 5.585437646966828290e-06 7.509950457168071303e+00
1.646799935208923387e+02 0.000000000000000000e+00 7.549171400325072057e+00
1.648372906159061984e+02 0.000000000000000000e+00 7.610879315448761950e+00
1.651961047157849976e+02 0.000000000000000000e+00 7.727397130202136921e+00
1.655838848953009688e+02 0.000000000000000000e+00 7.862905432955199281e+00
1.659214464049330502e+02 0.000000000000000000e+00 7.977161145461552749e+00
1.657056921195060113e+02 0.000000000000000000e+00 7.922641688589509457e+00
1.635326329194523964e+02 0.000000000000000000e+00 7.147991755894032906e+00
1.609033942704580511e+02 0.000000000000000000e+00 6.324988689488765026e+00
1.588029234180644096e+02 0.000000000000000000e+00 5.793567810005752605e+00
1.574463770058702892e+02 0.000000000000000000e+00 5.468165798131112254e+00
1.567970587085351042e+02 0.000000000000000000e+00 5.329384428916927874e+00
1.565064204605751854e+02 0.000000000000000000e+00 5.265101627037986454e+00
1.563754642895044071e+02 0.000000000000000000e+00 5.229142579466814489e+00
1.565949049637784469e+02 0.000000000000000000e+00 5.242553215257181876e+00
1.567736892374202000e+02 0.000000000000000000e+00 5.334696180119193443e+00
1.569281656864223464e+02 0.000000000000000000e+00 5.373900366963253461e+00
1.570216435708819915e+02 0.000000000000000000e+00 5.427386517870607996e+00
1.570985829744689681e+02 0.000000000000000000e+00 5.412261152722621205e+00
1.569971681831129899e+02 0.000000000000000000e+00 5.317431592352418690e+00
1.569894379374095763e+02 0.000000000000000000e+00 5.298016611091561856e+00
1.570590660031166692e+02 0.000000000000000000e+00 5.394667024134675692e+00
1.570595631070672482e+02 0.000000000000000000e+00 5.369934706233906674e+00
1.570573624446343501e+02 0.000000000000000000e+00 5.402291146522785859e+00
1.569477203036243793e+02 0.000000000000000000e+00 5.395309349464077364e+00
1.567742812938107875e+02 0.000000000000000000e+00 5.282835391567106242e+00
1.567312231549903174e+02 0.000000000000000000e+00 5.249669062819417142e+00
1.566517926462127832e+02 0.000000000000000000e+00 5.259074939816909655e+00
1.566071091450370716e+02 0.000000000000000000e+00 5.225439434306875519e+00
1.566078743499946881e+02 0.000000000000000000e+00 5.283092321698866556e+00
1.566051709981735485e+02 0.000000000000000000e+00 5.275585493501343315e+00
1.566355892915989330e+02 0.000000000000000000e+00 5.306517647190245768e+00
1.568566888408541331e+02 0.000000000000000000e+00 5.343666392980222390e+00
1.570567257047426040e+02 0.000000000000000000e+00 5.406469053882717368e+00
1.572068678541307065e+02 0.000000000000000000e+00 5.458815775510090340e+00
1.575080793355563458e+02 0.000000000000000000e+00 5.513653602328010273e+00
1.577888760423822987e+02 0.000000000000000000e+00 5.588688371677362987e+00
1.580386344722040803e+02 0.000000000000000000e+00 5.682305892078173493e+00
1.583690857197115633e+02 0.000000000000000000e+00 5.763467886526249195e+00
1.585816283784915868e+02 0.000000000000000000e+00 5.817462312259476853e+00
1.586682305892078091e+02 0.000000000000000000e+00 5.811363014348989608e+00
1.589259873657400419e+02 0.000000000000000000e+00 5.870775314599775641e+00
1.592287627697068331e+02 0.000000000000000000e+00 5.884465222272491580e+00
1.594843300546814362e+02 0.000000000000000000e+00 5.951300569156096287e+00
1.598524159810542074e+02 0.000000000000000000e+00 6.047839273446270703e+00
1.600181079888514546e+02 0.000000000000000000e+00 6.073118964236442707e+00
1.600214257388137753e+02 0.000000000000000000e+00 6.032993180180633352e+00
1.601134067259840208e+02 0.000000000000000000e+00 6.152130565190435441e+00
1.601692387607030810e+02 0.000000000000000000e+00 6.210794416796527884e+00
1.602506856124711589e+02 0.000000000000000000e+00 6.277545982115428913e+00
1.604014868435016297e+02 0.000000000000000000e+00 6.295553433089249751e+00
1.604946016745142003e+02 0.000000000000000000e+00 6.381317828158425520e+00
1.607708518350955273e+02 0.000000000000000000e+00 6.391477739238258238e+00
1.612679334439249885e+02 0.000000000000000000e+00 6.565670783134212485e+00
1.617505375983735121e+02 0.000000000000000000e+00 6.729486083882102676e+00
1.622944921999363146e+02 0.000000000000000000e+00 6.961130939414758245e+00
1.629523450459960827e+02 0.000000000000000000e+00 7.130894731256667285e+00
1.633110586079972393e+02 0.000000000000000000e+00 7.237934058323140185e+00
1.637558214223875552e+02 0.000000000000000000e+00 7.336863329926216259e+00
1.641853527483145854e+02 0.000000000000000000e+00 7.536671190871160775e+00
1.645828069058350991e+02 0.000000000000000000e+00 7.667750241570177927e+00
1.649866899020872779e+02 1.117087529393365658e-05 7.801566156716209122e+00
1.652638449035674171e+02 0.000000000000000000e+00 7.897993152253445004e+00
1.654724945123075202e+02 0.000000000000000000e+00 7.991621843529549629e+00
1.658354753486709399e+02 0.000000000000000000e+00 8.084144618151555051e+00
1.662808413903271401e+02 0.000000000000000000e+00 8.291604528672843699e+00
1.664844641051849692e+02 0.000000000000000000e+00 8.350005864709530101e+00
1.665258298563983885e+02 1.675631294090048487e-05 8.351821131944793919e+00
1.664679814786887562e+02 2.234175058786731316e-05 8.300826086227987233e+00
1.662781212821930694e+02 1.117087529393365658e-05 8.255684579165199821e+00
1.662793053949742159e+02 0.000000000000000000e+00 8.262375933466266531e+00
1.663057691985455619e+02 0.000000000000000000e+00 8.221546384266940066e+00
1.661098767293911180e+02 5.585437646966828290e-05 8.169356054893681218e+00
1.661277780570496532e+02 1.675631294090048555e-04 8.200048034763764093e+00
1.660141032300585948e+02 1.117087529393365658e-05 8.129559811659042623e+00
1.644876087065802039e+02 3.351262588180096974e-05 7.767171031686188165e+00
1.616565123410244951e+02 0.000000000000000000e+00 6.827404391271078232e+00
1.592589129621251516e+02 0.000000000000000000e+00 5.755726469947552992e+00
1.577563855515898865e+02 0.000000000000000000e+00 5.515943631763266630e+00
1.569412802940174458e+02 0.000000000000000000e+00 5.308489306679624598e+00
1.563736546077067828e+02 0.000000000000000000e+00 5.054564140373218883e+00
1.560283516814959910e+02 0.000000000000000000e+00 4.999977658249411760e+00
1.559881365304378562e+02 0.000000000000000000e+00 4.947066807419695067e+00
1.561428699095717718e+02 0.000000000000000000e+00 5.032339683975937561e+00
1.563533180292341740e+02 0.000000000000000000e+00 5.107636968894698093e+00
1.565315772717371203e+02 0.000000000000000000e+00 5.157738344587990298e+00
1.565813100085457279e+02 0.000000000000000000e+00 5.108636762233504491e+00
1.565281813256477790e+02 0.000000000000000000e+00 5.097181029619576087e+00
1.565325770650759409e+02 0.000000000000000000e+00 5.116115663242793765e+00
1.565751716125716939e+02 0.000000000000000000e+00 5.118997749068628700e+00
1.565358445460994119e+02 0.000000000000000000e+00 5.128241648374358697e+00
1.565556449225579172e+02 0.000000000000000000e+00 5.097086077179577401e+00
1.565186916670855624e+02 0.000000000000000000e+00 5.100253020325407505e+00
1.563836413702195500e+02 0.000000000000000000e+00 5.110898864480525994e+00
1.563181241866206506e+02 0.000000000000000000e+00 5.090690751073799980e+00
1.560849824337985865e+02 0.000000000000000000e+00 5.041019454079324724e+00
1.559866954875249121e+02 0.000000000000000000e+00 4.996788373352994306e+00
1.559983858085200268e+02 0.000000000000000000e+00 5.076397616135212232e+00
1.560941146243513913e+02 0.000000000000000000e+00 5.125102632416763448e+00
1.562945145416869082e+02 0.000000000000000000e+00 5.158006445595044731e+00
1.565870127403832726e+02 0.000000000000000000e+00 5.234945849182012445e+00
1.568726129235856206e+02 0.000000000000000000e+00 5.328412562766355443e+00
1.570907521908879119e+02 0.000000000000000000e+00 5.372727425057390427e+00
1.575553991633014448e+02 0.000000000000000000e+00 5.487586364829616592e+00
1.579526299033160797e+02 0.000000000000000000e+00 5.498762825561196443e+00
1.581164954730028001e+02 0.000000000000000000e+00 5.590760569044387118e+00
1.584751308388768791e+02 0.000000000000000000e+00 5.673905393857135770e+00
1.589125823153873114e+02 0.000000000000000000e+00 5.835860743868585665e+00
1.591823701246111114e+02 0.000000000000000000e+00 5.873540106235023650e+00
1.595606383038143008e+02 0.000000000000000000e+00 6.031876092651240029e+00
1.597247161201316032e+02 0.000000000000000000e+00 6.035534554310002520e+00
1.599500382602478794e+02 0.000000000000000000e+00 6.080245982673972094e+00
1.600919642308573145e+02 0.000000000000000000e+00 6.132190552790763860e+00
1.601881733943262986e+02 0.000000000000000000e+00 6.153253238157476268e+00
1.602353815133184867e+02 0.000000000000000000e+00 6.098784050224255182e+00
1.602776800326189459e+02 0.000000000000000000e+00 6.176929908342968290e+00
1.602578573144098755e+02 0.000000000000000000e+00 6.189988661561576677e+00
1.603535805448035774e+02 0.000000000000000000e+00 6.220580103554014251e+00
1.604752984020063025e+02 0.000000000000000000e+00 6.153716829482173800e+00
1.605027340717281845e+02 0.000000000000000000e+00 6.146405491602294546e+00
1.605828236621480585e+02 0.000000000000000000e+00 6.153582778978647028e+00
1.607257438406586232e+02 0.000000000000000000e+00 6.209174639878908053e+00
1.609803727721085522e+02 0.000000000000000000e+00 6.395856722353480350e+00
1.615152175248691719e+02 0.000000000000000000e+00 6.684165842814613789e+00
1.620161921837385535e+02 0.000000000000000000e+00 6.894675402291146504e+00
1.623652485240480985e+02 0.000000000000000000e+00 7.073755704128196875e+00
1.627548272144863972e+02 0.000000000000000000e+00 7.187056306796918648e+00
1.631394963052329956e+02 0.000000000000000000e+00 7.323530890262906823e+00
1.635659723967671368e+02 0.000000000000000000e+00 7.432988711830515349e+00
1.640462362528415952e+02 0.000000000000000000e+00 7.671570680920703822e+00
1.644318325262375993e+02 0.000000000000000000e+00 7.799069466088015545e+00
1.646947502471556106e+02 0.000000000000000000e+00 7.859866954875249334e+00
1.649729050419745704e+02 0.000000000000000000e+00 7.924847936460061248e+00
1.651520523690633695e+02 0.000000000000000000e+00 7.957762920513636651e+00
1.653843730625513047e+02 0.000000000000000000e+00 7.960337807268888177e+00
1.655931232091690504e+02 0.000000000000000000e+00 8.024022967319604405e+00
1.659010037031451645e+02 0.000000000000000000e+00 8.155716416159787485e+00
1.660924166513067064e+02 0.000000000000000000e+00 8.085261705680949262e+00
1.663725151784267950e+02 0.000000000000000000e+00 8.146651250858761628e+00
1.664931103626624633e+02 5.026893882270145122e-05 8.178242486190004712e+00
1.667232694917810250e+02 1.675631294090048487e-05 8.151868049621027623e+00
1.671807615185688007e+02 2.234175058786731316e-05 8.293157280338700588e+00
1.675772438099387216e+02 7.819612705753558929e-05 8.480275026949737338e+00
1.678677926908962945e+02 1.899048799968721551e-04 8.552310416282667305e+00
1.675473170350262819e+02 1.619776917620380035e-04 8.367717287488060762e+00
1.649593826974312663e+02 0.000000000000000000e+00 7.692309410903891198e+00
1.618271195339510768e+02 0.000000000000000000e+00 6.607533638298228595e+00
1.595686310650871178e+02 0.000000000000000000e+00 5.854046928847109754e+00
1.581053916229606102e+02 0.000000000000000000e+00 5.414612621971994777e+00
1.573576132307846933e+02 0.000000000000000000e+00 5.344789065947262330e+00
1.570696392365823897e+02 0.000000000000000000e+00 5.278165965694242345e+00
1.568965185967146567e+02 0.000000000000000000e+00 5.257309941520468044e+00
1.568742382859408906e+02 0.000000000000000000e+00 5.286454755162340646e+00
1.570317532130229949e+02 0.000000000000000000e+00 5.303680244865586424e+00
1.571852354541240118e+02 0.000000000000000000e+00 5.366248317386908440e+00
1.572924702715081366e+02 0.000000000000000000e+00 5.399794455894591394e+00
1.570895904198573589e+02 0.000000000000000000e+00 5.339304166177941013e+00
1.563353161636979962e+02 0.000000000000000000e+00 5.078447471751649012e+00
1.561580008601573866e+02 0.000000000000000000e+00 5.079849416601037504e+00
1.563446438445684521e+02 0.000000000000000000e+00 5.172238140719516153e+00
1.564027268106592601e+02 0.000000000000000000e+00 5.230343448560912378e+00
1.563412423130414481e+02 0.000000000000000000e+00 5.217340549718772813e+00
1.561914632171003632e+02 0.000000000000000000e+00 5.097281567497221388e+00
1.560537207392885364e+02 0.000000000000000000e+00 5.033065790870043799e+00
1.560167674838161815e+02 0.000000000000000000e+00 5.041661779408725508e+00
1.558873808207242178e+02 0.000000000000000000e+00 5.061166127671933523e+00
1.557585024324581013e+02 0.000000000000000000e+00 4.999307405731776122e+00
1.557454716064277136e+02 0.000000000000000000e+00 4.968090394722878500e+00
1.558243268151275913e+02 0.000000000000000000e+00 4.971251752431061988e+00
1.560346408842864889e+02 0.000000000000000000e+00 5.021263761122003011e+00
1.564816993135497114e+02 0.000000000000000000e+00 5.167713936225473148e+00
1.568729480498444389e+02 0.000000000000000000e+00 5.267749124482648426e+00
1.570957734993325516e+02 0.000000000000000000e+00 5.345297340773136341e+00
1.573025687427738433e+02 0.000000000000000000e+00 5.357529449219993190e+00
1.575231544317655050e+02 0.000000000000000000e+00 5.415372241491982486e+00
1.576413422923753274e+02 0.000000000000000000e+00 5.427850109195306416e+00
1.577189407776046153e+02 0.000000000000000000e+00 5.477247719745080623e+00
1.578278568117204941e+02 0.000000000000000000e+00 5.506347849885777634e+00
1.578293034400710440e+02 0.000000000000000000e+00 5.472164971486340512e+00
1.579614660656735623e+02 0.000000000000000000e+00 5.462909901305316396e+00
1.579736479051816218e+02 0.000000000000000000e+00 5.456844116020710622e+00
1.580811843361986746e+02 0.000000000000000000e+00 5.506548925641068237e+00
1.583771510916737952e+02 0.000000000000000000e+00 5.603607075632410783e+00
1.587223199673810541e+02 0.000000000000000000e+00 5.783061601791808393e+00
1.590134162212280273e+02 0.000000000000000000e+00 5.842060579656719099e+00
1.596043331825265170e+02 0.000000000000000000e+00 5.915648720655506843e+00
1.601244379653367673e+02 0.000000000000000000e+00 6.049174193043896253e+00
1.606966772231438085e+02 0.000000000000000000e+00 6.273697615576668163e+00
1.615032144193658326e+02 0.000000000000000000e+00 6.481168696973250931e+00
1.621463999061646462e+02 0.000000000000000000e+00 6.737551455844323023e+00
1.624595642241547750e+02 0.000000000000000000e+00 6.816909353932427251e+00
1.628693175153739219e+02 0.000000000000000000e+00 6.976680797823913593e+00
1.632836732072141501e+02 0.000000000000000000e+00 7.108726129235856561e+00
1.636723079586901122e+02 0.000000000000000000e+00 7.219044108201098098e+00
1.644597708853477229e+02 0.000000000000000000e+00 7.399559867513419320e+00
1.645688600680306308e+02 0.000000000000000000e+00 7.428040014075302899e+00
1.648084474158972625e+02 0.000000000000000000e+00 7.562917162374257707e+00
1.650240955780090246e+02 0.000000000000000000e+00 7.648379943810497572e+00
1.651749750051665160e+02 0.000000000000000000e+00 7.758552701396918216e+00
1.652308349670738323e+02 0.000000000000000000e+00 7.703619922138999598e+00
1.653293788434792759e+02 0.000000000000000000e+00 7.744924233538318603e+00
1.652521936806358553e+02 0.000000000000000000e+00 7.730664611225612326e+00
1.650621882627613388e+02 0.000000000000000000e+00 7.658768857833855748e+00
1.649460446723302880e+02 0.000000000000000000e+00 7.604193546585342744e+00
1.647590386344722049e+02 0.000000000000000000e+00 7.539296346565235396e+00
1.647093561666024470e+02 0.000000000000000000e+00 7.577763255639895945e+00
1.647241352346163126e+02 0.000000000000000000e+00 7.623407452090908976e+00
1.645554606031155629e+02 1.675631294090048487e-05 7.536118232544111173e+00
1.641950155554438595e+02 0.000000000000000000e+00 7.450823014237280439e+00
1.638059954087702579e+02 0.000000000000000000e+00 7.324391047660539833e+00
1.634751475951898101e+02 1.117087529393365658e-05 7.208191602853041502e+00
1.634520741522701996e+02 1.117087529393365658e-05 7.157224484324469671e+00
1.635426140965275295e+02 0.000000000000000000e+00 7.211274764434167039e+00
1.634615973234582782e+02 0.000000000000000000e+00 7.151868049621027623e+00
1.630831448248127344e+02 0.000000000000000000e+00 7.016359746867966152e+00
1.613576579142858805e+02 0.000000000000000000e+00 6.451917760016086412e+00
1.586940632383250431e+02 0.000000000000000000e+00 5.801180761518568652e+00
1.567942883314622122e+02 0.000000000000000000e+00 5.281310567089484209e+00
1.554834866535967421e+02 0.000000000000000000e+00 4.967269335388774465e+00
1.547990918078386073e+02 0.000000000000000000e+00 4.710679915324765155e+00
1.545200600993090916e+02 0.000000000000000000e+00 4.613303395387545969e+00
1.544622061361617966e+02 0.000000000000000000e+00 4.646910973709345249e+00
1.545877500181526614e+02 0.000000000000000000e+00 4.681842300753475961e+00
1.549707881611063556e+02 0.000000000000000000e+00 4.840876466875561945e+00
1.554375017454492536e+02 0.000000000000000000e+00 4.954836151186626125e+00
1.557655624256438500e+02 0.000000000000000000e+00 5.007791685517518410e+00
1.560265364142607325e+02 0.000000000000000000e+00 5.076034562688159113e+00
1.560723705155917571e+02 0.000000000000000000e+00 5.022755072973742685e+00
1.558202159330194263e+02 0.000000000000000000e+00 4.918145411283701307e+00
1.556161352122745711e+02 0.000000000000000000e+00 4.867507833576300236e+00
1.554161486173249216e+02 0.000000000000000000e+00 4.781050844238900588e+00
1.550869708496009309e+02 0.000000000000000000e+00 4.682026620195825828e+00
1.548170434044359638e+02 0.000000000000000000e+00 4.608952339460558711e+00
1.544627758508017905e+02 0.000000000000000000e+00 4.492741723777766261e+00
1.540912213676502631e+02 0.000000000000000000e+00 4.337768170825024860e+00
1.540285136591877517e+02 0.000000000000000000e+00 4.320760513190011309e+00
1.540136452241715403e+02 0.000000000000000000e+00 4.308237961985511788e+00
1.540276758435407203e+02 0.000000000000000000e+00 4.330697006763965184e+00
1.543677787273021806e+02 0.000000000000000000e+00 4.460050157230069701e+00
1.547557208845099126e+02 0.000000000000000000e+00 4.555158989482620768e+00
1.551000575300077742e+02 0.000000000000000000e+00 4.642515234281182401e+00
1.554466786195032171e+02 0.000000000000000000e+00 4.779218820690695146e+00
1.558147086914995327e+02 0.000000000000000000e+00 4.908990878980322492e+00
1.560170132430726539e+02 0.000000000000000000e+00 5.008473108910449056e+00
1.561641169143808270e+02 0.000000000000000000e+00 5.000569714639990337e+00
1.561626479442796835e+02 0.000000000000000000e+00 5.005177700698737908e+00
1.560794919485916239e+02 0.000000000000000000e+00 4.984232309522612425e+00
1.560100984712657066e+02 0.000000000000000000e+00 5.005166529823444677e+00
1.559136714757284778e+02 0.000000000000000000e+00 4.989275959717823561e+00
1.559772393415886143e+02 0.000000000000000000e+00 5.000424493261169445e+00
1.561466177382328908e+02 0.000000000000000000e+00 5.028290241681887096e+00
1.562175304545987728e+02 0.000000000000000000e+00 5.061953674380156087e+00
1.562658053921815053e+02 0.000000000000000000e+00 5.091439199718493569e+00
1.564248116311153467e+02 0.000000000000000000e+00 5.169897842345436700e+00
1.565638443450236537e+02 0.000000000000000000e+00 5.095410445885486972e+00
1.565510816200003319e+02 0.000000000000000000e+00 5.035690946564118420e+00
1.566121081117310894e+02 0.000000000000000000e+00 5.138317777889486848e+00
1.565359450839770545e+02 0.000000000000000000e+00 5.079882929226919863e+00
1.566976490892944014e+02 0.000000000000000000e+00 5.133642766578975447e+00
1.570753084557940440e+02 0.000000000000000000e+00 5.271418757016705925e+00
1.573459564224154690e+02 0.000000000000000000e+00 5.337963661142668848e+00
1.576454196618576020e+02 0.000000000000000000e+00 5.462664142048850202e+00
1.579872037623507879e+02 0.000000000000000000e+00 5.451152555058451199e+00
1.582425197026313128e+02 0.000000000000000000e+00 5.574518116367007892e+00
1.585374475667040883e+02 0.000000000000000000e+00 5.557152990722587838e+00
1.589180616297190056e+02 0.000000000000000000e+00 5.644704725838793458e+00
1.592101632623424337e+02 0.000000000000000000e+00 5.723386785971614543e+00
1.594947357250177333e+02 0.000000000000000000e+00 5.842702904986119883e+00
1.597528611404346464e+02 0.000000000000000000e+00 5.898389718326379594e+00
1.598687031172327409e+02 0.000000000000000000e+00 5.934499572714019955e+00
1.601674067371548915e+02 0.000000000000000000e+00 5.921597211749526579e+00
1.607782357836648259e+02 0.000000000000000000e+00 6.083457609320978676e+00
1.614785993956556354e+02 0.000000000000000000e+00 6.386322380290107681e+00
1.620713595513776397e+02 0.000000000000000000e+00 6.644296988890564748e+00
1.623299373872439730e+02 0.000000000000000000e+00 6.757430028429877389e+00
1.624403726603998166e+02 0.000000000000000000e+00 6.766020431530912482e+00
1.625473282059015787e+02 0.000000000000000000e+00 6.823159458659382892e+00
1.625825611465786267e+02 0.000000000000000000e+00 6.848467076637789752e+00
1.626423476711517822e+02 0.000000000000000000e+00 6.852069683920083421e+00
1.628534883850824144e+02 0.000000000000000000e+00 6.981177075129721743e+00
1.630826924043633426e+02 0.000000000000000000e+00 7.062562487083675400e+00
1.633251283254299437e+02 0.000000000000000000e+00 7.124376525522657211e+00
1.635248021358713686e+02 0.000000000000000000e+00 7.113099526913431170e+00
1.633627741751705003e+02 0.000000000000000000e+00 7.035975803884113589e+00
1.620448845769310253e+02 0.000000000000000000e+00 6.634220859375436596e+00
1.593596965990270178e+02 0.000000000000000000e+00 5.929377726391751757e+00
1.566728441607042157e+02 0.000000000000000000e+00 5.387679641638320582e+00
1.548413679853885014e+02 0.000000000000000000e+00 4.837832403357965383e+00
1.538170713316241915e+02 0.000000000000000000e+00 4.446226199053826988e+00
1.530840496657115466e+02 0.000000000000000000e+00 4.172690561168920453e+00
1.528260359590475730e+02 0.000000000000000000e+00 4.036869473907628070e+00
1.528053028145020278e+02 0.000000000000000000e+00 4.027117299776024062e+00
1.528605818908940535e+02 0.000000000000000000e+00 4.029809480721861625e+00
1.530388243770840688e+02 0.000000000000000000e+00 4.089836179113814474e+00
1.532826287303741708e+02 0.000000000000000000e+00 4.205828962728374698e+00
1.534404285147762721e+02 0.000000000000000000e+00 4.214050726944710057e+00
1.534626585566112169e+02 0.000000000000000000e+00 4.184470249166373002e+00
1.534690762244675568e+02 0.000000000000000000e+00 4.161128705239699244e+00
1.533778492713796595e+02 0.000000000000000000e+00 4.170797097806598686e+00
1.533920865519417873e+02 0.000000000000000000e+00 4.202243111759021765e+00
1.535469874942050978e+02 0.000000000000000000e+00 4.250931371727631358e+00
1.535369113646899848e+02 0.000000000000000000e+00 4.219747873344616096e+00
1.533346179839921319e+02 0.000000000000000000e+00 4.154035199428051328e+00
1.529810709518144165e+02 0.000000000000000000e+00 4.010238107206889779e+00
1.525248133067466370e+02 0.000000000000000000e+00 3.892720499114707966e+00
1.523310824019615950e+02 0.000000000000000000e+00 3.833939353318029042e+00
1.522960896351033568e+02 0.000000000000000000e+00 3.846880812346051393e+00
1.523815971000407785e+02 0.000000000000000000e+00 3.902601138312192575e+00
1.524250182923082946e+02 0.000000000000000000e+00 3.885872752559526688e+00
1.524601506951077283e+02 0.000000000000000000e+00 3.906348966973307135e+00
1.525502382189156378e+02 0.000000000000000000e+00 3.966772231438194130e+00
1.530721080000223537e+02 0.000000000000000000e+00 4.140674832576506148e+00
1.536218993839262339e+02 0.000000000000000000e+00 4.252176924322905727e+00
1.538087099314666659e+02 0.000000000000000000e+00 4.348285549914263193e+00
1.542580528047275266e+02 0.000000000000000000e+00 4.510637465998648565e+00
1.546036070756324250e+02 0.000000000000000000e+00 4.595374140540782193e+00
1.551590118243715040e+02 0.000000000000000000e+00 4.681501589057010193e+00
1.557769176203801464e+02 0.000000000000000000e+00 4.863938738919888038e+00
1.562928444958304794e+02 0.000000000000000000e+00 5.023570546870200104e+00
1.566865731664404677e+02 0.000000000000000000e+00 5.090964437518501917e+00
1.572629959170450888e+02 0.000000000000000000e+00 5.252696370024072969e+00
1.577552070242463742e+02 0.000000000000000000e+00 5.419712126543675623e+00
1.580763529326340233e+02 0.000000000000000000e+00 5.502823438730541916e+00
1.584689142467757961e+02 0.000000000000000000e+00 5.604204717460636864e+00
1.586998832643531898e+02 0.000000000000000000e+00 5.654741757290392634e+00
1.587517440529052521e+02 0.000000000000000000e+00 5.647648251478744719e+00
1.587797047537659694e+02 0.000000000000000000e+00 5.648547506939906704e+00
1.588380781626144369e+02 0.000000000000000000e+00 5.656154873015075246e+00
1.589276406552835397e+02 0.000000000000000000e+00 5.646743410579936118e+00
1.591542977149974547e+02 0.000000000000000000e+00 5.728011528343303738e+00
1.593128459480442700e+02 0.000000000000000000e+00 5.814541128370113832e+00
1.593073666337125758e+02 5.585437646966828290e-06 5.759010707283969133e+00
1.593823232069348705e+02 0.000000000000000000e+00 5.779369627507163543e+00
1.594920435440718904e+02 0.000000000000000000e+00 5.844082508084921024e+00
1.597115177309718206e+02 0.000000000000000000e+00 5.822304886699397386e+00
1.602053653714036727e+02 0.000000000000000000e+00 5.961806777370040500e+00
1.609162631187966781e+02 0.000000000000000000e+00 6.185079061869893202e+00
1.614692158604087524e+02 0.000000000000000000e+00 6.316509995140669353e+00
1.620552399783285011e+02 0.000000000000000000e+00 6.533280830219451829e+00
1.622877226495081970e+02 0.000000000000000000e+00 6.597675340851332670e+00
1.622832654702659170e+02 0.000000000000000000e+00 6.569295732167094393e+00
1.622079570144718730e+02 0.000000000000000000e+00 6.526650915732502334e+00
1.619409060696951030e+02 0.000000000000000000e+00 6.515887777386796920e+00
1.617368700324514066e+02 0.000000000000000000e+00 6.416768600903723474e+00
1.615138546780833053e+02 0.000000000000000000e+00 6.261348212939225277e+00
1.612707652608119986e+02 0.000000000000000000e+00 6.204438188754279437e+00
1.612167429078905343e+02 0.000000000000000000e+00 6.209537693325960284e+00
1.612651909940403243e+02 0.000000000000000000e+00 6.097862453012505846e+00
1.611844199802275455e+02 0.000000000000000000e+00 5.985405251428475459e+00
1.601027832235794790e+02 0.000000000000000000e+00 5.653161078436300890e+00
1.578161553198500826e+02 0.000000000000000000e+00 5.119081530633332378e+00
1.557030390366237214e+02 0.000000000000000000e+00 4.762903757323905474e+00
1.544721761423616329e+02 0.000000000000000000e+00 4.452375765903137328e+00
1.536167998793545451e+02 0.000000000000000000e+00 4.141836603607075951e+00
1.529030591441992328e+02 0.000000000000000000e+00 3.838469143249719551e+00
1.525402402855275739e+02 0.000000000000000000e+00 3.718354306651697527e+00
1.524479856119126282e+02 0.000000000000000000e+00 3.679261828560576930e+00
1.524008165909839931e+02 0.000000000000000000e+00 3.674720867753592746e+00
1.526148338053028226e+02 0.000000000000000000e+00 3.748174958248853716e+00
1.531488519132916792e+02 0.000000000000000000e+00 3.900199400123996796e+00
1.534428470092774148e+02 0.000000000000000000e+00 4.007629707825756782e+00
1.536150292956204453e+02 0.000000000000000000e+00 4.040377128749923052e+00
1.536063271837664956e+02 0.000000000000000000e+00 4.020822511547891942e+00
1.536304618598390164e+02 0.000000000000000000e+00 4.050855409775633298e+00
1.540070767494987081e+02 0.000000000000000000e+00 4.187240626239269403e+00
1.543390025525449971e+02 0.000000000000000000e+00 4.244960538883024270e+00
1.544570954607148110e+02 0.000000000000000000e+00 4.316381530074789197e+00
1.545224730083725717e+02 0.000000000000000000e+00 4.337008551305037152e+00
1.543822785234337118e+02 0.000000000000000000e+00 4.323748722331138161e+00
1.538398878444120612e+02 0.000000000000000000e+00 4.145751995397599643e+00
1.533242569971570219e+02 0.000000000000000000e+00 3.919374207566034052e+00
1.527637918419097787e+02 0.000000000000000000e+00 3.685847059546350835e+00
1.521255773946167551e+02 0.000000000000000000e+00 3.470930589766361152e+00
1.518266615280640224e+02 0.000000000000000000e+00 3.426381139094153649e+00
1.514367532968045680e+02 0.000000000000000000e+00 3.267782637108530785e+00
1.511780302395594333e+02 0.000000000000000000e+00 3.164803923211403358e+00
1.508268961164451980e+02 0.000000000000000000e+00 3.055446639521439689e+00
1.506674542133748957e+02 0.000000000000000000e+00 3.040460910314627618e+00
1.507660036752179735e+02 0.000000000000000000e+00 3.116836184699252055e+00
1.511904466674486400e+02 0.000000000000000000e+00 3.335182113194479214e+00
1.517599993297474725e+02 0.000000000000000000e+00 3.471109323771063959e+00
1.525532208426191119e+02 0.000000000000000000e+00 3.809983411250188468e+00
1.540843233521562468e+02 0.000000000000000000e+00 4.252361243765255594e+00
1.559558806280266197e+02 0.000000000000000000e+00 4.695699771555600144e+00
1.575281533984595228e+02 0.000000000000000000e+00 5.210772075045940532e+00
1.586172746415545305e+02 0.000000000000000000e+00 5.489161458246060832e+00
1.592182342197422997e+02 0.000000000000000000e+00 5.694683221903852122e+00
1.596941637762026858e+02 0.000000000000000000e+00 5.739282941514882275e+00
1.601214665125085901e+02 0.000000000000000000e+00 5.797298882353926430e+00
1.602927327870775400e+02 0.000000000000000000e+00 5.884336757206610535e+00
1.603469282885660618e+02 0.000000000000000000e+00 5.792685310857532244e+00
1.603492183180013058e+02 0.000000000000000000e+00 5.822952797466445674e+00
1.602615157760686202e+02 0.000000000000000000e+00 5.909320419801493252e+00
1.601489915492328464e+02 0.000000000000000000e+00 5.948798293090255207e+00
1.600784083736881200e+02 0.000000000000000000e+00 5.891307383390025798e+00
1.600368918156582083e+02 0.000000000000000000e+00 5.847467283298982466e+00
1.600336578472606277e+02 0.000000000000000000e+00 5.866552723738668540e+00
1.601760865072582760e+02 0.000000000000000000e+00 5.914676854504934411e+00
1.603744030563514684e+02 0.000000000000000000e+00 6.011690320995101366e+00
1.608329172182286300e+02 0.000000000000000000e+00 6.102219094377139719e+00
1.615406815351016689e+02 0.000000000000000000e+00 6.302591084524427956e+00
1.621738299904488940e+02 0.000000000000000000e+00 6.505459765299909769e+00
1.626001329334160062e+02 0.000000000000000000e+00 6.700397124616699784e+00
1.628509079128895110e+02 0.000000000000000000e+00 6.792361355474008100e+00
1.628229639683417531e+02 0.000000000000000000e+00 6.746577523081820793e+00
1.628554041901953156e+02 0.000000000000000000e+00 6.755598004881672836e+00
1.629822718209085224e+02 0.000000000000000000e+00 6.803610426894999286e+00
1.631358601853248160e+02 0.000000000000000000e+00 6.804593463920865837e+00
1.631762987538888581e+02 0.000000000000000000e+00 6.796606288085702552e+00
1.617965001647704071e+02 0.000000000000000000e+00 6.355730938297670107e+00
1.581998302026955230e+02 0.000000000000000000e+00 5.362723906231672721e+00
1.557305975859738396e+02 0.000000000000000000e+00 4.737205158710210640e+00
1.543716606064668326e+02 0.000000000000000000e+00 4.394097309494685355e+00
1.533809268475231420e+02 0.000000000000000000e+00 4.015119779710339287e+00
1.530871551690432568e+02 0.000000000000000000e+00 3.958433173031272734e+00
1.531635639560537641e+02 0.000000000000000000e+00 3.973714930433374093e+00
1.533460625457307742e+02 0.000000000000000000e+00 4.065796455481269334e+00
1.536688729145372179e+02 0.000000000000000000e+00 4.144802470997615451e+00
1.539484687522690933e+02 0.000000000000000000e+00 4.225875098443338196e+00
1.541270016812167398e+02 0.000000000000000000e+00 4.273172584437853416e+00
1.544892619961237017e+02 0.000000000000000000e+00 4.476907008048615744e+00
1.548731602964750209e+02 0.000000000000000000e+00 4.583856968112736574e+00
1.554012745968710476e+02 0.000000000000000000e+00 4.712383473807090439e+00
1.558560018320235372e+02 0.000000000000000000e+00 4.893390751632344049e+00
1.560405558627546156e+02 0.000000000000000000e+00 4.938498746069248213e+00
1.559951797673106739e+02 0.000000000000000000e+00 4.955026056066623497e+00
1.559663365673017381e+02 0.000000000000000000e+00 4.962275954132386424e+00
1.557020727559107911e+02 0.000000000000000000e+00 4.868127817155112780e+00
1.553744924233538427e+02 0.000000000000000000e+00 4.757474711931052980e+00
1.552087278048671521e+02 0.000000000000000000e+00 4.710199567687125999e+00
1.550071661165010539e+02 0.000000000000000000e+00 4.635209481838949763e+00
1.550562397716673217e+02 0.000000000000000000e+00 4.636684037377748702e+00
1.552945648106257295e+02 0.000000000000000000e+00 4.728279629350358171e+00
1.555024492144081876e+02 0.000000000000000000e+00 4.786854113954098544e+00
1.556991683283343662e+02 0.000000000000000000e+00 4.835877500181526401e+00
1.558370951255885757e+02 0.000000000000000000e+00 4.910917854968525731e+00
1.559836625948826168e+02 0.000000000000000000e+00 4.960376905332417152e+00
1.562314214380267856e+02 0.000000000000000000e+00 4.996296854840061030e+00
1.566196149399286242e+02 0.000000000000000000e+00 5.066243290493027018e+00
1.568521199528589136e+02 0.000000000000000000e+00 5.171221591067768131e+00
1.572093086903824428e+02 0.000000000000000000e+00 5.234728017113781107e+00
1.578153789440171693e+02 0.000000000000000000e+00 5.338030686394432678e+00
1.582883147058987845e+02 0.000000000000000000e+00 5.441573529493903827e+00
1.584494657528890684e+02 0.000000000000000000e+00 5.417355071856655435e+00
1.585029072202952420e+02 0.000000000000000000e+00 5.452012712456084209e+00
1.584066142752615463e+02 0.000000000000000000e+00 5.402067729016907016e+00
1.583218552589688102e+02 0.000000000000000000e+00 5.385702396711294249e+00
1.583400693711355700e+02 0.000000000000000000e+00 5.406614275261538261e+00
1.582556622374146116e+02 0.000000000000000000e+00 5.407893340482693212e+00
1.581284538950049523e+02 0.000000000000000000e+00 5.320922490881772937e+00
1.580330881326206338e+02 0.000000000000000000e+00 5.297329602260985482e+00
1.578745845830750056e+02 0.000000000000000000e+00 5.381781419483123940e+00
1.578607103559599523e+02 0.000000000000000000e+00 5.423175097884795015e+00
1.578797008439596254e+02 0.000000000000000000e+00 5.489094432994297001e+00
1.579331981657422830e+02 0.000000000000000000e+00 5.451839563889028462e+00
1.580064064969810715e+02 0.000000000000000000e+00 5.511084301010405362e+00
1.579723353273345765e+02 0.000000000000000000e+00 5.520462250819663019e+00
1.579824617257885109e+02 0.000000000000000000e+00 5.517680702871473386e+00
1.581675128604701683e+02 0.000000000000000000e+00 5.579824282131626845e+00
1.584847880605684907e+02 0.000000000000000000e+00 5.672179493624223134e+00
1.587582455023263321e+02 0.000000000000000000e+00 5.667102330803129639e+00
1.590919809871702455e+02 0.000000000000000000e+00 5.738528907432542070e+00
1.591835654082675546e+02 0.000000000000000000e+00 5.727581449644486788e+00
1.587951373179845405e+02 0.000000000000000000e+00 5.655791819568022127e+00
1.572636047297486073e+02 0.000000000000000000e+00 5.291548674296374877e+00
1.551949317738791478e+02 0.000000000000000000e+00 4.873227321726793626e+00
1.538895032870300668e+02 0.000000000000000000e+00 4.406519322821539575e+00
1.532144975619564775e+02 0.000000000000000000e+00 4.122304328155632192e+00
1.526273340147567126e+02 0.000000000000000000e+00 3.963493579539424605e+00
1.523211961773264704e+02 0.000000000000000000e+00 3.895809246133481007e+00
1.523119131799572017e+02 0.000000000000000000e+00 3.842166702972011461e+00
1.523889866340477113e+02 0.000000000000000000e+00 3.887531627540675938e+00
1.524888877718013589e+02 0.000000000000000000e+00 3.905125756128621450e+00
1.526124879214910948e+02 0.000000000000000000e+00 3.972938554600445649e+00
1.527087250121483351e+02 0.000000000000000000e+00 3.971408144685177000e+00
1.527230404888375119e+02 0.000000000000000000e+00 3.979166317576813938e+00
1.528717918642515201e+02 0.000000000000000000e+00 3.985327055301417953e+00
1.530498779581874089e+02 0.000000000000000000e+00 4.129029195082580372e+00
1.532142127046364806e+02 0.000000000000000000e+00 4.214235046387059924e+00
1.532756022498142841e+02 0.000000000000000000e+00 4.181811580846416909e+00
1.530892385372855813e+02 0.000000000000000000e+00 4.138066433195373151e+00
1.526990007652049712e+02 0.000000000000000000e+00 4.032926154928869522e+00
1.525325100398241602e+02 0.000000000000000000e+00 3.886760837145394554e+00
1.525079006015516256e+02 0.000000000000000000e+00 3.799996648737411942e+00
1.525684076475812390e+02 0.000000000000000000e+00 3.805045884370269693e+00
1.527230349033998493e+02 0.000000000000000000e+00 3.902198986801610925e+00
1.529122807017543835e+02 0.000000000000000000e+00 4.003239553835240550e+00
1.531396471120494596e+02 0.000000000000000000e+00 4.048191156018029702e+00
1.537759904377307407e+02 0.000000000000000000e+00 4.171489692074822564e+00
1.546882041142333719e+02 0.000000000000000000e+00 4.405608896485084358e+00
1.550575411786390418e+02 0.000000000000000000e+00 4.594938476404318628e+00
1.553316465311639547e+02 0.000000000000000000e+00 4.681618883247597118e+00
1.555878896540938570e+02 0.000000000000000000e+00 4.778174343850712269e+00
1.559138725514837631e+02 0.000000000000000000e+00 4.826130911487569897e+00
1.567415841418254274e+02 0.000000000000000000e+00 5.078017393052832951e+00
1.570878924468126741e+02 0.000000000000000000e+00 5.196529209046174991e+00
1.573557141819847232e+02 0.000000000000000000e+00 5.252768980713483415e+00
1.573044454498232199e+02 0.000000000000000000e+00 5.268676307132045267e+00
1.571265939442685067e+02 0.000000000000000000e+00 5.195814273027362873e+00
1.573254634516887620e+02 0.000000000000000000e+00 5.334930768500365517e+00
1.577399867066584136e+02 0.000000000000000000e+00 5.531258901791249905e+00
1.578785279020537757e+02 0.000000000000000000e+00 5.553399576623826661e+00
1.578376704256662038e+02 0.000000000000000000e+00 5.481945072806179375e+00
1.576076174198629474e+02 0.000000000000000000e+00 5.454632282712512215e+00
1.572771829286683669e+02 0.000000000000000000e+00 5.347503588643688133e+00
1.572509257862899972e+02 0.000000000000000000e+00 5.373632265956199028e+00
1.573476543954601539e+02 0.000000000000000000e+00 5.444366248317386692e+00
1.575165971279679695e+02 0.000000000000000000e+00 5.460245647547713688e+00
1.577620715271145002e+02 0.000000000000000000e+00 5.560789110630763865e+00
1.579384652334433667e+02 0.000000000000000000e+00 5.622323877187397123e+00
1.581403676335059174e+02 0.000000000000000000e+00 5.661304646525578299e+00
1.584588157755100895e+02 0.000000000000000000e+00 5.774141657869602540e+00
1.588060009942078921e+02 0.000000000000000000e+00 5.804146628909108152e+00
1.588964571569005386e+02 0.000000000000000000e+00 5.809782335494897865e+00
1.590663103157448006e+02 0.000000000000000000e+00 5.847199182291928921e+00
1.592455079117724210e+02 0.000000000000000000e+00 5.918206851097817633e+00
1.595173008931114680e+02 0.000000000000000000e+00 5.976496478381563726e+00
1.599496305232996463e+02 0.000000000000000000e+00 6.101883968118322343e+00
1.600572060523802236e+02 0.000000000000000000e+00 6.058652680730798323e+00
1.601417472366047150e+02 0.000000000000000000e+00 6.115054430089869264e+00
1.603334059440227577e+02 0.000000000000000000e+00 6.143037472701173840e+00
1.606436546635611649e+02 0.000000000000000000e+00 6.210018040963599439e+00
1.609897842345436914e+02 0.000000000000000000e+00 6.334132050916849721e+00
1.613204588995570816e+02 0.000000000000000000e+00 6.386110133659522958e+00
1.612710389472566987e+02 0.000000000000000000e+00 6.393533180292341633e+00
1.603853616850148285e+02 0.000000000000000000e+00 6.137479962242441189e+00
1.582644034473321142e+02 0.000000000000000000e+00 5.560543351374296783e+00
1.559072426369968127e+02 0.000000000000000000e+00 5.034780520227662315e+00
1.541153560437228123e+02 0.000000000000000000e+00 4.480995548406195184e+00
1.526892876891368758e+02 0.000000000000000000e+00 3.995045716807140490e+00
1.516905835106709901e+02 0.000000000000000000e+00 3.765143517820338737e+00
1.511193663879533347e+02 0.000000000000000000e+00 3.565101068494221703e+00
1.508258125415416941e+02 0.000000000000000000e+00 3.553047694052067662e+00
1.505389500494311221e+02 0.000000000000000000e+00 3.480984377530901508e+00
1.505538240698849961e+02 0.000000000000000000e+00 3.490133324396633263e+00
1.505631014818166022e+02 0.000000000000000000e+00 3.557918195680222606e+00
1.504219407161648121e+02 0.000000000000000000e+00 3.567592173684769108e+00
1.501013924496053846e+02 0.000000000000000000e+00 3.375866441014985675e+00
1.497520735937264362e+02 0.000000000000000000e+00 3.383121924518395662e+00
1.494806883493356224e+02 0.000000000000000000e+00 3.304691209079687386e+00
1.493453476097119506e+02 0.000000000000000000e+00 3.257656238654579983e+00
1.493355284103285783e+02 0.000000000000000000e+00 3.208861855370677585e+00
1.491520802962516257e+02 0.000000000000000000e+00 3.117327703212185330e+00
1.489287130593117752e+02 0.000000000000000000e+00 3.043817758340454649e+00
1.486703251283254303e+02 0.000000000000000000e+00 3.004138809296402535e+00
1.484439696822444432e+02 0.000000000000000000e+00 2.957388696191289856e+00
1.483593112038293782e+02 0.000000000000000000e+00 2.900495428319286084e+00
1.482708993113155316e+02 0.000000000000000000e+00 2.898400889201673269e+00
1.481027608818288854e+02 0.000000000000000000e+00 2.826538648435798162e+00
1.480679133363494770e+02 0.000000000000000000e+00 2.807838603193753446e+00
1.481230136787368110e+02 0.000000000000000000e+00 2.840206214357925862e+00
1.480672710110200683e+02 0.000000000000000000e+00 2.772789981959036254e+00
1.482063875064930585e+02 0.000000000000000000e+00 2.843596575009634808e+00
1.483901986740171139e+02 0.000000000000000000e+00 2.913157615464959882e+00
1.486378513938459776e+02 0.000000000000000000e+00 2.950233750565525614e+00
1.487749459608907614e+02 0.000000000000000000e+00 3.011081508291582054e+00
1.488834765998089722e+02 0.000000000000000000e+00 3.040265419996984075e+00
1.489610136452241704e+02 0.000000000000000000e+00 3.174170702145366452e+00
1.489808866323720906e+02 0.000000000000000000e+00 3.227863514245658649e+00
1.489160173595402057e+02 0.000000000000000000e+00 3.187665119500438404e+00
1.488600568597552467e+02 0.000000000000000000e+00 3.186564788283985816e+00
1.488859900467501234e+02 0.000000000000000000e+00 3.212665538408261856e+00
1.488295380284522196e+02 0.000000000000000000e+00 3.218345928495227160e+00
1.488065427816596582e+02 0.000000000000000000e+00 3.234767115177309638e+00
1.489570535699324694e+02 0.000000000000000000e+00 3.254310561504046628e+00
1.489245016393259391e+02 0.000000000000000000e+00 3.211096030429464232e+00
1.488234219742287792e+02 0.000000000000000000e+00 3.218027558549350076e+00
1.489652697487111652e+02 0.000000000000000000e+00 3.219412747085797832e+00
1.492982176868468400e+02 0.000000000000000000e+00 3.379860028932566873e+00
1.496809039472287850e+02 0.000000000000000000e+00 3.475477136010991952e+00
1.501942280087356210e+02 0.000000000000000000e+00 3.664287270229058979e+00
1.505963348358160658e+02 0.000000000000000000e+00 3.736925886827862531e+00
1.510934555427090515e+02 0.000000000000000000e+00 3.835218418539184437e+00
1.519208711048554221e+02 0.000000000000000000e+00 4.024520071270184296e+00
1.526417500293235605e+02 0.000000000000000000e+00 4.206108234610723251e+00
1.534021179979557417e+02 0.000000000000000000e+00 4.469930796427553865e+00
1.541189251383792111e+02 0.000000000000000000e+00 4.615515228695744376e+00
1.544361668258516431e+02 0.000000000000000000e+00 4.669135430106625684e+00
1.547116350251623942e+02 0.000000000000000000e+00 4.705429603936616800e+00
1.551728413679853986e+02 0.000000000000000000e+00 4.836921977021509278e+00
1.554948530192083069e+02 0.000000000000000000e+00 4.885733116618352412e+00
1.558052022766243851e+02 0.000000000000000000e+00 5.071873411641169227e+00
1.560842116434033073e+02 0.000000000000000000e+00 5.102934030395951837e+00
1.561482151733999046e+02 0.000000000000000000e+00 5.156213520110368265e+00
1.562471723721912156e+02 0.000000000000000000e+00 5.196719113926171474e+00
1.564115685584544053e+02 0.000000000000000000e+00 5.277216441294257265e+00
1.564183381088825229e+02 0.000000000000000000e+00 5.279439445477750681e+00
1.564883627406625521e+02 0.000000000000000000e+00 5.217150644838776330e+00
1.565185296893938016e+02 0.000000000000000000e+00 5.156777649312711986e+00
1.565228472326949145e+02 0.000000000000000000e+00 5.109083597245262176e+00
1.565401900165887525e+02 0.000000000000000000e+00 5.130827706004904343e+00
1.564886029144813619e+02 0.000000000000000000e+00 5.118729648061574267e+00
1.563802845221937332e+02 0.000000000000000000e+00 5.023112540983148300e+00
1.562622083703368503e+02 0.000000000000000000e+00 4.992141289230717760e+00
1.560712645989376597e+02 0.000000000000000000e+00 4.866100303289264239e+00
1.558719259147550531e+02 0.000000000000000000e+00 4.751833419907616651e+00
1.558867440808324432e+02 0.000000000000000000e+00 4.733211570792629885e+00
1.558011584197679724e+02 0.000000000000000000e+00 4.675597781464166935e+00
1.558531979423247833e+02 0.000000000000000000e+00 4.721694398364584266e+00
1.563070706055172820e+02 0.000000000000000000e+00 4.846059753011947357e+00
1.569887732703296024e+02 0.000000000000000000e+00 5.037455944860559143e+00
1.569409339968833308e+02 0.000000000000000000e+00 5.035774728128822098e+00
1.555227578656925687e+02 0.000000000000000000e+00 4.761596764914514779e+00
1.535110954718857101e+02 0.000000000000000000e+00 4.235688712389059418e+00
1.520341549512112067e+02 0.000000000000000000e+00 3.970844015482833278e+00
1.512148717862788203e+02 0.000000000000000000e+00 3.752749431681719372e+00
1.505228416472572803e+02 0.000000000000000000e+00 3.467785988371118844e+00
1.499583270497159901e+02 0.000000000000000000e+00 3.283801672280031614e+00
1.498271921446404917e+02 0.000000000000000000e+00 3.235336829817300419e+00
1.495166641532197218e+02 0.000000000000000000e+00 3.108111731094689745e+00
1.491800856806135016e+02 0.000000000000000000e+00 2.942274501918597629e+00
1.490893390751632239e+02 0.000000000000000000e+00 2.903232292766299683e+00
1.490354675290582520e+02 0.000000000000000000e+00 2.899177265034601714e+00
1.491390047867200508e+02 0.000000000000000000e+00 2.889799315225344500e+00
1.491986181627261487e+02 0.000000000000000000e+00 3.087512637052676201e+00
1.488865206633265643e+02 0.000000000000000000e+00 2.978194451426241507e+00
1.485104475611186388e+02 0.000000000000000000e+00 2.831297441311014129e+00
1.484786887626580096e+02 0.000000000000000000e+00 2.821405631238235845e+00
1.484208347995107147e+02 0.000000000000000000e+00 2.815529750833626554e+00
1.482167931768293840e+02 0.000000000000000000e+00 2.798119941688030909e+00
1.475154018443114978e+02 0.000000000000000000e+00 2.715248803319984194e+00
1.465717142266682345e+02 0.000000000000000000e+00 2.544596926892206845e+00
1.462058624753542517e+02 0.000000000000000000e+00 2.435239643202243176e+00
1.460862838407703350e+02 0.000000000000000000e+00 2.469098566218156154e+00
1.460254304976066351e+02 0.000000000000000000e+00 2.413568145132011900e+00
1.461211928260638899e+02 0.000000000000000000e+00 2.427905963571775683e+00
1.462642638113909470e+02 0.000000000000000000e+00 2.439518088439819543e+00
1.463470623390695664e+02 0.000000000000000000e+00 2.445153795025609256e+00
1.464770857420533048e+02 0.000000000000000000e+00 2.491133117735440106e+00
1.465818908940609901e+02 0.000000000000000000e+00 2.474114289225132435e+00
1.467063176885224891e+02 0.000000000000000000e+00 2.555064037042622527e+00
1.471268508744002759e+02 0.000000000000000000e+00 2.620290777883901079e+00
1.474056200673603882e+02 0.000000000000000000e+00 2.546507146567469348e+00
1.474318883806140548e+02 0.000000000000000000e+00 2.503147394114065616e+00
1.474690203700911013e+02 0.000000000000000000e+00 2.479023888916815910e+00
1.475457866251110204e+02 0.000000000000000000e+00 2.490144495271926939e+00
1.478086261499019827e+02 0.000000000000000000e+00 2.479716483185039788e+00
1.483621597770293192e+02 0.000000000000000000e+00 2.649329468210481764e+00
1.489294112390176394e+02 0.000000000000000000e+00 2.818836329920630934e+00
1.491278953512402552e+02 0.000000000000000000e+00 2.880248216849031095e+00
1.492734741980708009e+02 0.000000000000000000e+00 2.910387238392064368e+00
1.496167719521663173e+02 0.000000000000000000e+00 3.052693018761484911e+00
1.500682093645447708e+02 0.000000000000000000e+00 3.218362684808168339e+00
1.507968241201539286e+02 0.000000000000000000e+00 3.411719365270865723e+00
1.512193624781469623e+02 0.000000000000000000e+00 3.599697269279534595e+00
1.515304490133324293e+02 0.000000000000000000e+00 3.686260381932226160e+00
1.521813815021475875e+02 0.000000000000000000e+00 3.880086239157269024e+00
1.527234593966610134e+02 0.000000000000000000e+00 4.063210397850723687e+00
1.529488038785279116e+02 0.000000000000000000e+00 4.186112367834581960e+00
1.532305612806291322e+02 0.000000000000000000e+00 4.278981439590698876e+00
1.535990437730748397e+02 0.000000000000000000e+00 4.358222043488217956e+00
1.538967475996581697e+02 0.000000000000000000e+00 4.465914866759384871e+00
1.543845853091819151e+02 0.000000000000000000e+00 4.593514189804341896e+00
1.546920636516474303e+02 0.000000000000000000e+00 4.673480900595966325e+00
1.548926478884253015e+02 0.000000000000000000e+00 4.714366304171763389e+00
1.551528231594586487e+02 0.000000000000000000e+00 4.775794947413104730e+00
1.552910236431575584e+02 0.000000000000000000e+00 4.787909761669375541e+00
1.554255544943223981e+02 0.000000000000000000e+00 4.751302803331155289e+00
1.557528946530605367e+02 0.000000000000000000e+00 4.818629668727693272e+00
1.559429000709350532e+02 0.000000000000000000e+00 4.805984237894960209e+00
1.559799538642850223e+02 0.000000000000000000e+00 4.842814613739059304e+00
1.559567742980501350e+02 0.000000000000000000e+00 4.840250897859101897e+00
1.556544345582198048e+02 0.000000000000000000e+00 4.882672296787815114e+00
1.551567273803738942e+02 0.000000000000000000e+00 4.747566145545333960e+00
1.545336829817300384e+02 0.000000000000000000e+00 4.688723559934538265e+00
1.540427788669381073e+02 0.000000000000000000e+00 4.474913006808648674e+00
1.536024508900394778e+02 0.000000000000000000e+00 4.326172802269922180e+00
1.531021576545630296e+02 0.000000000000000000e+00 4.241559007356021205e+00
1.524848662566955397e+02 0.000000000000000000e+00 4.060233359584890067e+00
1.521090054011181962e+02 0.000000000000000000e+00 3.959142523612437792e+00
1.518852415981054094e+02 0.000000000000000000e+00 3.841870674776722172e+00
1.515283991577159952e+02 0.000000000000000000e+00 3.802068846104436517e+00
1.505260812010925235e+02 0.000000000000000000e+00 3.462384870166502093e+00
1.484850282343873005e+02 0.000000000000000000e+00 2.830347916911029493e+00
1.461931891173332758e+02 0.000000000000000000e+00 2.192021760865072721e+00
1.449203404882789528e+02 0.000000000000000000e+00 1.877293520333785715e+00
1.437026983249272405e+02 0.000000000000000000e+00 1.734445952512609024e+00
1.428603696442634714e+02 0.000000000000000000e+00 1.705273211682501344e+00
1.425966811329501809e+02 0.000000000000000000e+00 1.702413467607254427e+00
1.425005725073588110e+02 0.000000000000000000e+00 1.744555594653619091e+00
1.423992414975675445e+02 0.000000000000000000e+00 1.752872311309952691e+00
1.423562280422482615e+02 0.000000000000000000e+00 1.720482358395192035e+00
1.424081614414897388e+02 0.000000000000000000e+00 1.760608142451001834e+00
1.423660248998810403e+02 0.000000000000000000e+00 1.760407066695711009e+00
1.425599121969201803e+02 0.000000000000000000e+00 1.758027670258103026e+00
1.426170121259851271e+02 0.000000000000000000e+00 1.766763294737959233e+00
1.424192150225931073e+02 0.000000000000000000e+00 1.775621798846048538e+00
1.423751068214949953e+02 0.000000000000000000e+00 1.773287085909616367e+00
1.424846707663778886e+02 0.000000000000000000e+00 1.796539262833939388e+00
1.426051486564229833e+02 0.000000000000000000e+00 1.832883705602752489e+00
1.427405955193619320e+02 0.000000000000000000e+00 1.942017571786837316e+00
1.428971776783569965e+02 0.000000000000000000e+00 1.946960684104402928e+00
1.429724973050263372e+02 0.000000000000000000e+00 1.862676430011673601e+00
1.428308617771745617e+02 0.000000000000000000e+00 1.720002010757552879e+00
1.424177013689907767e+02 0.000000000000000000e+00 1.548590514809787821e+00
1.420496098571803714e+02 0.000000000000000000e+00 1.461111390382993536e+00
1.420061998357881237e+02 0.000000000000000000e+00 1.452442791154900936e+00
1.419628791813982502e+02 0.000000000000000000e+00 1.384121717857202727e+00
1.421321235275389938e+02 0.000000000000000000e+00 1.429698889056451927e+00
1.426721571518736482e+02 0.000000000000000000e+00 1.469422521601680076e+00
1.432039187430531229e+02 0.000000000000000000e+00 1.568133961136524812e+00
1.436349804788954145e+02 0.000000000000000000e+00 1.589598798013818426e+00
1.441583750844797578e+02 0.000000000000000000e+00 1.634204103062495417e+00
1.446343046409401438e+02 0.000000000000000000e+00 1.690460631042745465e+00
1.451878103408792526e+02 0.000000000000000000e+00 1.840245312421454837e+00
1.456268201544932026e+02 0.000000000000000000e+00 1.871049001044476912e+00
1.457877812966034980e+02 0.000000000000000000e+00 1.889648508408876326e+00
1.462611471371839400e+02 0.000000000000000000e+00 1.955958824153666509e+00
1.469091361003591487e+02 0.000000000000000000e+00 2.163977278439652263e+00
1.473473471963895634e+02 0.000000000000000000e+00 2.259633483581605873e+00
1.477385903472466566e+02 0.000000000000000000e+00 2.373850098024430810e+00
1.480441975681004578e+02 0.000000000000000000e+00 2.475974239961572287e+00
1.481567664784374188e+02 0.000000000000000000e+00 2.536252283047638389e+00
1.484545261593972327e+02 0.000000000000000000e+00 2.630059708328446266e+00
1.489856174980590708e+02 0.000000000000000000e+00 2.809642699553723588e+00
1.492351469249373110e+02 0.000000000000000000e+00 2.902405647994548588e+00
1.497191362679222664e+02 0.000000000000000000e+00 3.066489049749493212e+00
1.506219384819897584e+02 0.000000000000000000e+00 3.416695990214313028e+00
1.513078804939761142e+02 0.000000000000000000e+00 3.666588470539609013e+00
1.519605053703982946e+02 0.000000000000000000e+00 3.883141473550160150e+00
1.520995213279936422e+02 0.000000000000000000e+00 3.976753408513324040e+00
1.519127442930790721e+02 0.000000000000000000e+00 3.916358071236671901e+00
1.519860810893837595e+02 0.000000000000000000e+00 3.942201891229187183e+00
1.522078620620318645e+02 0.000000000000000000e+00 3.948513435770259594e+00
1.523620704100269734e+02 0.000000000000000000e+00 3.947753816250272330e+00
1.525161447075185492e+02 0.000000000000000000e+00 3.987198176913151926e+00
1.524606924825594660e+02 0.000000000000000000e+00 3.926557080380033149e+00
1.522112021537447504e+02 0.000000000000000000e+00 3.801672280031501927e+00
1.521464557605411301e+02 0.000000000000000000e+00 3.826812334880499655e+00
1.522237638030127869e+02 0.000000000000000000e+00 3.919921580455436594e+00
1.522296731960432794e+02 0.000000000000000000e+00 3.915028737076693854e+00
1.530701419259706029e+02 0.000000000000000000e+00 4.094963610873730175e+00
1.546574395236738724e+02 0.000000000000000000e+00 4.421745225847171668e+00
1.554937303462412785e+02 0.000000000000000000e+00 4.666599641414903132e+00
1.569751168752827652e+02 0.000000000000000000e+00 4.942950339873880772e+00
1.573559990393047201e+02 0.000000000000000000e+00 4.997536821997687895e+00
1.581936862212838548e+02 0.000000000000000000e+00 5.252288633075844260e+00
1.598971944346699274e+02 0.000000000000000000e+00 5.796919072593933464e+00
1.614320056748046568e+02 0.000000000000000000e+00 6.260152929282774004e+00
1.624884744494154916e+02 0.000000000000000000e+00 6.690628194172154153e+00
1.632667046476426549e+02 0.000000000000000000e+00 6.984483654216726123e+00
1.634143165937767037e+02 0.000000000000000000e+00 6.995285890625959624e+00
1.627171646084328813e+02 0.000000000000000000e+00 6.813440797153661244e+00
1.604141043471461217e+02 0.000000000000000000e+00 6.060233359584890067e+00
1.578142171729865879e+02 0.000000000000000000e+00 5.411440093388517170e+00
1.554159251998190427e+02 0.000000000000000000e+00 4.733373548484391513e+00
1.540920647687349572e+02 0.000000000000000000e+00 4.339845953629696496e+00
1.534674508621122868e+02 0.000000000000000000e+00 4.289269815736411751e+00
1.536349693080201178e+02 0.000000000000000000e+00 4.337907806766199137e+00
1.542914090383551979e+02 0.000000000000000000e+00 4.493395219982462052e+00
1.547216720566139827e+02 0.000000000000000000e+00 4.654512754346867176e+00
1.549502560923161241e+02 0.000000000000000000e+00 4.705909951574255956e+00
1.551631115356043722e+02 0.000000000000000000e+00 4.715008629501164172e+00
1.552927327870775400e+02 0.000000000000000000e+00 4.699665432284946931e+00
1.555616716097789833e+02 0.000000000000000000e+00 4.815485067332450519e+00
1.566167663667286547e+02 0.000000000000000000e+00 5.088478917765601572e+00
1.576847802409557744e+02 0.000000000000000000e+00 5.435479817021062310e+00
1.576170344677357207e+02 0.000000000000000000e+00 5.375765903137340374e+00
1.570964325809748914e+02 0.000000000000000000e+00 5.189491557610996786e+00
1.561109938169205122e+02 0.000000000000000000e+00 4.857420533185877964e+00
1.555900679747761615e+02 0.000000000000000000e+00 4.731290180242073262e+00
1.552104369487871338e+02 0.000000000000000000e+00 4.576109966096393755e+00
1.544975061020906253e+02 0.000000000000000000e+00 4.444718130889145691e+00
1.542067505599401329e+02 0.000000000000000000e+00 4.410082832040304268e+00
1.541780805084982546e+02 0.000000000000000000e+00 4.401866653261616413e+00
1.543620648245893392e+02 0.000000000000000000e+00 4.495830470796539302e+00
1.547018214112166845e+02 0.000000000000000000e+00 4.561895027284863069e+00
1.549201170707730739e+02 0.000000000000000000e+00 4.592888620787881848e+00
1.552012042203566864e+02 0.000000000000000000e+00 4.731647648251478877e+00
1.555951786502231471e+02 0.000000000000000000e+00 4.826091813424040922e+00
1.557961035986974707e+02 0.000000000000000000e+00 4.923803459620078371e+00
1.557649424420650348e+02 0.000000000000000000e+00 4.900411646754581518e+00
1.556910080039321542e+02 0.000000000000000000e+00 4.841719867960254220e+00
1.556699118059395630e+02 0.000000000000000000e+00 4.768237850276758394e+00
1.558320347190804114e+02 0.000000000000000000e+00 4.895524388813485395e+00
1.560880655953797316e+02 0.000000000000000000e+00 4.961415796734753414e+00
1.560619034054413419e+02 0.000000000000000000e+00 4.950272848629054145e+00
1.558909164027547263e+02 0.000000000000000000e+00 4.881957360769002996e+00
1.558628886766422568e+02 0.000000000000000000e+00 4.844808614979026373e+00
1.558686081647927608e+02 0.000000000000000000e+00 4.861855370677569788e+00
1.557914900272010925e+02 0.000000000000000000e+00 4.882873372543105717e+00
1.556535744008221798e+02 0.000000000000000000e+00 4.763004295201550775e+00
1.556538592581421767e+02 0.000000000000000000e+00 4.877623061154956474e+00
1.557553745873757975e+02 0.000000000000000000e+00 4.989186592715472379e+00
1.557380932432960776e+02 0.000000000000000000e+00 5.005239140512855123e+00
1.556160905287733840e+02 0.000000000000000000e+00 5.011980763752744039e+00
1.557340717281902585e+02 0.000000000000000000e+00 5.073185989488206538e+00
1.562763116003954451e+02 0.000000000000000000e+00 5.202695532208426066e+00
1.571301071845484500e+02 0.000000000000000000e+00 5.409122136765025957e+00
1.573997106743298957e+02 0.000000000000000000e+00 5.498243379860029201e+00
1.576429844110435283e+02 0.000000000000000000e+00 5.578975295609287066e+00
1.578141222205465795e+02 0.000000000000000000e+00 5.652999100744539263e+00
1.581111837218005292e+02 0.000000000000000000e+00 5.780911208297726311e+00
1.586816859084993609e+02 0.000000000000000000e+00 5.920418684406016929e+00
1.593407452090908691e+02 0.000000000000000000e+00 6.043650195211045961e+00
