2.249006765298000801e+02 4.725887213820871402e+00 4.761889952713141838e+01
2.249025106512477237e+02 4.719188632426611463e+00 4.761931036097195857e+01
2.248998033615806094e+02 4.715019429748584123e+00 4.761624256753593443e+01
2.248551324968397296e+02 4.670126176319116418e+00 4.757182452362001612e+01
2.247039035067184898e+02 4.658556112177536512e+00 4.743540427922655311e+01
2.245503745493702752e+02 4.711502177068214614e+00 4.713970340371740519e+01
2.243960204129406861e+02 4.859762863429935464e+00 4.671266328011611080e+01
2.244616051781450494e+02 4.967449318788332846e+00 4.657982349360925411e+01
2.245709607191348027e+02 5.062747553724425309e+00 4.647505033007163178e+01
2.247856664637857591e+02 5.207764876632801077e+00 4.654644763331616986e+01
2.249755056416499031e+02 5.290493468795355980e+00 4.667207968537852736e+01
2.250380366590196104e+02 5.322999672269300930e+00 4.671836228287840953e+01
2.250653237511119471e+02 5.347106606114518712e+00 4.676089587527506097e+01
2.251307364576993280e+02 5.377556299452221467e+00 4.682012617631911411e+01
2.251391439205955294e+02 5.390000702280069333e+00 4.677629570672784354e+01
2.251740706493749826e+02 5.399378482138676993e+00 4.675541574980102411e+01
2.251783135914602667e+02 5.379835198277072905e+00 4.678900463504845675e+01
2.250946860808090264e+02 5.369894423896250046e+00 4.672059319256519672e+01
2.250158797228334606e+02 5.303212931317009549e+00 4.668160143265134110e+01
2.249878130998642121e+02 5.257104733367667038e+00 4.664145559249028850e+01
2.249395898684395263e+02 5.215802472025844239e+00 4.662451893815253356e+01
2.249207254553115831e+02 5.235575167376749661e+00 4.660039444730558245e+01
2.249448417528910511e+02 5.245222154595252206e+00 4.661644622875602550e+01
2.249077800927009605e+02 5.231553443513273116e+00 4.659460297766749193e+01
2.248307036846294409e+02 5.174559904489910878e+00 4.656708413315229933e+01
2.247823505313919270e+02 5.199317617866005214e+00 4.652512406947890611e+01
2.247224390186806602e+02 5.166406432885434441e+00 4.648953485650077511e+01
2.246513249683974038e+02 5.172825272718760026e+00 4.642717355681445923e+01
2.246076665574231015e+02 5.166895688000374243e+00 4.639105061098366178e+01
2.246248864647221239e+02 5.168979118872606193e+00 4.638491736504518315e+01
2.245755700173229172e+02 5.147083196778875269e+00 4.637163841940165554e+01
2.245654665480593621e+02 5.187648064047942320e+00 4.634987124865396169e+01
2.245391907392668145e+02 5.190158715295660308e+00 4.632128727936701296e+01
2.245673755793810642e+02 5.137830656865958190e+00 4.639157146870171999e+01
2.246112657427782153e+02 5.128322955194531296e+00 4.648803431808605069e+01
2.245932663046022810e+02 5.125515005384147393e+00 4.646849220469123054e+01
2.245083910763612494e+02 5.091011985579849686e+00 4.642841542207032290e+01
2.244008556112177644e+02 5.055683786694133985e+00 4.636942038484947659e+01
2.242117269066903873e+02 4.984243176178660306e+00 4.622847394540942645e+01
2.240455498852942640e+02 4.904221873683225041e+00 4.612254787209138840e+01
2.238092853129828086e+02 4.806305304555456459e+00 4.597615876211433061e+01
2.237284786272765587e+02 4.732581113348003576e+00 4.599130460227538464e+01
2.238763834917365045e+02 4.769563181796900864e+00 4.608746078936280099e+01
2.241409511213071823e+02 4.926062783838194292e+00 4.623627159511212881e+01
2.244132578772414490e+02 5.029206657615056919e+00 4.637333793716934593e+01
2.245153284329790608e+02 5.066963575073739179e+00 4.644907767217566175e+01
2.245040170419963488e+02 5.105290509855330505e+00 4.644211105388828997e+01
2.244799077672175542e+02 5.114314808745727525e+00 4.640175570017322570e+01
2.245052483730511597e+02 5.171888899293038300e+00 4.638458027061192013e+01
2.245091507093028724e+02 5.242834402359661361e+00 4.641208623999251159e+01
2.244158586544313891e+02 5.198099161945783919e+00 4.634460531860106158e+01
2.244066342057212466e+02 5.212210309471417169e+00 4.631964043260452257e+01
2.244277459150709433e+02 5.261414392059553080e+00 4.634674493187883115e+01
2.245478791141907493e+02 5.305572592349829364e+00 4.641126691324500086e+01
2.246454433728170841e+02 5.337829486399176204e+00 4.647677910950887537e+01
2.246543915913666467e+02 5.363846622032866662e+00 4.648465049861884779e+01
2.246087714780654494e+02 5.318265134135493177e+00 4.647934594316213008e+01
2.245939018680649895e+02 5.354997893159792355e+00 4.644690528582798805e+01
2.245700231752422837e+02 5.338943770775784969e+00 4.646382087176365872e+01
2.244831839037408088e+02 5.311194344304508874e+00 4.639016339716278736e+01
2.244143487522824216e+02 5.317976028840301517e+00 4.628244885060161806e+01
2.245104698253663571e+02 5.356219860480359252e+00 4.636346856126223059e+01
2.246007713376094443e+02 5.379467671707477194e+00 4.646275691745868386e+01
2.246953883608783258e+02 5.376271126925417754e+00 4.651280490659674882e+01
2.248079802425207276e+02 5.352103328807528371e+00 4.657467109883421585e+01
2.249049463926213832e+02 5.377776347207266383e+00 4.664731729013530526e+01
2.249715003043213528e+02 5.377096306006835746e+00 4.666898380073973840e+01
2.249990530923732308e+02 5.387904396273233587e+00 4.669087387049955851e+01
2.249711924715576572e+02 5.359490144669694089e+00 4.665500023409335739e+01
2.248501381150802843e+02 5.338302354979165720e+00 4.655298703122805648e+01
2.247875754951074612e+02 5.301678449365606838e+00 4.649820567442296237e+01
2.248057270939650607e+02 5.337113160728498507e+00 4.655396905285827813e+01
2.248924142047848704e+02 5.388985907579942669e+00 4.661728896483917595e+01
2.249560138583267133e+02 5.418664263308206941e+00 4.663008099630132364e+01
2.249237967601479511e+02 5.396515520389531417e+00 4.660084273608315186e+01
2.248663046022753917e+02 5.378559389484526498e+00 4.659376024158434149e+01
2.248274439346411384e+02 5.365130624092888212e+00 4.653847792499648506e+01
2.246744885060161891e+02 5.257217098178753822e+00 4.645318835151458359e+01
2.245846528395524047e+02 5.266633503441171982e+00 4.638526850507982857e+01
2.246554859778079560e+02 5.311421414860245882e+00 4.643470316962404354e+01
2.248337890350671842e+02 5.414643709911512559e+00 4.655631583875649682e+01
2.250236036331288858e+02 5.544598295800365229e+00 4.663450770167142423e+01
2.251605423943068445e+02 5.602123226742825146e+00 4.668941078702186331e+01
2.251570906877662708e+02 5.567403670583829012e+00 4.670125239945690510e+01
2.250461936420244342e+02 5.542215225431902148e+00 4.662035675827520009e+01
2.250193958050470542e+02 5.514058476520436791e+00 4.660504588229785838e+01
2.250730535137412858e+02 5.566627651107261876e+00 4.663879395102767234e+01
2.251577461491642964e+02 5.624550540755653749e+00 4.672620441031883587e+01
2.252286483449599643e+02 5.607097710566973703e+00 4.676056463317571144e+01
2.253141029542581464e+02 5.631581534716044501e+00 4.679521513179455638e+01
2.254063708506952537e+02 5.649151411582939097e+00 4.686361252867643401e+01
2.254985486211901389e+02 5.689479844562010946e+00 4.688867456341588991e+01
2.256442834402359665e+02 5.757959174118638224e+00 4.697422632145699595e+01
2.258156467999438064e+02 5.861622735146776897e+00 4.713245938480265806e+01
2.259926494686080787e+02 5.936155718900697487e+00 4.725854908937684229e+01
2.261383339575822902e+02 5.998609485462802482e+00 4.735770050095977979e+01
2.261935659440985091e+02 6.024523620019663461e+00 4.740713633597078314e+01
2.261507526101409269e+02 5.963102205159417579e+00 4.734400603960859399e+01
2.260762652745915204e+02 5.928868392715014757e+00 4.730004681867128369e+01
2.260245809728919824e+02 5.888487288730745561e+00 4.727481740718198466e+01
2.259619223746429952e+02 5.891024860714453304e+00 4.723624233344257561e+01
2.259745786319584226e+02 5.902745915070930494e+00 4.723442225759632862e+01
2.259542616695538300e+02 5.898701952338592847e+00 4.720513249683973811e+01
2.258566658083243510e+02 5.851807200711643731e+00 4.711766351420946819e+01
2.257801968725127608e+02 5.818050938714359077e+00 4.708861135820965416e+01
2.257650650779530963e+02 5.852985860761271475e+00 4.710792288964839258e+01
2.257666522309096990e+02 5.799295378997143757e+00 4.710567325249309079e+01
2.257620604897232965e+02 5.820769933049300349e+00 4.709749754201975946e+01
2.258107928741982278e+02 5.840990917177770747e+00 4.712618217144997601e+01
2.258195549885294326e+02 5.867366215646799610e+00 4.709177161852146298e+01
2.258264981974811576e+02 5.886457699330493121e+00 4.707442881221030717e+01
2.258541177021396038e+02 5.885645395383678924e+00 4.710365536776066619e+01
2.258909382461725670e+02 5.888317571047333665e+00 4.709422257596329331e+01
2.259586076127159515e+02 5.921739079544922291e+00 4.712884966524649855e+01
2.260315148181094571e+02 5.931280724753031919e+00 4.720206119200337014e+01
2.260820403576946376e+02 5.964736176787302391e+00 4.724709021957956878e+01
2.261484350859122685e+02 5.985321176085022898e+00 4.729942061894283256e+01
2.261372711737440966e+02 5.984630600683552792e+00 4.725630179315511015e+01
2.260736551336673017e+02 5.958910763612528250e+00 4.720495692682241895e+01
2.259781871810478151e+02 5.950200149819748319e+00 4.712176482981413272e+01
2.258615724050751510e+02 5.911353527786881834e+00 4.707258298609485792e+01
2.258345299405402784e+02 5.893079029917131173e+00 4.706534247858045461e+01
2.258290533264666067e+02 5.906111007069619667e+00 4.705237955896811997e+01
2.259183763284798090e+02 5.923837726485322364e+00 4.708521817500819395e+01
2.260306755934266505e+02 5.932630272952853723e+00 4.712791329182077504e+01
2.260953181328713981e+02 5.973217379090780987e+00 4.712761482279132963e+01
2.261022449552881710e+02 5.938271922842830008e+00 4.719168968584671831e+01
2.260842115735755442e+02 5.980353715061566433e+00 4.716836579427875620e+01
2.261431012687859834e+02 6.010726157591647301e+00 4.717250105342010613e+01
2.262734631771150475e+02 6.075957441827800842e+00 4.723771478065452811e+01
2.263335514303104219e+02 6.065132965026452716e+00 4.732087995692682370e+01
2.263257432464066596e+02 6.056987686689451422e+00 4.731264806404794143e+01
2.263150814644880313e+02 6.061676576618755696e+00 4.728188819701296808e+01
2.262803981927992822e+02 6.013223933704761492e+00 4.729855564399082368e+01
2.262516480172292574e+02 6.023453813380776012e+00 4.724619832389156926e+01
2.262090383444917734e+02 6.036643803548855658e+00 4.719144505828924707e+01
2.261897677793904222e+02 6.015355353715061248e+00 4.720929350625029031e+01
2.262354522683646110e+02 6.052429889039749433e+00 4.722856524181843696e+01
2.262702994054028807e+02 6.088426424458074138e+00 4.725710473336766881e+01
2.263025609813193455e+02 6.091282363406526734e+00 4.727927688562198938e+01
2.263311519734070032e+02 6.098509995786320026e+00 4.733167166065827303e+01
2.263230792640104880e+02 6.085028559389484393e+00 4.731401282831593136e+01
2.263177583220188183e+02 6.070180017791095395e+00 4.732296221733227526e+01
2.263590371740249907e+02 6.106949061285640745e+00 4.735571655976403349e+01
2.263923662156468026e+02 6.119351327309330735e+00 4.735192775879020388e+01
2.263528512570813120e+02 6.070003277306989631e+00 4.733040638606676254e+01
2.263100379231237298e+02 6.079386909499508107e+00 4.728831171871342320e+01
2.262444039983145387e+02 6.079802425207172512e+00 4.725328550025750474e+01
2.262008450770167087e+02 6.084280631115689175e+00 4.723526382321269779e+01
2.261680591319818348e+02 6.074335174867737663e+00 4.721474437005478109e+01
2.261089704574184225e+02 6.030201554379886808e+00 4.714182077812631633e+01
2.261041914415469023e+02 6.038332787115501255e+00 4.714692401329650551e+01
2.261492169577227287e+02 6.065697130015450078e+00 4.718834332131653753e+01
2.262203181328713981e+02 6.070760569315043043e+00 4.721124233344257703e+01
2.261912285219345335e+02 6.052536401516924514e+00 4.720359918535511667e+01
2.260859532281473889e+02 6.020259609532281786e+00 4.710220867081792306e+01
2.259595428156748937e+02 5.947403904677185160e+00 4.699852287092092240e+01
2.259124502551617582e+02 5.950386254038110501e+00 4.698180275293787389e+01
2.259269675546607914e+02 5.949980102064703402e+00 4.700842033803080966e+01
2.259818671286109009e+02 5.963592630741139544e+00 4.703382883093777878e+01
2.259792815674891244e+02 5.960253289011657962e+00 4.700846598623530781e+01
2.259460051968725054e+02 5.958561964511447151e+00 4.698305749332833869e+01
2.258861323095650562e+02 5.921255676763893305e+00 4.696725268036892942e+01
2.258663596142141614e+02 5.924898169389952507e+00 4.697051125989044351e+01
2.258816494217894046e+02 5.921579896062549864e+00 4.693965190317899072e+01
2.258514560606770090e+02 5.894830048223231422e+00 4.694017744276417403e+01
2.257979704105997598e+02 5.892443466454421852e+00 4.691841846528395621e+01
2.257325214195421097e+02 5.878957348190458454e+00 4.683813029636218772e+01
2.256621201835291970e+02 5.787790860995364994e+00 4.682101690154033236e+01
2.256039667119247270e+02 5.756608455452034256e+00 4.680103001076829372e+01
2.255564656585046066e+02 5.728665901961702112e+00 4.677366800880191278e+01
2.255649105763378373e+02 5.755632286155718980e+00 4.679581909265414907e+01
2.256332576431480845e+02 5.780185167844936522e+00 4.683736012921953318e+01
2.256604124724940448e+02 5.822832295519453361e+00 4.686922608736364282e+01
2.256456446931036055e+02 5.788507186666042692e+00 4.685019195655227264e+01
2.256202291773959416e+02 5.830415749801020731e+00 4.682348658645067729e+01
2.256387354276885731e+02 5.808138255536308137e+00 4.684046771852614910e+01
2.256586614541879214e+02 5.831791048270050126e+00 4.686041247249403341e+01
2.257002446275574812e+02 5.833792546467531537e+00 4.691339013998782548e+01
2.257506940868018148e+02 5.856779343602228849e+00 4.692035792874198563e+01
2.257904630366590197e+02 5.900813474413595827e+00 4.686871927524696702e+01
2.257951086193173751e+02 5.882452362001965973e+00 4.689872653214101916e+01
2.257445198745259631e+02 5.862678496184278387e+00 4.688748771009878880e+01
2.256419741092747699e+02 5.867348658645068049e+00 4.685781871810478094e+01
2.256635575167376828e+02 5.909102720164801426e+00 4.682447094901446860e+01
2.257915176272297515e+02 5.976275808792546052e+00 4.691715319069244572e+01
2.259541481342759539e+02 6.026604709958331085e+00 4.703182733274029914e+01
2.260101011283299783e+02 6.036599325811133454e+00 4.705525773678542834e+01
2.259612470153097092e+02 5.995730137178706620e+00 4.704417926869235345e+01
2.258850039795870543e+02 5.962749894657989991e+00 4.700349267287794675e+01
2.258069584250199000e+02 5.948123741748209348e+00 4.693131349782293427e+01
2.257875228241022398e+02 5.930126644505828715e+00 4.690790299171309385e+01
2.256840523900931714e+02 5.914269160541223869e+00 4.685020600215366215e+01
2.255580691979961614e+02 5.896509668055620601e+00 4.675615197340699325e+01
2.254885551758041231e+02 5.860042604990870707e+00 4.670806919799615997e+01
2.254801406901072198e+02 5.846932206563977275e+00 4.672793084882250980e+01
2.255351502879348402e+02 5.897221311859169646e+00 4.674452806779343916e+01
2.255707266257783488e+02 5.923686736270425079e+00 4.678680649843157369e+01
2.255493457090687741e+02 5.896543611592303336e+00 4.677283697738658219e+01
2.254941207453532570e+02 5.878281988857156470e+00 4.675439042089985264e+01
2.254480605365419592e+02 5.840480593660752007e+00 4.673297204925324166e+01
2.254220445713750678e+02 5.840281614307786029e+00 4.676193407931082646e+01
2.254458214335877244e+02 5.844237792031462320e+00 4.676790580083337545e+01
2.254978709209232761e+02 5.884202209841284947e+00 4.674380940118919625e+01
2.255164953883608803e+02 5.871075424879442117e+00 4.675519570204597386e+01
2.255356184746476913e+02 5.860442904630366989e+00 4.678259632941617241e+01
2.255415422070321654e+02 5.878804017041995955e+00 4.678371880706025365e+01
2.256257678262090849e+02 5.912536869703638231e+00 4.683157685284891869e+01
2.256742661173275906e+02 5.983105482466407388e+00 4.687928273795589718e+01
2.257383971627885160e+02 5.983661454187930495e+00 4.692516620628306612e+01
2.257763038999953267e+02 6.038236808839364755e+00 4.692890467718525827e+01
2.258091706072381726e+02 6.050052671005197169e+00 4.696814223512336639e+01
2.258277599606723243e+02 6.057101221967320370e+00 4.692481038438128849e+01
2.258500749098740528e+02 6.018079029917131173e+00 4.696485790533265003e+01
2.258732045039561740e+02 6.052740062737019144e+00 4.699787326185683156e+01
2.258945561589962097e+02 6.042295987639870525e+00 4.705508567816845300e+01
2.258872173322721153e+02 6.034806170700875327e+00 4.707601596516690989e+01
2.258766082213586799e+02 6.027799756542909115e+00 4.702991361955147909e+01
2.257986387471323440e+02 6.005552694414532766e+00 4.702071609157732013e+01
2.256607647829954715e+02 5.973922000093637052e+00 4.690150873168219192e+01
2.255873460836181437e+02 5.966537525165035660e+00 4.685010885341073816e+01
2.255874923919659238e+02 5.946291961234139833e+00 4.686677864132215632e+01
2.256596809307551723e+02 5.944525726859871462e+00 4.689817173088627555e+01
2.256945924434664619e+02 6.017835572826442991e+00 4.693691066997518391e+01
2.257170771103515960e+02 6.023234936092513259e+00 4.695042487944191834e+01
2.258014174352731800e+02 6.027920314621471043e+00 4.702038016761084549e+01
2.258654501615244214e+02 6.071019242473898458e+00 4.702048316868767586e+01
2.258741092747787889e+02 6.078871904115361602e+00 4.702574558734023213e+01
2.258059764033896784e+02 6.061100706961936702e+00 4.696864553583969126e+01
2.256889109977058752e+02 6.063692120417622178e+00 4.685157544828877718e+01
2.256599278992462132e+02 6.084566225010534346e+00 4.679831920970082848e+01
2.257608888524743804e+02 6.114043260452268314e+00 4.687009106231565170e+01
2.258019640432604547e+02 6.177880518750877847e+00 4.690391989325343047e+01
2.258523081604944025e+02 6.179673673861135974e+00 4.695043658410974530e+01
2.258170993492204559e+02 6.169256519499976221e+00 4.691959829580036256e+01
2.258040615197340628e+02 6.136834589634346138e+00 4.691494334940774280e+01
2.257437813099864172e+02 6.076300388594972013e+00 4.686298749941476416e+01
2.256280900323048968e+02 6.067310033241256839e+00 4.679742263214569675e+01
2.255435706259656286e+02 6.049195889320660768e+00 4.675422187368322824e+01
2.255272742169577214e+02 6.045696193642024596e+00 4.670323751111943267e+01
2.254891731822650911e+02 6.041560934500679103e+00 4.667343859731261091e+01
2.255022016480172340e+02 6.058691886324266029e+00 4.666247366449740497e+01
2.254980137178706912e+02 6.068406760616134044e+00 4.667845521794091468e+01
2.255293927618334067e+02 6.129446603305398256e+00 4.669342899948499337e+01
2.255494885060161891e+02 6.144662671473383853e+00 4.669341261295004131e+01
2.255716384194016655e+02 6.142022098412846631e+00 4.668278009270096618e+01
2.256212252446275670e+02 6.169415702982349536e+00 4.671458635703918816e+01
2.257174387845873014e+02 6.211819373566178193e+00 4.676543962732337434e+01
2.258307247530315180e+02 6.279152816143078297e+00 4.684231588557516801e+01
2.259119762161149936e+02 6.309937262980476191e+00 4.689574535324687332e+01
2.260249508403951495e+02 6.345315791937824912e+00 4.698069080949482412e+01
2.261128025656631735e+02 6.411965681913947002e+00 4.701139566459104202e+01
2.261649737815440915e+02 6.442863664029214732e+00 4.705804227726017075e+01
2.261107109415234788e+02 6.436943443045086255e+00 4.702761482279132821e+01
2.260767463364389585e+02 6.385358631022051590e+00 4.700544969333770240e+01
2.260150931691558469e+02 6.400444777377217953e+00 4.695914602743574306e+01
2.259146987218502716e+02 6.358811273936045616e+00 4.687821059038344629e+01
2.257776347207266383e+02 6.287869282269769045e+00 4.679053794653307818e+01
2.257190938246172607e+02 6.235966103281988637e+00 4.678944356009176175e+01
2.256738307036846436e+02 6.195528816892176494e+00 4.680132730933095786e+01
2.257351069806638861e+02 6.208149960204129236e+00 4.684252071726204747e+01
2.257181773491268189e+02 6.195142562854066171e+00 4.685333114846200431e+01
2.256546338779905341e+02 6.130310407790626748e+00 4.683191628821573715e+01
2.256051664403764221e+02 6.097275153331148445e+00 4.679823493609251273e+01
2.255601959361393369e+02 6.117671707476941556e+00 4.679068191394728160e+01
2.254959630600683624e+02 6.096200664825132343e+00 4.670286647314949136e+01
2.254119926026499456e+02 6.043330680275293965e+00 4.663804485228709495e+01
2.252741677981179009e+02 6.020147244721195001e+00 4.657367737253616724e+01
2.252089189568800123e+02 6.019735240413877086e+00 4.649488623062877224e+01
2.252303782948639821e+02 6.040019429748583413e+00 4.653383936513881736e+01
2.253036003558219136e+02 6.063745961889601688e+00 4.656349782293178663e+01
2.253272472962217421e+02 6.081842548808464421e+00 4.656880120792171596e+01
2.253480394681398877e+02 6.074737815440797384e+00 4.661728896483917595e+01
2.253186666042417698e+02 6.054640900791235403e+00 4.659910342244486969e+01
2.252916335034411759e+02 6.037272344210871111e+00 4.658159323938386365e+01
2.252807107074301314e+02 6.016585514303104176e+00 4.654484760522496600e+01
2.252391251931270233e+02 6.019572545531158170e+00 4.652657895968912527e+01
2.252149749520108628e+02 6.004193782480452768e+00 4.648343087223184256e+01
2.251676038204035706e+02 6.000265695959548395e+00 4.648404536729247383e+01
2.250750725689404987e+02 5.953552366683833696e+00 4.644624397209607025e+01
2.249955475443607043e+02 5.948957114097101595e+00 4.640741256613137011e+01
2.249603352216864209e+02 5.909792125099489368e+00 4.636610094105529356e+01
2.249909967695116677e+02 5.937122524462755457e+00 4.636169764502083268e+01
2.250447563088159484e+02 5.956293599887635182e+00 4.639739688187648881e+01
2.251105658036424870e+02 5.994798445620113547e+00 4.642161735099957554e+01
2.251272543190224269e+02 5.990410365653822566e+00 4.647189592209372933e+01
2.250706201133011746e+02 5.970891661594643907e+00 4.638337703075986695e+01
2.250465482934594377e+02 5.973071070743012356e+00 4.639200922327824372e+01
2.250490039327683860e+02 6.011849805702514260e+00 4.636630811367573557e+01
2.250857858513975316e+02 6.027364342899948824e+00 4.637289198932534617e+01
2.250803186010581101e+02 6.065460695725454876e+00 4.638102088112739096e+01
2.250628985439393261e+02 6.063427594924855946e+00 4.632391965916007592e+01
2.250776195046584576e+02 6.045519453157919720e+00 4.634415820029027344e+01
2.250845580317430574e+02 6.052041294068074784e+00 4.634046186619223562e+01
2.250523034786272660e+02 6.050187274685144168e+00 4.630751088534107396e+01
2.250523526382321222e+02 6.044711831078234177e+00 4.630093169155859556e+01
2.250971861978557058e+02 6.070714921110538675e+00 4.635458354791890656e+01
2.251576045226836413e+02 6.135264993679479417e+00 4.636839856734865606e+01
2.252123566178191822e+02 6.127587902055339875e+00 4.642944543283861947e+01
2.252413502504798828e+02 6.143102439252774438e+00 4.640024111615712599e+01
2.252607741467297160e+02 6.123896249824429816e+00 4.642998384755840391e+01
2.253269066903881139e+02 6.167709162413970603e+00 4.650955803174306169e+01
2.254258041106793371e+02 6.193936982068448671e+00 4.655999578631958258e+01
2.254283510463972959e+02 6.202820824944987876e+00 4.661003090032304641e+01
2.253959934922046955e+02 6.205086848635235519e+00 4.660723348471370286e+01
2.254257327122056154e+02 6.196262699564586640e+00 4.664953064282035911e+01
2.254875345287700839e+02 6.247460087082728819e+00 4.669648625871997893e+01
2.255871201835291799e+02 6.265628072475303512e+00 4.673972564258626505e+01
2.256364565288637039e+02 6.287288730745821397e+00 4.679619013062409039e+01
2.256054719322065694e+02 6.257038016761084620e+00 4.681292429420852841e+01
2.255816693197247105e+02 6.291624139706915031e+00 4.676599911044524305e+01
2.254972494030619430e+02 6.241983473009035777e+00 4.671494803127487216e+01
2.253767217566365559e+02 6.197710566974109270e+00 4.660490893768434972e+01
2.252555854674844227e+02 6.114966758743387132e+00 4.655263237979306012e+01
2.251444473055854587e+02 6.080318601058102068e+00 4.650530923732384281e+01
2.250794009551009083e+02 6.060531860105809798e+00 4.646593122337188220e+01
2.249613523573200951e+02 6.022750362844702110e+00 4.637621260358631048e+01
2.248654208998548540e+02 5.972936467063064470e+00 4.631970480827754244e+01
2.247829626855189815e+02 6.005634627089283306e+00 4.619095697364108588e+01
2.247446732056744167e+02 6.038922702373706208e+00 4.615315908984503324e+01
2.247258310314153391e+02 6.047499882953322192e+00 4.608656187087410672e+01
2.246945643522636828e+02 6.024119808979821578e+00 4.609081651762723197e+01
2.246945350905941154e+02 6.032792967835573172e+00 4.606186033990355355e+01
2.247107940446650218e+02 6.052440423240788014e+00 4.608416124350390675e+01
2.247169179268692289e+02 6.042509012594222462e+00 4.609611170934968527e+01
2.246726965213727283e+02 5.998280584297017271e+00 4.606377054169202978e+01
2.245718069666182828e+02 5.965501662062830945e+00 4.597531836696474272e+01
2.244718245236200289e+02 5.934922046912308957e+00 4.592272344210871182e+01
2.244423650451800256e+02 5.929386909499508640e+00 4.591157006414157848e+01
2.244126328479797792e+02 5.918934641134884878e+00 4.591058687204456845e+01
2.243942623718338893e+02 5.916570298234936409e+00 4.587255021302495095e+01
2.244475478720913770e+02 5.929158668476988581e+00 4.589322650873167930e+01
2.244656503113441772e+02 5.918719275246968614e+00 4.592256542909311889e+01
2.244374081183576095e+02 5.828612060489723135e+00 4.597961983238915451e+01
2.244026452549276769e+02 5.766999859543986418e+00 4.600600917645957111e+01
2.243818718104780316e+02 5.711777236762020316e+00 4.601263870031368697e+01
2.242819631068870194e+02 5.637059319256519707e+00 4.597252212182218045e+01
2.241538461538461604e+02 5.518609251369445801e+00 4.590661781918629458e+01
2.240208577180579539e+02 5.454651434992275227e+00 4.584888103375626400e+01
2.239579299124490888e+02 5.409627089283206125e+00 4.580591436865022104e+01
2.239679818811742109e+02 5.451328479797743043e+00 4.582617514864928410e+01
2.240005220281848324e+02 5.494165223090968553e+00 4.580595299405403154e+01
2.238939732665386941e+02 5.430192190645629857e+00 4.577328175476380068e+01
2.237512535699236764e+02 5.424514256285406510e+00 4.564564703403717516e+01
2.236483578351046333e+02 5.396259188164240328e+00 4.556206400112364463e+01
2.234197691839505637e+02 5.319350156842548749e+00 4.544200103001076485e+01
2.231034657521419433e+02 5.187037080387658428e+00 4.525142445807387759e+01
2.227877264853223380e+02 5.103422444871014818e+00 4.503413315230113767e+01
2.226169799616086777e+02 5.112446743761411838e+00 4.496031298281754829e+01
2.226516725970317054e+02 5.165219579568331554e+00 4.497986211901306319e+01
2.227508392246828066e+02 5.248140128283159456e+00 4.506135703918722868e+01
2.229186396835057735e+02 5.364392059553350300e+00 4.514995201086193077e+01
2.231002715482934491e+02 5.447937637529847166e+00 4.525832904162179915e+01
2.232128458729341389e+02 5.496975513834917670e+00 4.534693688843110948e+01
2.232875228241022398e+02 5.520230347862727704e+00 4.536675640245329788e+01
2.233661091343227554e+02 5.554908937684348125e+00 4.540453789971440557e+01
2.234182674750690580e+02 5.559936092513694028e+00 4.543381595580317622e+01
2.234577449786974910e+02 5.546715670209279025e+00 4.544158317336953701e+01
2.233833688374923838e+02 5.529123554473524216e+00 4.539048761646144214e+01
2.233339856734865805e+02 5.507993117655320958e+00 4.537115735755418910e+01
2.232830329135259149e+02 5.499753031508966217e+00 4.531664403764221305e+01
2.232557095369633373e+02 5.485481530034177489e+00 4.534861884919705943e+01
2.232155496512008881e+02 5.457764876632801077e+00 4.531841027201647876e+01
2.232003651856360307e+02 5.472947001264103939e+00 4.526649655882766154e+01
2.232226731120370857e+02 5.540599981272531060e+00 4.526295121494452189e+01
2.233362154127065935e+02 5.582569408680181589e+00 4.530351491174680234e+01
2.234173334425769042e+02 5.647753874245048600e+00 4.535422655555035476e+01
2.234663584437473673e+02 5.693302589072522402e+00 4.536359848307505160e+01
2.234656280724753117e+02 5.659312233718806873e+00 4.537756917458682437e+01
2.234344281099302520e+02 5.665028793482840719e+00 4.535274591507093334e+01
2.234247811227117495e+02 5.622739828643663174e+00 4.530922093730979583e+01
2.233461526756870512e+02 5.630121962638700239e+00 4.530800248138957897e+01
2.232145535839692911e+02 5.575614495060630560e+00 4.517839786506858957e+01
2.229736644974015576e+02 5.498577882859684074e+00 4.502794606489067775e+01
2.227252282410225064e+02 5.382466407603351932e+00 4.485864038578585422e+01
2.223950465845779263e+02 5.219858139426003518e+00 4.469441453251556595e+01
2.219713785757760149e+02 5.056985345755887096e+00 4.445742310033241296e+01
2.216840875040966239e+02 4.929492251509902445e+00 4.430990566037736045e+01
2.214609356711456485e+02 4.843527318694695438e+00 4.418023198651622607e+01
2.213183751580130263e+02 4.814118170326326052e+00 4.412496722693010298e+01
2.212666054122383912e+02 4.775394447305585821e+00 4.403842525399129215e+01
2.212174856032585808e+02 4.806844889742029281e+00 4.402932604522683846e+01
2.212066470808558449e+02 4.835213493141064411e+00 4.400390350671847983e+01
2.212327321035629097e+02 4.848190458354792121e+00 4.401421648953602528e+01
2.212775282082494357e+02 4.885535371506156466e+00 4.404530993960391072e+01
2.213143627978838026e+02 4.895187040591787664e+00 4.405920806217519470e+01
2.212861042183622828e+02 4.876772086708179188e+00 4.405963177115033602e+01
2.213143382180813603e+02 4.907503862540381512e+00 4.405805983426190409e+01
2.213453661220094659e+02 4.914836836930567721e+00 4.407992181281895228e+01
2.213729388079966327e+02 4.950011704667821810e+00 4.408295449225150975e+01
2.214006109836602718e+02 4.974310595065311702e+00 4.412714312467812050e+01
2.214908738704995415e+02 4.976574277821995018e+00 4.417330984596657117e+01
2.215145629477035527e+02 4.998938386628587693e+00 4.417573856453953596e+01
2.215550271548293324e+02 5.062485369165223403e+00 4.421090523900931402e+01
2.215676845826115482e+02 5.099058944707149266e+00 4.420230230816049755e+01
2.215025914134556899e+02 5.086312561449505942e+00 4.414311999625450511e+01
2.214555971721522667e+02 5.086813521232267377e+00 4.409678121634907910e+01
2.214885996535418258e+02 5.078936279788379693e+00 4.410459291165316387e+01
2.215356301793155183e+02 5.082249871248653683e+00 4.415401938292990991e+01
2.215830926073317926e+02 5.127819654478205535e+00 4.418149492017416691e+01
2.216101619926026558e+02 5.131408305632286115e+00 4.421186619223746561e+01
2.216421918160962719e+02 5.129370522964558532e+00 4.424461936420244257e+01
2.217217449318788454e+02 5.191164146261528778e+00 4.428469029448944383e+01
2.218448347300903549e+02 5.220923264197762315e+00 4.434615033475350288e+01
2.219371541270658668e+02 5.250290275761973824e+00 4.441853200056182516e+01
2.220710239243410342e+02 5.307555363078796162e+00 4.449869610000467901e+01
2.223060969614682278e+02 5.424674610234561101e+00 4.464133503441172479e+01
2.225559658691886398e+02 5.528274966056462958e+00 4.480182709864693891e+01
2.227370522964558290e+02 5.606342759492485506e+00 4.490558780841799802e+01
2.228370054777845439e+02 5.582677091624139720e+00 4.497428016292897723e+01
2.227580656865958133e+02 5.515494639262137788e+00 4.489754084929069933e+01
2.224706505454375076e+02 5.358641556252633720e+00 4.474327332740296725e+01
2.220823833044618141e+02 5.254890210215833690e+00 4.452830305725923665e+01
2.217857366917926925e+02 5.169459010253288689e+00 4.430371272063298704e+01
2.215923357835104639e+02 5.088685097616929554e+00 4.419938433447259030e+01
2.213902441593707522e+02 4.985215834074629093e+00 4.410815815347160651e+01
2.212650276230160671e+02 4.907526101409241726e+00 4.405610398426892971e+01
2.213071059038344401e+02 4.939525492766515313e+00 4.408062760428858695e+01
2.214575682382134119e+02 4.988006226883281435e+00 4.416267615525071477e+01
2.215700220047754954e+02 5.059083992696287169e+00 4.423395524135025170e+01
2.216429853925745590e+02 5.116113816189896468e+00 4.425643405590149371e+01
2.216221346973172786e+02 5.127045975935202726e+00 4.423460953228147474e+01
2.215230933096118804e+02 5.096657146870171573e+00 4.419539538367901343e+01
2.214693688843110522e+02 5.042642445807388185e+00 4.415443372817079393e+01
2.214960332880752958e+02 5.032906503113441232e+00 4.415665878552366763e+01
2.216374537665621176e+02 5.087255957675921536e+00 4.426520553396694879e+01
2.218548375392106493e+02 5.210826817734912630e+00 4.439407158574839940e+01
2.221017346317711372e+02 5.302778688140830532e+00 4.452130483636874203e+01
2.223499356243269744e+02 5.387367152020225980e+00 4.467967484432791991e+01
2.225461245844842892e+02 5.456047801863382674e+00 4.477537454937029082e+01
2.226455627604288452e+02 5.496324734304040227e+00 4.482318109462053712e+01
2.227094444964651814e+02 5.500138115080294376e+00 4.489364553583969553e+01
2.227582950980851138e+02 5.531668149257924050e+00 4.488322604054496878e+01
2.228089107636125163e+02 5.539128704527365166e+00 4.494506180064609424e+01
2.227960075378060765e+02 5.552030759867035314e+00 4.494179619832389250e+01
2.227867187134229141e+02 5.558426190364717634e+00 4.492608853410740011e+01
2.229346516690856390e+02 5.605853504377545704e+00 4.499867152020225802e+01
2.231955686127627700e+02 5.730160588042511272e+00 4.516658317336953843e+01
2.235512196263869953e+02 5.880523432744978685e+00 4.539330727093965123e+01
2.238485146776534407e+02 5.982400861463551323e+00 4.556022402734210175e+01
2.241119715342478571e+02 6.067108712954726535e+00 4.567297860386722164e+01
2.242151364764268067e+02 6.093183201460742104e+00 4.578665199681633169e+01
2.241618228849665115e+02 6.043132871389110150e+00 4.570410482700501120e+01
2.239306287747553768e+02 5.960709771056697193e+00 4.555911091343227781e+01
2.236167435273187039e+02 5.814286717542955785e+00 4.532584039514958363e+01
2.232201566084554543e+02 5.693526148227912920e+00 4.511488716700220181e+01
2.230313134978229357e+02 5.605095041902711017e+00 4.502940095510089691e+01
2.229334285312982900e+02 5.597138208717636232e+00 4.495307832763705846e+01
2.229341986984409516e+02 5.578207078983098199e+00 4.497089049112786086e+01
2.229363031977152616e+02 5.601231331054824736e+00 4.495164333536214230e+01
2.228650557142188404e+02 5.568473477222716461e+00 4.490591670958378501e+01
2.226987581347441392e+02 5.437247764408446038e+00 4.477210660611451942e+01
2.225586872044571294e+02 5.391158293927618139e+00 4.468402078749004858e+01
2.225701097897841692e+02 5.373653963200524686e+00 4.470410014513787900e+01
2.226841659253710475e+02 5.390447820590851258e+00 4.475387892691605174e+01
2.227251626948827266e+02 5.412260639543049479e+00 4.478711316072849513e+01
2.226972458916615949e+02 5.353939791188725650e+00 4.480553747834636624e+01
2.228252422866239044e+02 5.391387705416920362e+00 4.482323844749286224e+01
2.230291340886745672e+02 5.472836977386581481e+00 4.496468584671566759e+01
2.231905742310033247e+02 5.548103843812912217e+00 4.508601643335362041e+01
2.233597628634299497e+02 5.591324500210683723e+00 4.517536284470246954e+01
2.235214324172480076e+02 5.687255957675921181e+00 4.526809658691886540e+01
2.237169928367432874e+02 5.767661173275902442e+00 4.538645301746336713e+01
2.239628447024673505e+02 5.857159745306428356e+00 4.554305913198183475e+01
2.241009714874291774e+02 5.913294161711690755e+00 4.559779718151598615e+01
2.240228955007256957e+02 5.852105669741092697e+00 4.553123390608174503e+01
2.237573376562573060e+02 5.722412097944660658e+00 4.537586848635235981e+01
2.234963036659019622e+02 5.623591928461070033e+00 4.521776300388594905e+01
2.231518891333863905e+02 5.583190926541504950e+00 4.500607004073224715e+01
2.227430848822510541e+02 5.456382555363078701e+00 4.475546139800552226e+01
2.224534797977433414e+02 5.412628166112646078e+00 4.455435998876352244e+01
2.224594866332693357e+02 5.445323985205299699e+00 4.457959057071960274e+01
2.228283557282644267e+02 5.641222669600637118e+00 4.483765157544829094e+01
2.234123004354136413e+02 5.883003651856360428e+00 4.518817477409991312e+01
2.237026452549276598e+02 5.991766936654337350e+00 4.536019476567255282e+01
2.238380659206891607e+02 6.000078421274404050e+00 4.545720539351093237e+01
2.241491221499133815e+02 6.148978182499180711e+00 4.564390186806498662e+01
2.244101245376656095e+02 6.272398052343274522e+00 4.580418558921297745e+01
2.246244171075424845e+02 6.349995318132870992e+00 4.592818601058102246e+01
2.247383480031836598e+02 6.363063579755606547e+00 4.599225033943536545e+01
2.248079451285172468e+02 6.349915726391684778e+00 4.599921812818951850e+01
2.248120441031883558e+02 6.373334425768996780e+00 4.602391263635937690e+01
2.248040486445994759e+02 6.354873823680883937e+00 4.604017393136382452e+01
2.248183412144763338e+02 6.362967601479470048e+00 4.604390654993211029e+01
2.248651645676295630e+02 6.412456107495668967e+00 4.609707734444496197e+01
2.249583512804906604e+02 6.435906409476099377e+00 4.613561964511447400e+01
2.250614366309284264e+02 6.502611311390983140e+00 4.621569361861510572e+01
2.251608022379325007e+02 6.519206189428343734e+00 4.625001287513460113e+01
2.251485427688562311e+02 6.497227164193080107e+00 4.627889063158387728e+01
2.249872138208717729e+02 6.437268832810524977e+00 4.617837679666651240e+01
2.248129161009410666e+02 6.332989606254974646e+00 4.603154993211292378e+01
2.245343976777938906e+02 6.166072849852521465e+00 4.584854862119013319e+01
2.240878049065967446e+02 5.912522824102252272e+00 4.559220586169764289e+01
2.238565745119153405e+02 5.760075378060770745e+00 4.548792195327496302e+01
2.238611170934968868e+02 5.742868345896343207e+00 4.548434383632192635e+01
2.239315546139800688e+02 5.828406058336064177e+00 4.553771126925418145e+01
2.240351186853317245e+02 5.888726063954305090e+00 4.559651669085631198e+01
2.241057785945034766e+02 5.923476052249637469e+00 4.562408469497635366e+01
2.241345849524790594e+02 5.930861697645021025e+00 4.564744838241490754e+01
2.242081429374034371e+02 5.971516690856313758e+00 4.567706002153659028e+01
2.243166791516456726e+02 6.024583313825553788e+00 4.576492345147244833e+01
2.244238833746898365e+02 6.056027903928086431e+00 4.581068285032070975e+01
2.245222119481249194e+02 6.106874151411583185e+00 4.585840746289620284e+01
2.245828784119106558e+02 6.149264946860808045e+00 4.589727515333115093e+01
2.245373039468139780e+02 6.114713937918441644e+00 4.588522519780888587e+01
2.244144833559623464e+02 6.084023128423615034e+00 4.577439720960719427e+01
2.242438948452642933e+02 6.012082728592162972e+00 4.566568191394728160e+01
2.241554848073411677e+02 5.978747834636452652e+00 4.560309237323844656e+01
2.241467987733508096e+02 5.949321129266351704e+00 4.560675944566693119e+01
2.241285032070789782e+02 5.965966337375345319e+00 4.561828503207078711e+01
2.241382309565054527e+02 5.955738798632895126e+00 4.564562128376796579e+01
2.241373179924153760e+02 5.947078514911746439e+00 4.562860035582190221e+01
2.241407345849524688e+02 5.943572966899199450e+00 4.562726719415702803e+01
2.241475455311578173e+02 5.996975513834917670e+00 4.562269183950559182e+01
2.241858853410740267e+02 6.002470855377124437e+00 4.558822627463832333e+01
2.241936186151037020e+02 5.994032960344584993e+00 4.561288215740437124e+01
2.241964148602462785e+02 5.986952806779343383e+00 4.560862282878412088e+01
2.241975537244252905e+02 6.017036144014232590e+00 4.559891146589259847e+01
2.241532632613886449e+02 5.986922374643008027e+00 4.555412238400673886e+01
2.240481366168828004e+02 5.951603539491549633e+00 4.548598717168406580e+01
2.239309284142516105e+02 5.900177910950887394e+00 4.542378388501334285e+01
2.238257514396741499e+02 5.865207874900510099e+00 4.537713493141064447e+01
2.237668242895266530e+02 5.846341120838990157e+00 4.531569830048223224e+01
2.237728697504564934e+02 5.860012172854534462e+00 4.529965471229926521e+01
2.238080422772601707e+02 5.911410880659206946e+00 4.537648883374689746e+01
2.240005068121166687e+02 5.976735802237932660e+00 4.548105131326372685e+01
2.241051746336438839e+02 6.013383117187133919e+00 4.553383468327169226e+01
2.241300739735006289e+02 6.004583547918910469e+00 4.556160400767826246e+01
2.241096013390140058e+02 6.008482372770260760e+00 4.557877592583922421e+01
2.240363757666557376e+02 6.017715014747881064e+00 4.555919752797415612e+01
2.238418640853972477e+02 5.873724191207453593e+00 4.546779460648906479e+01
2.236891556252633677e+02 5.756277213352684718e+00 4.542632730933095786e+01
2.236753593333021115e+02 5.758285734350859109e+00 4.544593379839880498e+01
2.237362435039093498e+02 5.800154501615244484e+00 4.547112575495107478e+01
2.238088112739360440e+02 5.821227585561121742e+00 4.548730511728076920e+01
2.238227363172433115e+02 5.895292382602181469e+00 4.548996558827660408e+01
2.238355728264431832e+02 5.938111568893674530e+00 4.552799990636265903e+01
2.239419635750737427e+02 6.012903225806451424e+00 4.559762395243222954e+01
2.241022285687532190e+02 6.090704152816143413e+00 4.569142984222107629e+01
2.242370628306568676e+02 6.166228521934547402e+00 4.575038742450489337e+01
2.243136008240086028e+02 6.162289901212603560e+00 4.585523666838334833e+01
2.243524146729715767e+02 6.206375532562385722e+00 4.584565873870499786e+01
2.243488189990167996e+02 6.194274076501709025e+00 4.587409171777704842e+01
2.242670232688796261e+02 6.170668102439252678e+00 4.575721007537806173e+01
2.241602415843438223e+02 6.138689779484058029e+00 4.566909031321691259e+01
2.241367983051640920e+02 6.158227211011751301e+00 4.567115150522027989e+01
2.242266339716278765e+02 6.233340746289620427e+00 4.572862376515754335e+01
2.243118697036377966e+02 6.280923732384475322e+00 4.577227983519827603e+01
2.243745879956926785e+02 6.284108572498712242e+00 4.582383187415140924e+01
2.246018797696521290e+02 6.422172152254319144e+00 4.595917880050564008e+01
2.251126925417856626e+02 6.669567863664028984e+00 4.629043026358912272e+01
2.256440704152816181e+02 6.867623718338873751e+00 4.663850484573247712e+01
2.260281544079778939e+02 7.049788145512430049e+00 4.684970270143733018e+01
2.261051324968397296e+02 7.057183154642070910e+00 4.689073926681960813e+01
2.258658305632286272e+02 6.881524181843719390e+00 4.673270401236013072e+01
2.255666089236387393e+02 6.735407790626902091e+00 4.655368931129734733e+01
2.253230593660751993e+02 6.610542394306849978e+00 4.639231237417482134e+01
2.250840032304883209e+02 6.515659675078421031e+00 4.623677723676202334e+01
2.248632883093777934e+02 6.425956271361019212e+00 4.602753054918301245e+01
2.246292113394821968e+02 6.313933236574746033e+00 4.583419050517345994e+01
2.244854113020272450e+02 6.233759773397631321e+00 4.570704855096212071e+01
2.244114612107308346e+02 6.199213446322393573e+00 4.565737862259469182e+01
2.243472002434570811e+02 6.143904208998548278e+00 4.560913900463504689e+01
2.242684968865583528e+02 6.119333770307598286e+00 4.554718736832248993e+01
2.241163198183435554e+02 6.068887822463598702e+00 4.541984526429139635e+01
2.238914052624186581e+02 5.956622501053420393e+00 4.530968561262231731e+01
2.235956482045039593e+02 5.856630694320895003e+00 4.512114331195280670e+01
2.233497167470387126e+02 5.733801910201788310e+00 4.491988388969521395e+01
2.231687438550493994e+02 5.665431434055901327e+00 4.481448803782948431e+01
2.229413256706774575e+02 5.548628212931316916e+00 4.468235989512617579e+01
2.225640842267896460e+02 5.401166955381806467e+00 4.448526499367947906e+01
2.222624010955568963e+02 5.222813568050939104e+00 4.429767194157030019e+01
2.221345088721382126e+02 5.184065265227772556e+00 4.423774404232408131e+01
2.221582365747460130e+02 5.239802893393885164e+00 4.428395875275059979e+01
2.223735205299873599e+02 5.369346645442202082e+00 4.444733250620347320e+01
2.227095545203427207e+02 5.546783557282644495e+00 4.469405285827988195e+01
2.231563134978229357e+02 5.747297392200009014e+00 4.492289433025890588e+01
2.234848670349735471e+02 5.864241069338452128e+00 4.515924551711222534e+01
2.238109356711456428e+02 5.999790486445994553e+00 4.534124607893627967e+01
2.239939451753359378e+02 6.098469029448944312e+00 4.546291610094105806e+01
2.241695011470574457e+02 6.142310033241257017e+00 4.553784236153377663e+01
2.242517264385036810e+02 6.178139191909733263e+00 4.559951191535184023e+01
2.243137717121587968e+02 6.212148274731963404e+00 4.561284938433447422e+01
2.243577028418933423e+02 6.211270424645348953e+00 4.560026452549276854e+01
2.243668254599934357e+02 6.210378528957348543e+00 4.564614799381993748e+01
2.243992918675967871e+02 6.225091296409007491e+00 4.567145816751720844e+01
2.243661770213961404e+02 6.245570953696334193e+00 4.570976520436349944e+01
2.243867549978931493e+02 6.263486118263963398e+00 4.564606489067840300e+01
2.244592876539163910e+02 6.267755981085256778e+00 4.571712744042324061e+01
2.245483098459665712e+02 6.292520717262044094e+00 4.578582096540100110e+01
2.247070345053607241e+02 6.343884311063251680e+00 4.587126972236527678e+01
2.248505922561917600e+02 6.399159604850414240e+00 4.598110164333536432e+01
2.248658446088300025e+02 6.401264104124725129e+00 4.597963036659019309e+01
2.248587480687297955e+02 6.410507280303384903e+00 4.597535699236855322e+01
2.249856372021162088e+02 6.474414766608923344e+00 4.607545648204504118e+01
2.250989840348330802e+02 6.508254131747740701e+00 4.615633222529144319e+01
2.252451121307177289e+02 6.560825647268130112e+00 4.621590430263589155e+01
2.253857799990636295e+02 6.633433213165410791e+00 4.631054707617397526e+01
2.254331874151411625e+02 6.622417950278570942e+00 4.637937871623203279e+01
2.254678543002949596e+02 6.620266632332974410e+00 4.636646612669132139e+01
2.254420630647502151e+02 6.630282316587854829e+00 4.631446111709349367e+01
2.255558862774474562e+02 6.695463270752376239e+00 4.641840207874900415e+01
2.258249426471276706e+02 6.825107682943958309e+00 4.658648227913291606e+01
2.261924469778547575e+02 6.985921625544267322e+00 4.681869001357741666e+01
2.267210953228147332e+02 7.226532141017838029e+00 4.713858794887401160e+01
2.271956470340371652e+02 7.435393745025516310e+00 4.740844959970036143e+01
2.276895383679011218e+02 7.621756636546654917e+00 4.771583875649609041e+01
2.281874034364904844e+02 7.792312374174820810e+00 4.805502949576290916e+01
2.285304672503394272e+02 7.932494498806123673e+00 4.830660260311812237e+01
2.286082752001498193e+02 7.913333957582283418e+00 4.836040076782620645e+01
2.284648333255302077e+02 7.793410272016480178e+00 4.823402663982395921e+01
2.280392726719415748e+02 7.587896203005758622e+00 4.791605997471791767e+01
2.276267182452361908e+02 7.352541083384053877e+00 4.768202748256004497e+01
2.273798913806826079e+02 7.269412191582002691e+00 4.752119130109087308e+01
2.271502118544875657e+02 7.183798398801441998e+00 4.738214452923826059e+01
2.270049405402874640e+02 7.148052343274497566e+00 4.725387073364857571e+01
2.269335186572405121e+02 7.146343461772555195e+00 4.719921227585560786e+01
2.268799885294255319e+02 7.142903459899808460e+00 4.714285430029495672e+01
2.268651493515613993e+02 7.119856968959220822e+00 4.718438480265930224e+01
2.268622512758088021e+02 7.123155344351327578e+00 4.723704995552225938e+01
2.267523198651622351e+02 7.081815628072475555e+00 4.713044501147057730e+01
2.265413631256144811e+02 7.010476848167049191e+00 4.701699985954398642e+01
2.263755782105903904e+02 6.946022753874244948e+00 4.687683880331476161e+01
2.263148836556018466e+02 6.951899667587434273e+00 4.688126902008521313e+01
2.262708787864600311e+02 6.910467484432792240e+00 4.685209864694039794e+01
2.263041048270050055e+02 6.955592490285125606e+00 4.687517674048410754e+01
2.263923533405121873e+02 6.987519312701905960e+00 4.691412753406058300e+01
2.264772391029542575e+02 7.011427267194156876e+00 4.698513156046631423e+01
2.265561074956692664e+02 7.037680837117842536e+00 4.701938292991244595e+01
2.266100402640573179e+02 7.090289807575261172e+00 4.706003909359052528e+01
2.266437918441874615e+02 7.096485088253195350e+00 4.706797719930708013e+01
2.265696088300014139e+02 7.063967180111428767e+00 4.702510417154361022e+01
2.265149433494077300e+02 7.050189615618708494e+00 4.699761810009832175e+01
2.265091343227679204e+02 7.092314715108384959e+00 4.696031181235076701e+01
2.265787314481015073e+02 7.142200009363734559e+00 4.697720164801722831e+01
2.267053490331944374e+02 7.202115033475349648e+00 4.706279086099536357e+01
2.267612774474460480e+02 7.211898965307364406e+00 4.711749730792639923e+01
2.267664907064937552e+02 7.206408305632286293e+00 4.712697457746148899e+01
2.266396565850461116e+02 7.144473055854675181e+00 4.705745587340231140e+01
2.264687286389812186e+02 7.069680228475116124e+00 4.693239383866286119e+01
2.263903623765157533e+02 7.063186478767732979e+00 4.689721428905847489e+01
2.263804742731401234e+02 7.058352450957442237e+00 4.687845872934126135e+01
2.263566435694554855e+02 7.073232595158949643e+00 4.687932604522683988e+01
2.264521934547497608e+02 7.115745119153518594e+00 4.693489512617632187e+01
2.265063661688281229e+02 7.122663748302823450e+00 4.696695772273982783e+01
2.264384954819982170e+02 7.081455124303571935e+00 4.688058780841799944e+01
2.263525399129172797e+02 7.050882531953742927e+00 4.682073598951262028e+01
2.261988283627510725e+02 6.993564773631724130e+00 4.671385949716746921e+01
2.259666709583781881e+02 6.899163116250760730e+00 4.654827239102954195e+01
2.256962896203005755e+02 6.829945222154595541e+00 4.637881221030946932e+01
2.255959139004635006e+02 6.757200711643803537e+00 4.630806217519546664e+01
2.257567009223278376e+02 6.811949295378997071e+00 4.643982045039561513e+01
2.260475314855564477e+02 6.946185448756963865e+00 4.664865630413408581e+01
2.263795390701811812e+02 7.083734023128423374e+00 4.684684793295566152e+01
2.266501100238775166e+02 7.216187555597172398e+00 4.702947703544173663e+01
2.267666896858467283e+02 7.262437380027154887e+00 4.709869375907111788e+01
2.267288063579755715e+02 7.253767732571749782e+00 4.706360082400861700e+01
2.267166100941055333e+02 7.265635095275996491e+00 4.703753101736973008e+01
2.267434360222856924e+02 7.275540755653354452e+00 4.706329065031134462e+01
2.267883796057867869e+02 7.349674610234561811e+00 4.709686431949061358e+01
2.267903296034458549e+02 7.354087270003277332e+00 4.710529050985532962e+01
2.267336005899152553e+02 7.380814878973734672e+00 4.705765719368883993e+01
2.266419448476052310e+02 7.363303525445948239e+00 4.700256800412004310e+01
2.265261821714499604e+02 7.273717168406760969e+00 4.688971744931878760e+01
2.264358034083992663e+02 7.273627042464535286e+00 4.683149960204129059e+01
2.263297275153331043e+02 7.238460367994756339e+00 4.676443068495716204e+01
2.261704679526195036e+02 7.169608830001404698e+00 4.666180064609766021e+01
2.259420958378201192e+02 7.096666510604428879e+00 4.651250643756730341e+01
2.258452736551336670e+02 7.101102579708787665e+00 4.643863242661173274e+01
2.257397619270565201e+02 7.080789128704527258e+00 4.640119504658457572e+01
2.256484385973126052e+02 7.079554286249356565e+00 4.634472470621283691e+01
2.256157240507514530e+02 7.063253195374315396e+00 4.632108595908048443e+01
2.256456142609672781e+02 7.072791329182077646e+00 4.635504822323142804e+01
2.257500667166065966e+02 7.140180954164520699e+00 4.643036073786225870e+01
2.258268821105857000e+02 7.181362657427782459e+00 4.647076759211573460e+01
2.258352263682756700e+02 7.157542487944192011e+00 4.648054801254740198e+01
2.258077508310314272e+02 7.163569221405496457e+00 4.649536846294301995e+01
2.257851245376656095e+02 7.150474039046772035e+00 4.643646706306474670e+01
2.257890432604522744e+02 7.142765344819514084e+00 4.648799335174867764e+01
2.257840453672924639e+02 7.139211807668898402e+00 4.651248653963200752e+01
2.256821597453064214e+02 7.096538929725173972e+00 4.643231073552132671e+01
2.254731377873496001e+02 7.041324500210683901e+00 4.624657638466220533e+01
2.251806030244861745e+02 6.916830141860573988e+00 4.609038110398427079e+01
2.249373730043541286e+02 6.793125848588417171e+00 4.595956505454375218e+01
2.248020916241397060e+02 6.763564539538368336e+00 4.587503277306989702e+01
2.247593309611873167e+02 6.750438925043307670e+00 4.585190551992134544e+01
2.247565955803174234e+02 6.742123929022894480e+00 4.582702022566599709e+01
2.249321562339060847e+02 6.795939650732711890e+00 4.593953719743433339e+01
2.251488658176880904e+02 6.887302776347207001e+00 4.608268528489161753e+01
2.253179128236340603e+02 6.981840207874900450e+00 4.621311859169436786e+01
2.254143955709537011e+02 6.996966150100660364e+00 4.624656467999437837e+01
2.253762348424551760e+02 6.974604382227632016e+00 4.623273795589680901e+01
2.253036214242239907e+02 6.919240132965026824e+00 4.619034598998080554e+01
2.254519160541223926e+02 6.929983847558406573e+00 4.631469052858280122e+01
2.257101982770728910e+02 7.046874853691652341e+00 4.650077601947656802e+01
2.259258801910201839e+02 7.089983145278337062e+00 4.667077578538321347e+01
2.259622746851444219e+02 7.118888992930380688e+00 4.672491923779202949e+01
2.258942377920314755e+02 7.096417201179830769e+00 4.667442061894283256e+01
2.258255641649890038e+02 7.077589072522122216e+00 4.661206283065686762e+01
2.256372793670115584e+02 6.990192658832341976e+00 4.652570228006928943e+01
2.254524532983753886e+02 6.938362048785055691e+00 4.639489091249590302e+01
2.252972833465986184e+02 6.861859169436771211e+00 4.633587246593941700e+01
2.251692342806311160e+02 6.810577508310314165e+00 4.623376679619832430e+01
2.250442963153705591e+02 6.739718619785570297e+00 4.615490776721756561e+01
2.250288531766468338e+02 6.713337468982630618e+00 4.612210543564773957e+01
2.251272508076220902e+02 6.787639870780466822e+00 4.617342689264478395e+01
2.251561262231377896e+02 6.771043822276324065e+00 4.620647151083852577e+01
2.251911430778594365e+02 6.774668757900650817e+00 4.622053818062643415e+01
2.252412179877335063e+02 6.876133011845124265e+00 4.624271969661501203e+01
2.253444929537899668e+02 6.916407603352216604e+00 4.633770775785383478e+01
2.254966044758649844e+02 6.996286108900229728e+00 4.643502153658879195e+01
2.256282035675827444e+02 7.033938854815300346e+00 4.651634088674563117e+01
2.257313860667634344e+02 7.091874619598296015e+00 4.656866894517533240e+01
2.258564551243035794e+02 7.157735614963247173e+00 4.666045109789784107e+01
2.260445702045975906e+02 7.264045601385832995e+00 4.679569268224167899e+01
2.262699763565709929e+02 7.351491174680462315e+00 4.693615337796713050e+01
2.264919319724706099e+02 7.439420150756121508e+00 4.707673580223793408e+01
2.265993679479376510e+02 7.505406386066763247e+00 4.714464862587199434e+01
2.266560794044665101e+02 7.493776628119293903e+00 4.716962404606957193e+01
2.267100215365887834e+02 7.514182545999344320e+00 4.721051664403763937e+01
2.267421684067606122e+02 7.536291493047427181e+00 4.719314223512336781e+01
2.267724074160775274e+02 7.526003090032304499e+00 4.723962030057587214e+01
2.268184570906877582e+02 7.547151083852240205e+00 4.726899667587434095e+01
2.267863687438550357e+02 7.537062830656865664e+00 4.720961187321503871e+01
2.267382473430403991e+02 7.499446369212042107e+00 4.711483098459665797e+01
2.266901563743620898e+02 7.468261622735147043e+00 4.706663935577508084e+01
2.266600777189943301e+02 7.459812023034785966e+00 4.709233695397724517e+01
2.265084051219626247e+02 7.359048878692822981e+00 4.695005384147197702e+01
2.261587586029308454e+02 7.233373519359520998e+00 4.673538789269160532e+01
2.257790708834683358e+02 7.074364436537290857e+00 4.651326372957535682e+01
2.255444391123180026e+02 6.940065077953088135e+00 4.638554824664075937e+01
2.254165597640339058e+02 6.861271595112130584e+00 4.626996582236996147e+01
2.251852404138770680e+02 6.756048972330165547e+00 4.612520132028652853e+01
2.248683892036144130e+02 6.582851491174680270e+00 4.594408446088299769e+01
2.247250070228006962e+02 6.506451612903226156e+00 4.586172456575682332e+01
2.248184231471510941e+02 6.578473945409429646e+00 4.592362001966384355e+01
2.251026815393979064e+02 6.701107261575916851e+00 4.614407158574839940e+01
2.254962170513600768e+02 6.902752937871623473e+00 4.636088768200758636e+01
2.258459876398707706e+02 6.999933283393417582e+00 4.657882508544407330e+01
2.260714815768528467e+02 7.066247249403062369e+00 4.673749005103235277e+01
2.262227749426471348e+02 7.114366309284142709e+00 4.685625848588416886e+01
2.263223559155391058e+02 7.150025750269207059e+00 4.693415305023643214e+01
2.263703801676108469e+02 7.166692026780279612e+00 4.694582728592162368e+01
2.263250550119387583e+02 7.147011798305164199e+00 4.694663958986843966e+01
2.262476368275668221e+02 7.140406854253476432e+00 4.686509668055620637e+01
2.263135774146729773e+02 7.181017369727046962e+00 4.693103726766234729e+01
2.264542125099489738e+02 7.226347207266258010e+00 4.702453883608783514e+01
2.265580481295940842e+02 7.293354089610937230e+00 4.710757292008052843e+01
2.266432932253382546e+02 7.345226836462381392e+00 4.717389156795729832e+01
2.267165925371037929e+02 7.390974530642820284e+00 4.719183599419448427e+01
2.268037408118357519e+02 7.445840161056229256e+00 4.730231518329510010e+01
2.268496008708272882e+02 7.451658551430310418e+00 4.729956926822416818e+01
2.268643066154782559e+02 7.428956177723676113e+00 4.730475326560232219e+01
2.268259679760288350e+02 7.407036846294301924e+00 4.722748724191207259e+01
2.267251966384193906e+02 7.377774006273702057e+00 4.717981530034177950e+01
2.266595135540053434e+02 7.369845264291399189e+00 4.709795636499836036e+01
2.266195936139332332e+02 7.339896530736457869e+00 4.705677466173509771e+01
2.265768598717168345e+02 7.338536448335596596e+00 4.699758532702841762e+01
2.265869469544454375e+02 7.305986937590711605e+00 4.702780443841003688e+01
2.264784751158762219e+02 7.280491830141860632e+00 4.692031813287138675e+01
2.263667997097242335e+02 7.224427641743527140e+00 4.686803689311297205e+01
2.263209466735333990e+02 7.223794419214383034e+00 4.683014069010721414e+01
2.263296022753874297e+02 7.219677887541551264e+00 4.679002996394962111e+01
2.264149304742731488e+02 7.256304134088674473e+00 4.687598787396413513e+01
2.266234069947094838e+02 7.362596563509527847e+00 4.699365021770682205e+01
2.269424727281239882e+02 7.503830937777985710e+00 4.721889952713141980e+01
2.272736551336673188e+02 7.653844983379372025e+00 4.739530057586965484e+01
2.274562643382180909e+02 7.719709490144669672e+00 4.755860995364951549e+01
2.275033615805983516e+02 7.707693478159090006e+00 4.760025516175851124e+01
2.274865712346083626e+02 7.671146823353153010e+00 4.755002809120276908e+01
2.274878833278711454e+02 7.708938854815300168e+00 4.757362001966384213e+01
2.273621670022004650e+02 7.654635048457325119e+00 4.748069549136195633e+01
2.271647502223886761e+02 7.524939135727327866e+00 4.735558897888478214e+01
2.269377920314621520e+02 7.418976777939041867e+00 4.718495013811507732e+01
2.268075658972798294e+02 7.376032351701859113e+00 4.714179268692354441e+01
2.268013483777330350e+02 7.395754716981132404e+00 4.715605482466407494e+01
2.266914111147525546e+02 7.429186759679760499e+00 4.706891474319958490e+01
2.265930673252493079e+02 7.398663326934781459e+00 4.706891942506671711e+01
2.266179537899714376e+02 7.421806966618287760e+00 4.707909897467109772e+01
2.266831710286062105e+02 7.463836087831827726e+00 4.713192565194999872e+01
2.268254319022426273e+02 7.499627791563275636e+00 4.715631115688936603e+01
2.270004880846481683e+02 7.540908984503019497e+00 4.732706704433728362e+01
2.271048714827473134e+02 7.560709771056697726e+00 4.739561074956692721e+01
2.270942483262325027e+02 7.533793716934312990e+00 4.740054894892082871e+01
2.270454937028887059e+02 7.521625544267053876e+00 4.734874057774240441e+01
2.270107226461913115e+02 7.526431480874572699e+00 4.730044360691043437e+01
2.269831359146027410e+02 7.509081651762723020e+00 4.728984971206516974e+01
2.269570871763659454e+02 7.499115127112692569e+00 4.726667095837819943e+01
2.270520740671379656e+02 7.491414626152909761e+00 4.734313404185589036e+01
2.271657755512898405e+02 7.512182218268645961e+00 4.740708834683271533e+01
2.272377557469918941e+02 7.526975747928274174e+00 4.745745470293552870e+01
2.271997249403061971e+02 7.468970925605131761e+00 4.745051383491736630e+01
2.271113792780560914e+02 7.385035582190177195e+00 4.733562432698160194e+01
2.269397771431246724e+02 7.262471323563837622e+00 4.722391731822651195e+01
2.267923603633128948e+02 7.164882485135072088e+00 4.710497331335736959e+01
2.266232103562900875e+02 7.089277353808698834e+00 4.701575916475490402e+01
2.265441511774895957e+02 6.998021911138161855e+00 4.700059342665855411e+01
2.265879114190739188e+02 6.991161805327965162e+00 4.700339903553537368e+01
2.266281906924481575e+02 6.979288590289807637e+00 4.701425394447305450e+01
2.266214476333161656e+02 7.024911044524556836e+00 4.701047333676670092e+01
2.265535312982817686e+02 7.011544313872372314e+00 4.699259445666932322e+01
2.263905473102673227e+02 6.901643335362142473e+00 4.687243901868065166e+01
2.262026042885902939e+02 6.825291446228756165e+00 4.676330118451238604e+01
2.260247249403061858e+02 6.752635891193407680e+00 4.664590102532890370e+01
2.259470586169764488e+02 6.741799709724237921e+00 4.658042277260171460e+01
2.259109579100145027e+02 6.775414345240881708e+00 4.654477152488412628e+01
2.258538145512430333e+02 6.754282737955897176e+00 4.651120019663841987e+01
2.257134498337937032e+02 6.713743620956036828e+00 4.640775434243176534e+01
2.256185355119621647e+02 6.691394728217613164e+00 4.636402336251697420e+01
2.254811777236762111e+02 6.660988342150849562e+00 4.628348822510417193e+01
2.253091998689077116e+02 6.575647268130530243e+00 4.614646050845077241e+01
2.250460087082728649e+02 6.480584297017650819e+00 4.598190458354791588e+01
2.246990004213680550e+02 6.278307739126363529e+00 4.576574277821995196e+01
2.245232536635610359e+02 6.187000795917412255e+00 4.570748045320473807e+01
2.246246582236996119e+02 6.209628259749988111e+00 4.577171801114284477e+01
2.247305128985439353e+02 6.287663280116110087e+00 4.589467554660798498e+01
2.247872489348752367e+02 6.340954632707523686e+00 4.590820965401002240e+01
2.248859930240179779e+02 6.395459759352029927e+00 4.594705861697644877e+01
2.249675839224682932e+02 6.453225806451612812e+00 4.601151856360316827e+01
2.249241994007209939e+02 6.464169670864740702e+00 4.596799124490846822e+01
2.248235415983894256e+02 6.440423240788426540e+00 4.589601456060677265e+01
2.247106313497822896e+02 6.414977292944426424e+00 4.584847254084929347e+01
2.246285488552834977e+02 6.377221545952525439e+00 4.580759047708225751e+01
2.246335842033803090e+02 6.388038999953181474e+00 4.579594667353340753e+01
2.246275282082494584e+02 6.367929210169015697e+00 4.581553794653307676e+01
2.246076454890210243e+02 6.377097476473617910e+00 4.577366449740156185e+01
2.245627323376562572e+02 6.356588557516738014e+00 4.575511142843765811e+01
2.245157369258860456e+02 6.338104546092981906e+00 4.571657966196919176e+01
2.244938421742591004e+02 6.358325530221452304e+00 4.570471581066529154e+01
2.244712392902289366e+02 6.342279601104920950e+00 4.571994709490144970e+01
2.244424013296502665e+02 6.363367901118966330e+00 4.574265649140877343e+01
2.244902453298375349e+02 6.385405449693338120e+00 4.576692026780280287e+01
2.245979282737955884e+02 6.419935390233625583e+00 4.584414298422210976e+01
2.246720937309799240e+02 6.452683880331476551e+00 4.587431059506531028e+01
2.247112891521138636e+02 6.494313872372302399e+00 4.588353270284189023e+01
2.246621950934032554e+02 6.503870733648579261e+00 4.585888735427688800e+01
2.246592127440423212e+02 6.493770775785383087e+00 4.588090617538274074e+01
2.247198335596235665e+02 6.541406432885434441e+00 4.593807645489020786e+01
2.247320520623624702e+02 6.559025469357179894e+00 4.593238915679572898e+01
2.247594269394634523e+02 6.560178379137600047e+00 4.594168968584671831e+01
2.247514888337468904e+02 6.545726625778360841e+00 4.589495177676857196e+01
2.247823247811227247e+02 6.590544969333770098e+00 4.592147806545250432e+01
2.247860304789550128e+02 6.580291680322112313e+00 4.593235053139191848e+01
2.247996020412940652e+02 6.614152113863008609e+00 4.588046256847230353e+01
2.248196767170747705e+02 6.637514630834776774e+00 4.586873566178191908e+01
2.247958284563884206e+02 6.629165691277681738e+00 4.584243176178659951e+01
2.247507373940727575e+02 6.619010721475724779e+00 4.580726859871716528e+01
2.247039292569876920e+02 6.620964230535137496e+00 4.576172807715717283e+01
2.247012980476613961e+02 6.629049815066248463e+00 4.576236247015309999e+01
2.247299721428905741e+02 6.633243597546701231e+00 4.576464370991151043e+01
2.246675406151973391e+02 6.611366402921484919e+00 4.574085397256425978e+01
2.245179678355728186e+02 6.539491549229833112e+00 4.562851842314714901e+01
2.243464944519874393e+02 6.510221686408539377e+00 4.550908399269629001e+01
2.242061016433353586e+02 6.465194999765906836e+00 4.546732407884264404e+01
2.241686209560372731e+02 6.466146589259796684e+00 4.545488669881548560e+01
2.240776745165972272e+02 6.421885387892691810e+00 4.538476520436350370e+01
2.239532351701858772e+02 6.348835385551757859e+00 4.532482794138302040e+01
2.238737335549417082e+02 6.326961702326888037e+00 4.525559131981834327e+01
2.239721545952525901e+02 6.318423147151083441e+00 4.534357881923310885e+01
2.241121435928648395e+02 6.347657895968912278e+00 4.542794723535745760e+01
2.241835256800412139e+02 6.358202631209326050e+00 4.542810875977339435e+01
2.241635867784072218e+02 6.364898871670021663e+00 4.539588229786038909e+01
2.241521302495435179e+02 6.369066903881267727e+00 4.537432229973313014e+01
2.241627288262559148e+02 6.389340559014935472e+00 4.538570040732243882e+01
2.241802671005196999e+02 6.407579942881221235e+00 4.541668032211245531e+01
2.241902757619738793e+02 6.398339107636124901e+00 4.542450489255114832e+01
2.241905133667306416e+02 6.405208577180579788e+00 4.543206493749707420e+01
2.242072112458448316e+02 6.440184465564867011e+00 4.546634556861276621e+01
2.242208425019898073e+02 6.427498946579896177e+00 4.546744112552085682e+01
2.242038391310454699e+02 6.431662296924013589e+00 4.543705463738939443e+01
2.242186548995739486e+02 6.427713142001030278e+00 4.547777517674048653e+01
2.241874736644973893e+02 6.423055854674844412e+00 4.543391778641321821e+01
2.241501966384194020e+02 6.428438831405964393e+00 4.538170794512851813e+01
2.240391415796619583e+02 6.397691839505594835e+00 4.540715974530642995e+01
2.239832880752844346e+02 6.365521559998127188e+00 4.538583969286951714e+01
2.239971943911231733e+02 6.376212603586310479e+00 4.542302659300528944e+01
2.240536565382274432e+02 6.429628025656631607e+00 4.545572124163116001e+01
2.241180006086427170e+02 6.449201741654571940e+00 4.553169272906034593e+01
2.241658446088300138e+02 6.479654946392621184e+00 4.555003394353668256e+01
2.241608584203380303e+02 6.517590945268973535e+00 4.555196287279367340e+01
2.241566459103890736e+02 6.474099911044524980e+00 4.556927290603492509e+01
2.241067840254693522e+02 6.442162554426705157e+00 4.551459103890631752e+01
2.241337808417997053e+02 6.462054637389391232e+00 4.554460297766749477e+01
2.242190107214757120e+02 6.510577508310314343e+00 4.556992836743292941e+01
2.242464885996535315e+02 6.513120932627932014e+00 4.562074301231331219e+01
2.242335022707055714e+02 6.511179128236340929e+00 4.561428320614260912e+01
2.242187204457137568e+02 6.514444730558547114e+00 4.559598061707009009e+01
2.243138676904349325e+02 6.534346177255489607e+00 4.565917880050564293e+01
2.243821445292382464e+02 6.576910201788472854e+00 4.570544384100379176e+01
2.243823271220562674e+02 6.569688421742591267e+00 4.572004190271080404e+01
2.243427770494873243e+02 6.536408539725642619e+00 4.569521630226134334e+01
2.243574909874057823e+02 6.528383819467203253e+00 4.568270284189334518e+01
2.243957874900510205e+02 6.565938246172573933e+00 4.569607542487943874e+01
2.243927594924855953e+02 6.585962591881642680e+00 4.569990870359099233e+01
2.243022519780888615e+02 6.539919940072100424e+00 4.564802893393885341e+01
2.241683306802752895e+02 6.459991104452456057e+00 4.562367971346973405e+01
2.241479739220000909e+02 6.425225900088955555e+00 4.558840886745634435e+01
2.241374631302963678e+02 6.439224682803502020e+00 4.559330610047286569e+01
2.241417786413221620e+02 6.447910716793857411e+00 4.558896718011143179e+01
2.241342864834495856e+02 6.434517065405684022e+00 4.557524345709068569e+01
2.241410728498525202e+02 6.477223886886090298e+00 4.553296853785289500e+01
