1.792720301418439703e+02 6.920168439716312037e+01 4.326985815602836993e+01
1.796552748226950484e+02 6.948528368794326582e+01 4.349153368794326013e+01
1.797185726950354479e+02 6.950523049645390472e+01 4.352526595744680549e+01
1.787014184397163206e+02 6.878377659574468339e+01 4.300500886524822874e+01
1.770549202127659498e+02 6.767890070921986023e+01 4.223732269503545922e+01
1.765562500000000057e+02 6.738461879432624357e+01 4.213927304964538934e+01
1.769461879432624016e+02 6.785673758865247862e+01 4.253661347517730462e+01
1.775304299645389960e+02 6.846234485815602966e+01 4.304133421985815744e+01
1.775494237588652595e+02 6.861644503546099827e+01 4.332287234042553337e+01
1.771119459219858072e+02 6.830090868794326298e+01 4.324904698581560325e+01
1.767903590425531775e+02 6.815636081560283799e+01 4.310675975177304764e+01
1.763701906028368853e+02 6.785729166666666856e+01 4.279479166666666856e+01
1.764855274822695037e+02 6.790011081560284367e+01 4.296504875886525099e+01
1.763824689716311980e+02 6.787710549645390756e+01 4.286899379432624357e+01
1.755667553191489390e+02 6.722544326241134627e+01 4.247584219858156018e+01
1.758719858156028408e+02 6.761329787234042499e+01 4.261258865248226613e+01
1.770290558510638164e+02 6.863499556737588136e+01 4.334576684397163149e+01
1.773378102836879293e+02 6.894592198581560183e+01 4.350913120567376069e+01
1.772019725177304963e+02 6.864855939716312605e+01 4.324864804964538934e+01
1.766248005319149001e+02 6.817382535460993154e+01 4.276305407801418568e+01
1.764934397163120536e+02 6.791804078014183688e+01 4.248634751773049345e+01
1.774463874113475299e+02 6.861637854609928411e+01 4.297010195035461066e+01
1.783584663120567484e+02 6.929782801418440386e+01 4.346196808510638476e+01
1.781541445035460924e+02 6.909541223404255561e+01 4.321877216312056902e+01
1.778312278368794352e+02 6.883198138297872504e+01 4.286456117021276668e+01
1.773190602836879464e+02 6.855257092198581859e+01 4.275979609929078151e+01
1.768803856382978665e+02 6.815835549645390756e+01 4.242590868794326298e+01
1.767484042553191443e+02 6.823541666666666572e+01 4.247805851063829863e+01
1.759035460992907929e+02 6.765305851063830289e+01 4.207132092198581574e+01
1.751228945035460924e+02 6.714417109929078720e+01 4.163823138297872362e+01
1.756315602836879464e+02 6.761759751773050198e+01 4.198510638297872077e+01
1.762313386524822647e+02 6.817468971631205932e+01 4.243297872340425414e+01
1.764446143617021221e+02 6.828339982269503139e+01 4.253619237588652169e+01
1.765895611702127610e+02 6.842821365248227039e+01 4.272019060283687963e+01
1.766296099290780148e+02 6.849264184397162580e+01 4.280731382978723332e+01
1.766026817375886537e+02 6.838521719858155734e+01 4.276234485815602682e+01
1.768222074468085054e+02 6.850540780141844266e+01 4.284113475177304764e+01
1.767309397163120650e+02 6.833484042553190818e+01 4.272987588652482316e+01
1.768457003546099315e+02 6.837433510638297207e+01 4.282814716312056902e+01
1.772046764184397034e+02 6.871753102836879634e+01 4.309949024822694952e+01
1.765639849290780035e+02 6.818734485815602397e+01 4.275640514184397034e+01
1.760902260638297889e+02 6.782918882978722763e+01 4.245591755319149030e+01
1.763279476950354479e+02 6.806035017730496861e+01 4.273167109929077867e+01
1.763242686170212892e+02 6.796354166666667140e+01 4.266571365248226755e+01
1.763195478723404221e+02 6.796808510638297207e+01 4.253222517730496577e+01
1.767404698581560183e+02 6.831679964539007699e+01 4.280616134751772961e+01
1.770595966312056646e+02 6.858246897163120082e+01 4.309355053191489304e+01
1.773154920212765830e+02 6.879736258865247578e+01 4.321558067375886480e+01
1.770591533687943127e+02 6.866469414893616374e+01 4.324873670212765830e+01
1.760054521276595665e+02 6.777464539007091560e+01 4.276493794326241016e+01
1.757573138297872219e+02 6.747641843971631204e+01 4.267375886524822448e+01
1.763279920212766001e+02 6.789900265957446379e+01 4.309421542553191387e+01
1.769870345744680833e+02 6.840343528368794068e+01 4.344009308510638334e+01
1.776836879432624130e+02 6.901112588652482316e+01 4.386010638297872077e+01
1.775294769503546206e+02 6.894485815602837420e+01 4.386210106382979035e+01
1.761029698581560297e+02 6.799286347517730178e+01 4.313882978723404449e+01
1.757668661347517798e+02 6.779864804964539360e+01 4.303424202127659726e+01
1.754151374113475299e+02 6.764474734042552484e+01 4.292683953900709071e+01
1.748712322695035368e+02 6.727198581560283230e+01 4.265146276595744723e+01
1.748670877659574501e+02 6.726323138297871651e+01 4.257954343971631062e+01
1.748590425531915002e+02 6.735882092198581006e+01 4.278927304964538791e+01
1.740891179078014090e+02 6.676442819148935826e+01 4.235755762411347547e+01
1.744533244680850999e+02 6.696382978723404733e+01 4.260620567375886480e+01
1.748339095744680947e+02 6.717535460992907304e+01 4.253914007092198801e+01
1.750482934397163035e+02 6.704762854609928979e+01 4.240197251773049913e+01
1.751859485815602966e+02 6.708816489361701940e+01 4.236578014184397034e+01
1.747686170212765830e+02 6.674250886524822590e+01 4.211950354609928837e+01
1.743167109929078151e+02 6.626799645390070737e+01 4.165629432624113804e+01
1.749434397163120707e+02 6.676644503546098974e+01 4.197854609929078151e+01
1.752780363475177410e+02 6.700308067375885912e+01 4.220308067375886196e+01
1.756988253546099372e+02 6.727187499999999432e+01 4.235028812056737735e+01
1.764521054964538962e+02 6.786850620567375358e+01 4.283973847517730604e+01
1.761940159574468225e+02 6.762158687943262692e+01 4.265177304964539218e+01
1.753762411347517798e+02 6.698302304964539644e+01 4.219131205673758700e+01
1.749157136524822818e+02 6.675565159574468055e+01 4.190609485815603108e+01
1.743658244680850942e+02 6.637894503546098690e+01 4.161489361702127354e+01
1.742810948581560240e+02 6.616602393617021960e+01 4.147834663120567456e+01
1.747589317375886537e+02 6.652910017730496861e+01 4.174510195035460924e+01
1.750920434397163206e+02 6.651243351063830289e+01 4.192701684397162865e+01
1.754057845744680719e+02 6.644071365248227323e+01 4.199102393617021534e+01
1.757881205673758984e+02 6.663333333333333997e+01 4.222504432624113235e+01
1.753451684397163035e+02 6.621440602836879918e+01 4.197907801418439533e+01
1.749039007092198688e+02 6.578235815602836567e+01 4.165425531914893753e+01
1.749682624113475242e+02 6.596201241134751569e+01 4.171804078014184114e+01
1.749087101063829834e+02 6.600028812056737593e+01 4.175432180851063890e+01
1.748924423758865316e+02 6.611562499999999432e+01 4.177072251773049771e+01
1.748961657801418426e+02 6.627125443262411864e+01 4.193543882978723758e+01
1.743734264184397205e+02 6.585755762411346836e+01 4.174931294326241016e+01
1.741424645390070793e+02 6.565824468085106957e+01 4.148993794326241158e+01
1.742837101063829834e+02 6.580068705673758700e+01 4.167085549645390330e+01
1.744277039007092185e+02 6.591445035460992585e+01 4.167211879432623789e+01
1.753447695035461038e+02 6.655500886524822590e+01 4.221320921985815744e+01
1.759797650709219852e+02 6.697316046099290077e+01 4.261429521276595977e+01
1.755900930851063890e+02 6.669643173758865373e+01 4.214789450354609812e+01
1.751333998226950257e+02 6.624527925531914718e+01 4.162555407801418283e+01
1.743554521276595608e+02 6.573178191489361666e+01 4.109858156028369081e+01
1.740029255319148831e+02 6.538461879432624357e+01 4.075638297872340132e+01
1.751074468085106446e+02 6.619898049645389904e+01 4.128182624113475185e+01
1.755988918439716429e+02 6.673705673758865942e+01 4.153577127659574586e+01
1.749020611702127610e+02 6.616243351063829436e+01 4.101797429078013835e+01
1.742704122340425670e+02 6.572010195035460356e+01 4.071110372340425698e+01
1.737251551418439703e+02 6.526447251773049629e+01 4.052595301418439533e+01
1.735286125886524928e+02 6.513566046099290929e+01 4.036837322695035368e+01
1.738276817375886480e+02 6.541739804964538507e+01 4.045804521276595977e+01
1.737026817375886480e+02 6.528003102836879634e+01 4.032927748226950371e+01
1.735408466312056817e+02 6.510170656028368796e+01 4.017706117021276668e+01
1.738141622340425556e+02 6.526048315602837135e+01 4.033180407801418710e+01
1.736308067375886424e+02 6.510239361702127781e+01 4.020416666666666572e+01
1.734983599290780205e+02 6.500815602836878782e+01 4.013634751773049913e+01
1.742593085106383057e+02 6.553976063829787790e+01 4.042331560283687963e+01
1.744680407801418482e+02 6.556635638297872504e+01 4.041812943262411295e+01
1.744473404255319053e+02 6.538200354609928411e+01 4.018537234042553052e+01
1.744479388297872333e+02 6.542794769503545638e+01 4.013707890070921991e+01
1.739080008865248317e+02 6.507825797872339990e+01 3.986345301418439391e+01
1.737746675531914775e+02 6.520378989361702793e+01 3.993415336879432687e+01
1.741810062056737536e+02 6.565800088652481747e+01 4.025644946808510838e+01
1.740922207446808443e+02 6.577471187943262976e+01 4.023144946808510980e+01
1.739615691489361780e+02 6.567810283687943240e+01 4.005558510638297776e+01
1.737798980496453964e+02 6.554731826241135195e+01 4.004736258865248288e+01
1.731458333333333428e+02 6.498346631205673418e+01 3.973031914893616801e+01
1.735100842198581574e+02 6.511114804964539360e+01 3.975418882978723190e+01
1.743393173758865373e+02 6.581990248226949802e+01 4.021281028368794352e+01
1.748494902482269424e+02 6.626677748226950371e+01 4.044745124113475043e+01
1.750580673758865373e+02 6.653151595744681401e+01 4.068040780141843982e+01
1.746050310283687850e+02 6.628136081560283799e+01 4.062484485815603108e+01
1.733318484042553109e+02 6.524049202127659441e+01 3.984656471631205932e+01
1.730610150709219965e+02 6.495055407801417857e+01 3.977382535460992585e+01
1.733483377659574387e+02 6.523512854609928979e+01 3.996296542553191244e+01
1.735040558510638391e+02 6.542910017730496008e+01 4.020055407801418568e+01
1.740084884751773018e+02 6.588233599290779807e+01 4.048956117021276668e+01
1.740038785460992870e+02 6.597821365248226755e+01 4.050188386524822448e+01
1.732074468085106389e+02 6.533585992907801199e+01 3.999401595744680549e+01
1.729027703900709128e+02 6.516012854609928695e+01 3.983406471631205648e+01
1.726092863475177239e+02 6.493632535460993438e+01 3.975383421985815602e+01
1.724959219858156132e+02 6.477788120567376495e+01 3.964703014184397034e+01
1.730472960992907758e+02 6.533014184397163149e+01 4.000562943262411153e+01
1.733291888297872276e+02 6.569727393617021960e+01 4.023854166666666998e+01
1.731405363475177239e+02 6.556074911347518253e+01 4.010981826241134485e+01
1.731271054964539076e+02 6.545760195035461493e+01 3.993379875886525099e+01
1.727222517730496349e+02 6.502584219858155734e+01 3.956493794326241442e+01
1.725566710992907815e+02 6.467320478723404165e+01 3.925161790780141757e+01
1.727734707446808500e+02 6.485046542553190818e+01 3.938628102836879208e+01
1.719439716312056703e+02 6.437300531914893043e+01 3.884348404255319309e+01
1.707426640070922019e+02 6.350082003546098974e+01 3.821921542553191387e+01
1.702575132978723502e+02 6.317861258865248431e+01 3.792214095744680691e+01
1.695792553191489276e+02 6.275031028368794495e+01 3.751476063829787222e+01
1.693105053191489446e+02 6.254813829787234170e+01 3.726750886524822448e+01
1.696469414893616943e+02 6.293262411347517826e+01 3.758834219858155734e+01
1.699572251773049629e+02 6.314273049645390046e+01 3.785642730496454078e+01
1.702223625886524871e+02 6.332812500000000000e+01 3.788636968085106105e+01
1.700426640070921849e+02 6.312191932624113377e+01 3.764319592198581432e+01
1.690841976950354706e+02 6.214576684397162865e+01 3.703127216312056902e+01
1.689601728723404221e+02 6.198472960992907588e+01 3.688925088652482032e+01
1.698654255319148945e+02 6.266400709219858101e+01 3.736187943262411437e+01
1.702820035460993040e+02 6.289831560283688106e+01 3.770811170212765973e+01
1.705837765957446948e+02 6.300753546099290503e+01 3.782779255319148604e+01
1.704649601063829891e+02 6.287635195035461066e+01 3.775622783687943240e+01
1.696771054964538905e+02 6.218889627659574160e+01 3.728317819148936252e+01
1.695704787234042499e+02 6.207526595744680975e+01 3.714649822695035652e+01
1.697422207446808500e+02 6.223335549645390330e+01 3.734301861702127923e+01
1.697243351063829664e+02 6.217615248226950087e+01 3.731852836879432544e+01
1.699872562056737593e+02 6.240769060283687963e+01 3.748100620567375785e+01
1.701865913120567484e+02 6.262825797872340416e+01 3.765813386524822448e+01
1.700071586879432743e+02 6.245760195035460782e+01 3.751522606382978609e+01
1.699442154255319224e+02 6.244168882978723190e+01 3.745476507092198659e+01
1.695506648936170109e+02 6.209804964539006988e+01 3.723718971631205932e+01
1.684939273049645294e+02 6.114614361702127354e+01 3.655243794326241158e+01
1.687923537234042612e+02 6.135658244680850970e+01 3.673171542553191671e+01
1.696228501773049686e+02 6.195392287234042783e+01 3.756478280141843840e+01
1.696533023049645408e+02 6.182289450354610238e+01 3.776558067375886196e+01
1.695896941489361609e+02 6.182670656028368938e+01 3.791389627659574302e+01
1.689326019503546092e+02 6.144621010638297776e+01 3.778636968085106673e+01
1.679378546099290759e+02 6.059711879432624215e+01 3.735554078014184398e+01
1.679247562056737593e+02 6.075458776595744581e+01 3.739816046099290503e+01
1.680117907801418369e+02 6.089250886524822448e+01 3.758577127659574302e+01
1.682188386524822761e+02 6.118373226950354393e+01 3.778435283687943524e+01
1.688123891843971762e+02 6.170387854609928979e+01 3.817386968085106247e+01
1.689936170212766058e+02 6.188546099290780234e+01 3.816245567375886338e+01
1.687448803191489333e+02 6.157067819148936394e+01 3.789248670212766257e+01
1.688296764184397034e+02 6.162941046099290787e+01 3.803016400709219624e+01
1.689439051418439703e+02 6.168938386524822448e+01 3.808552748226950513e+01
1.691151817375886424e+02 6.178823138297872219e+01 3.823978280141844266e+01
1.698904698581560240e+02 6.244441489361702224e+01 3.868284574468085424e+01
1.697443705673758814e+02 6.265992907801418710e+01 3.834920212765957359e+01
1.694667331560283685e+02 6.279421542553191671e+01 3.818158244680851254e+01
1.691545434397163206e+02 6.294093528368794210e+01 3.791079343971631488e+01
1.683834219858156018e+02 6.238816489361702367e+01 3.749175531914893611e+01
1.678924867021276555e+02 6.201300975177304764e+01 3.716748670212766115e+01
1.684786125886524815e+02 6.273415336879432402e+01 3.751562500000000000e+01
1.689492464539007130e+02 6.322601950354609812e+01 3.787070035460993012e+01
1.692711657801418426e+02 6.361083776595744865e+01 3.797178634751772819e+01
1.690326684397163035e+02 6.338289007092198801e+01 3.779831560283687963e+01
1.674268838652482145e+02 6.198348847517730320e+01 3.682440159574468197e+01
1.667656471631205761e+02 6.133129432624113520e+01 3.642389184397163149e+01
1.673650044326241186e+02 6.195995124113475327e+01 3.686735372340425698e+01
1.682852171985815630e+02 6.280294769503546348e+01 3.748056294326241300e+01
1.692355718085106275e+02 6.382227393617021249e+01 3.794647606382978466e+01
1.694417109929078151e+02 6.398608156028368654e+01 3.805789007092198517e+01
1.683343085106382944e+02 6.300549645390071163e+01 3.771378546099290929e+01
1.673902039007092242e+02 6.230443262411347405e+01 3.751391843971631346e+01
1.668586657801418482e+02 6.202156471631205648e+01 3.759275265957446521e+01
1.659933067375886537e+02 6.164450354609929406e+01 3.739002659574467913e+01
1.654265514184397148e+02 6.137695035460993154e+01 3.717300531914893469e+01
1.649118351063829664e+02 6.096892730496453794e+01 3.700492021276595977e+01
1.639494015957446891e+02 6.011979166666666430e+01 3.652670656028368512e+01
1.637632978723404165e+02 6.003670212765957359e+01 3.629645390070921707e+01
1.638517065602836738e+02 6.018628102836879634e+01 3.642134308510638618e+01
1.644093306737588591e+02 6.070214982269503423e+01 3.670268173758865515e+01
1.653035239361702224e+02 6.158849734042553337e+01 3.723003102836879208e+01
1.654659796099290645e+02 6.167156471631205505e+01 3.741358599290779807e+01
1.649613696808510497e+02 6.103769946808510838e+01 3.704833776595744865e+01
1.647605718085106332e+02 6.084820478723404591e+01 3.683756648936170564e+01
1.651652703900709298e+02 6.117298315602836567e+01 3.719745124113475043e+01
1.663376108156028295e+02 6.205618351063829863e+01 3.760485372340425414e+01
1.673533023049645294e+02 6.281154698581560325e+01 3.807103280141843982e+01
1.671191267730496577e+02 6.239793882978723616e+01 3.784479166666666572e+01
1.665201019503546149e+02 6.153415336879432829e+01 3.725941932624113662e+01
1.660508200354609869e+02 6.104137854609928837e+01 3.698712322695035226e+01
1.656552969858155961e+02 6.062573138297872077e+01 3.684709663120567313e+01
1.659996675531915002e+02 6.080343528368794637e+01 3.693588209219858243e+01
1.665904920212765887e+02 6.129572251773049629e+01 3.729000443262411579e+01
1.660141179078014204e+02 6.070104166666666856e+01 3.693113918439716059e+01
1.654666445035460924e+02 6.016261081560283941e+01 3.659647606382979035e+01
1.655532801418439703e+02 6.032641843971631346e+01 3.664725177304964632e+01
1.657286347517730576e+02 6.049175531914893611e+01 3.660492021276595409e+01
1.661048093971631090e+02 6.094691932624113662e+01 3.680370124113475327e+01
1.664730939716312150e+02 6.123351063829787222e+01 3.702389184397163291e+01
1.664557624113475072e+02 6.122327127659574586e+01 3.700283687943262123e+01
1.671374556737588648e+02 6.174800531914893753e+01 3.761728723404254993e+01
1.679773714539007017e+02 6.244186613475176983e+01 3.842852393617021534e+01
1.676106161347517798e+02 6.229691932624113804e+01 3.846970301418439675e+01
1.671365469858156132e+02 6.225161790780141757e+01 3.836584663120567029e+01
1.671081560283687963e+02 6.261161347517730746e+01 3.854233156028368512e+01
1.667300088652482373e+02 6.243364361702127496e+01 3.842242907801418283e+01
1.669021719858156132e+02 6.260292553191489162e+01 3.865567375886524815e+01
1.670566489361702054e+02 6.277039007092198375e+01 3.883767730496453652e+01
1.667614804964539132e+02 6.253191489361702082e+01 3.854131205673758842e+01
1.667330008865248203e+02 6.242785904255319451e+01 3.859430407801418283e+01
1.666723182624113520e+02 6.236150265957446948e+01 3.851828457446808329e+01
1.668209884751773018e+02 6.247005762411347263e+01 3.861770833333333286e+01
1.677585106382978779e+02 6.321990248226950371e+01 3.912637411347517968e+01
1.679007535460992813e+02 6.345780141843971478e+01 3.914015957446808613e+01
1.671535682624113406e+02 6.277010195035460782e+01 3.851655585106382773e+01
1.666254210992907758e+02 6.234027039007091986e+01 3.821035017730496719e+01
1.663479609929078151e+02 6.236804078014184682e+01 3.807779255319148604e+01
1.663391622340425613e+02 6.237644060283687963e+01 3.801673315602836567e+01
1.668478058510638391e+02 6.285662677304964774e+01 3.834798315602836993e+01
1.672167553191489446e+02 6.323851950354610096e+01 3.857575354609929263e+01
1.670509086879432630e+02 6.321212322695035368e+01 3.854195478723404023e+01
1.670543218085106503e+02 6.326562500000000000e+01 3.853490691489361808e+01
1.665182402482269595e+02 6.288317819148936394e+01 3.818051861702127781e+01
1.664256427304964632e+02 6.270542996453900741e+01 3.796815159574467913e+01
1.672128102836879293e+02 6.332894503546098974e+01 3.847007978723404165e+01
1.677039228723404278e+02 6.366686613475177126e+01 3.875693705673759126e+01
1.676214095744680890e+02 6.359561170212766257e+01 3.871050531914893611e+01
1.680027925531914832e+02 6.398076241134751996e+01 3.890846631205673845e+01
1.677028147163120479e+02 6.375405585106383199e+01 3.873220301418439959e+01
1.670035239361702111e+02 6.307236258865248146e+01 3.825680407801418426e+01
1.672313386524822647e+02 6.326812943262411437e+01 3.820017730496454078e+01
1.674812499999999886e+02 6.342668439716312179e+01 3.800802304964538791e+01
1.677040336879432516e+02 6.367721631205673560e+01 3.783054078014184540e+01
1.674429964539007187e+02 6.350625000000000142e+01 3.759419326241134485e+01
1.664267065602836908e+02 6.288570478723404023e+01 3.700059840425532087e+01
1.658564051418439647e+02 6.262351507092198233e+01 3.671119237588652595e+01
1.663223404255319053e+02 6.324738475177304764e+01 3.703062943262411011e+01
1.665973182624113349e+02 6.353721187943262549e+01 3.727054521276595977e+01
1.668862367021276611e+02 6.381141400709219624e+01 3.744381648936170137e+01
1.669509086879432687e+02 6.385941932624113804e+01 3.754381648936170279e+01
1.666280585106383114e+02 6.345616134751772819e+01 3.733581560283688106e+01
1.666769060283687907e+02 6.333807624113475043e+01 3.722109929078013835e+01
1.672826019503546036e+02 6.379310726950354393e+01 3.768743351063830005e+01
1.673265957446808443e+02 6.388843085106383057e+01 3.769667553191489162e+01
1.674252216312056873e+02 6.384113475177304764e+01 3.776693262411347263e+01
1.673655806737588705e+02 6.380095301418439391e+01 3.768326684397163007e+01
1.672529476950354592e+02 6.375028812056737593e+01 3.774208776595745007e+01
1.673635195035460868e+02 6.397074468085106247e+01 3.785975177304964490e+01
1.671023271276595779e+02 6.357768173758865515e+01 3.778477393617021107e+01
1.661632092198581461e+02 6.270350177304964490e+01 3.722500000000000142e+01
1.665280806737588648e+02 6.302431294326240874e+01 3.754173315602837135e+01
1.671590203900709355e+02 6.367138741134751712e+01 3.795037677304964774e+01
1.675547872340425499e+02 6.410904255319148604e+01 3.831360815602836567e+01
1.680923093971631204e+02 6.461939273049645749e+01 3.858091755319149030e+01
1.682910460992907815e+02 6.488723404255318883e+01 3.875549645390071163e+01
1.681792996453900741e+02 6.482814716312056191e+01 3.869640957446808471e+01
1.682958111702127724e+02 6.506243351063830005e+01 3.875773492907801199e+01
1.681933289007092185e+02 6.490330230496454078e+01 3.868193705673758842e+01
1.681561613475177239e+02 6.494906914893617511e+01 3.872992021276595409e+01
1.687464095744680890e+02 6.546923758865247578e+01 3.911671099290779807e+01
1.691064051418439647e+02 6.569740691489361950e+01 3.964514627659574586e+01
1.687219636524822590e+02 6.531806294326240447e+01 3.938472960992908156e+01
1.687357934397163035e+02 6.526566932624113804e+01 3.927781471631205790e+01
1.685305629432624244e+02 6.504696365248227607e+01 3.926979166666666998e+01
1.684382978723404278e+02 6.503492907801418710e+01 3.933306737588652169e+01
1.686139184397163149e+02 6.522557624113474617e+01 3.952109929078014261e+01
1.682441932624113576e+02 6.520026595744680264e+01 3.947402482269503565e+01
1.680357491134751911e+02 6.506575797872341127e+01 3.938907358156028238e+01
1.684078014184397034e+02 6.544046985815603534e+01 3.970562943262411437e+01
1.683401152482269367e+02 6.543448581560284083e+01 3.969835992907801625e+01
1.685892952127659612e+02 6.567373670212765546e+01 3.985937500000000000e+01
1.693396719858156132e+02 6.636196808510638334e+01 4.027198581560283941e+01
1.694276374113475185e+02 6.627169769503545638e+01 4.006691046099290787e+01
1.693618794326241073e+02 6.609654255319148319e+01 4.003173758865248288e+01
1.697387854609929150e+02 6.628351063829786938e+01 4.017664007092198375e+01
1.696933953900709184e+02 6.617531028368794921e+01 4.033031914893616943e+01
1.698031914893616943e+02 6.620332446808509985e+01 4.065088652482269538e+01
1.700473847517730519e+02 6.648093971631205079e+01 4.099428191489361950e+01
1.698886303191489446e+02 6.628441932624113520e+01 4.084833776595744581e+01
1.700438386524822647e+02 6.634955673758865657e+01 4.095314716312056902e+01
1.705488696808510554e+02 6.687395833333333428e+01 4.152488918439716059e+01
1.704097960992907872e+02 6.671019503546099827e+01 4.137965425531914576e+01
1.698806515957446948e+02 6.619173315602836283e+01 4.101070478723404023e+01
1.693188386524822704e+02 6.564507978723403880e+01 4.073931737588652169e+01
1.685802748226950314e+02 6.499140070921986023e+01 4.034716312056737308e+01
1.688560726950354649e+02 6.518665780141843413e+01 4.041569148936170564e+01
1.694749113475177182e+02 6.579632092198581006e+01 4.084472517730496577e+01
1.700871897163120536e+02 6.657761524822694810e+01 4.139051418439716201e+01
1.711800975177305020e+02 6.774946808510638618e+01 4.200571808510638050e+01
1.720400044326241016e+02 6.870804521276595267e+01 4.271810726950354820e+01
1.730547207446808500e+02 6.984935726950354251e+01 4.342834663120567029e+01
1.746420212765957558e+02 7.159605496453900741e+01 4.421826241134751712e+01
1.754259530141843868e+02 7.243260195035460924e+01 4.469324024822694952e+01
1.751226507092198688e+02 7.219086879432623505e+01 4.438311170212765688e+01
1.752242686170212664e+02 7.239199911347517968e+01 4.451868351063829721e+01
1.751601063829787108e+02 7.260735815602836851e+01 4.453364361702127638e+01
1.744744902482269424e+02 7.235148492907801199e+01 4.433153812056737308e+01
1.745301196808510724e+02 7.282329343971630919e+01 4.454838209219857958e+01
1.749334663120567370e+02 7.349459219858155734e+01 4.493714539007092412e+01
1.749412677304964632e+02 7.360784574468084429e+01 4.494960106382978893e+01
1.752283244680851055e+02 7.389095744680851396e+01 4.518847517730496577e+01
1.750736702127659612e+02 7.382690602836879634e+01 4.504601063829787222e+01
1.745846187943262464e+02 7.322801418439716770e+01 4.462925531914893895e+01
1.745801196808510554e+02 7.322910017730497145e+01 4.466651152482269538e+01
1.747476285460992926e+02 7.332169769503546775e+01 4.480410017730496719e+01
1.755229166666666742e+02 7.358111702127659726e+01 4.492362588652482458e+01
1.769031249999999886e+02 7.452404698581560183e+01 4.546917109929078293e+01
1.766697695035460924e+02 7.427925531914893043e+01 4.510048758865248431e+01
1.759468528368794296e+02 7.346059397163121218e+01 4.452992021276595835e+01
1.756048537234042612e+02 7.289864804964538791e+01 4.415432180851063748e+01
1.753019725177304906e+02 7.260161790780141189e+01 4.397324911347517684e+01
1.758639406028368910e+02 7.306735372340425272e+01 4.431513741134751427e+01
1.771780363475177182e+02 7.437280585106383057e+01 4.513561613475177126e+01
1.775385416666666742e+02 7.495733599290780091e+01 4.539895833333333286e+01
1.771181959219858015e+02 7.453339982269503139e+01 4.497262854609929406e+01
1.766206338652482373e+02 7.383964982269503707e+01 4.453078457446808613e+01
1.759056072695035482e+02 7.305423315602837420e+01 4.399997783687943098e+01
1.758022163120567427e+02 7.285177304964538791e+01 4.389765070921986023e+01
1.763609929078014318e+02 7.349570035460992301e+01 4.423834219858156303e+01
1.766232269503546206e+02 7.377641843971630919e+01 4.442885638297872219e+01
1.770880319148936053e+02 7.413656914893617511e+01 4.473980496453900457e+01
1.781961657801418539e+02 7.485866578014184824e+01 4.533907358156028522e+01
1.788275709219858243e+02 7.520784574468085282e+01 4.573785460992908014e+01
1.789446586879432743e+02 7.507098847517730178e+01 4.568282358156028522e+01
1.784505984042553166e+02 7.428304521276595551e+01 4.544199911347517684e+01
1.775175088652482316e+02 7.320124113475176841e+01 4.462575354609928979e+01
1.777720301418439703e+02 7.362433510638297207e+01 4.491706560283687821e+01
1.785416001773049572e+02 7.487865691489361097e+01 4.557324911347517826e+01
1.787586879432624016e+02 7.549601063829787506e+01 4.590053191489361950e+01
1.788017287234042669e+02 7.574399379432624357e+01 4.608060726950354535e+01
1.785134530141843925e+02 7.555352393617020823e+01 4.592728280141844266e+01
1.774197251773049686e+02 7.427876773049645465e+01 4.506578014184397318e+01
1.772461657801418369e+02 7.380959663120567882e+01 4.486287677304964205e+01
1.774163342198581574e+02 7.393805407801418994e+01 4.503047429078014119e+01
1.783351285460992983e+02 7.492342641843971762e+01 4.561717641843971904e+01
1.790582890070921849e+02 7.600412234042552484e+01 4.627265070921986023e+01
1.784021276595744609e+02 7.561945921985815744e+01 4.584308510638297918e+01
1.772134086879432573e+02 7.447054521276595551e+01 4.496070478723404307e+01
1.771072695035460924e+02 7.420930851063829436e+01 4.477885638297872362e+01
1.775846852836879464e+02 7.471092641843971194e+01 4.515990691489361808e+01
1.777476063829787165e+02 7.493958333333333144e+01 4.529933510638297633e+01
1.784178413120567370e+02 7.578579343971631488e+01 4.571974734042553479e+01
1.783908466312056760e+02 7.601686613475177978e+01 4.582253989361701940e+01
1.779123226950354706e+02 7.548191489361701656e+01 4.543537234042553052e+01
1.779435505319148945e+02 7.543074024822695378e+01 4.542209663120567598e+01
1.777420212765957501e+02 7.521094858156028806e+01 4.529831560283687963e+01
1.778409574468085168e+02 7.536134751773049345e+01 4.525780141843971904e+01
1.787714539007092185e+02 7.628541666666666288e+01 4.606156914893617227e+01
1.788307845744680833e+02 7.643051861702127781e+01 4.612307180851063748e+01
1.783464317375886594e+02 7.600013297872339990e+01 4.572154255319149030e+01
1.783324468085106389e+02 7.590600620567376211e+01 4.568947251773049345e+01
1.781359264184397091e+02 7.547253989361702509e+01 4.541287677304964632e+01
1.784087987588652595e+02 7.559004875886525099e+01 4.561119237588652453e+01
1.796590647163120593e+02 7.684188829787234454e+01 4.651374113475177552e+01
1.805044991134751911e+02 7.773107269503546490e+01 4.713856382978723758e+01
1.809082225177305077e+02 7.826502659574468623e+01 4.742083333333333428e+01
1.806998005319148888e+02 7.823189273049645465e+01 4.733242464539006988e+01
1.794373670212766001e+02 7.724297429078013977e+01 4.664687500000000142e+01
1.789386081560283799e+02 7.684545656028369365e+01 4.636407358156028380e+01
1.792300975177304849e+02 7.728315602836879350e+01 4.663523936170212636e+01
1.793696143617021335e+02 7.754315159574467486e+01 4.679142287234042641e+01
1.799914893617021221e+02 7.827225177304964632e+01 4.736378546099290787e+01
1.813282136524822761e+02 7.979601063829787222e+01 4.822242907801418710e+01
1.818465425531914832e+02 8.045332446808509985e+01 4.868058510638297776e+01
1.822324911347517684e+02 8.081609042553191102e+01 4.898492907801418283e+01
1.822463430851063890e+02 8.087169769503546490e+01 4.890600620567376211e+01
1.818310505319148831e+02 8.028953900709220193e+01 4.840336879432624073e+01
1.816845079787234170e+02 8.001921542553191102e+01 4.815427748226950655e+01
1.823501773049645465e+02 8.076810726950354535e+01 4.868127216312056760e+01
1.826964982269503537e+02 8.130505319148936394e+01 4.915709219858155876e+01
1.831882978723404278e+02 8.205310283687943240e+01 4.954042553191489162e+01
1.836201019503546092e+02 8.250376773049644896e+01 4.985199468085106389e+01
1.835513962765957388e+02 8.246728723404255845e+01 4.986812943262411579e+01
1.836866134751772961e+02 8.248339982269503423e+01 4.985689273049645465e+01
1.834667553191489446e+02 8.219268617021276668e+01 4.966152482269503565e+01
1.835150265957446720e+02 8.223419769503546206e+01 4.962373670212765830e+01
1.843302748226950314e+02 8.332504432624114088e+01 5.029516843971631346e+01
1.851598847517730633e+02 8.421449468085106105e+01 5.104445921985815460e+01
1.851745124113475072e+02 8.417996453900708786e+01 5.097105496453900741e+01
1.849856826241134797e+02 8.394525709219858811e+01 5.080336879432623931e+01
1.847887189716311980e+02 8.396422872340426125e+01 5.065053191489361950e+01
1.847358377659574558e+02 8.407812500000000000e+01 5.061726507092198801e+01
1.849263297872340388e+02 8.476617907801418994e+01 5.080124113475176983e+01
1.850015070921985796e+02 8.509066932624114088e+01 5.099102393617021534e+01
1.848722739361702168e+02 8.508809840425531945e+01 5.093765514184396892e+01
1.849941489361702054e+02 8.536855053191489162e+01 5.109239804964538934e+01
1.843901374113475242e+02 8.508865248226950939e+01 5.070492021276595551e+01
1.839315159574468055e+02 8.497380319148936678e+01 5.053501773049645607e+01
1.839008643617021335e+02 8.522947695035460924e+01 5.070425531914893469e+01
1.840686613475177182e+02 8.552737145390071305e+01 5.089266400709220051e+01
1.845578457446808613e+02 8.618925088652481747e+01 5.143539450354609954e+01
1.852471631205673646e+02 8.712903368794326298e+01 5.199179964539007415e+01
1.851831781914893611e+02 8.721150265957446379e+01 5.188455230496453652e+01
1.846149379432624187e+02 8.642972074468084998e+01 5.146464982269503707e+01
1.844479831560283571e+02 8.620857712765958070e+01 5.122666223404254993e+01
1.848802969858155905e+02 8.625050975177305190e+01 5.152475620567376069e+01
1.857421542553191500e+02 8.709543439716311752e+01 5.241538120567376069e+01
1.866864361702127724e+02 8.787449024822694810e+01 5.312457890070921707e+01
1.863742464539006960e+02 8.701806294326240732e+01 5.271433953900709213e+01
1.857944813829787165e+02 8.611888297872340559e+01 5.208723404255319167e+01
1.857251994680850942e+02 8.583727836879432971e+01 5.203763297872340132e+01
1.860250664893617056e+02 8.612500000000000000e+01 5.220811170212765973e+01
1.864711436170212835e+02 8.667588652482270106e+01 5.274977836879432402e+01
1.868832890070922019e+02 8.741422872340424988e+01 5.314109042553191387e+01
1.868107269503546206e+02 8.757599734042553052e+01 5.329563386524822732e+01
1.869048315602836965e+02 8.764603280141844266e+01 5.317231826241134485e+01
1.869242464539007074e+02 8.730279255319149456e+01 5.311205673758865231e+01
1.865287234042553166e+02 8.685272606382979177e+01 5.279421542553191671e+01
1.865471852836879521e+02 8.690418882978723047e+01 5.282169769503546064e+01
1.871303856382978665e+02 8.746992464539006562e+01 5.332249556737588847e+01
1.873699024822695094e+02 8.732956560283687963e+01 5.339268617021276242e+01
1.876905585106383114e+02 8.720844414893616658e+01 5.348193705673758558e+01
1.879781471631205534e+02 8.739186613475177978e+01 5.370343528368794495e+01
1.881211214539007130e+02 8.763563829787234738e+01 5.397637411347517400e+01
1.889128546099290702e+02 8.861726507092198801e+01 5.450831117021276384e+01
1.892218528368794352e+02 8.885972960992907588e+01 5.472648492907801199e+01
1.891416888297872276e+02 8.869133421985816312e+01 5.457010195035461209e+01
1.890847739361702224e+02 8.853781028368794637e+01 5.449304078014184682e+01
1.887745345744680776e+02 8.839798315602837420e+01 5.438144946808510838e+01
1.883277703900709241e+02 8.831786347517730462e+01 5.409893617021276668e+01
1.885181959219858072e+02 8.884414893617021391e+01 5.451737588652482458e+01
1.885587322695035368e+02 8.925613918439715633e+01 5.476247783687943382e+01
1.880977171985815630e+02 8.854095744680850544e+01 5.440979609929078009e+01
1.883873226950354649e+02 8.889188829787234170e+01 5.457992021276595551e+01
1.887347739361701997e+02 8.926888297872341127e+01 5.507256205673758842e+01
1.888683067375886537e+02 8.939481382978723900e+01 5.504521276595744439e+01
1.891140070921985910e+02 8.965155141843972331e+01 5.508665780141843982e+01
1.890326906028368796e+02 8.974051418439715633e+01 5.510474290780141615e+01
1.892739361702127781e+02 9.025208333333333144e+01 5.534445921985815886e+01
1.897335771276595722e+02 9.094711879432624357e+01 5.591604609929078151e+01
1.898592641843971762e+02 9.117211879432623789e+01 5.612291666666666856e+01
1.895774379432624244e+02 9.082872340425531377e+01 5.581533687943262123e+01
1.890094193262411295e+02 8.996994680851064174e+01 5.510425531914893327e+01
1.881537677304964404e+02 8.867125443262411011e+01 5.432936613475177268e+01
1.876267065602836794e+02 8.779352836879432687e+01 5.372393617021276668e+01
1.884242242907801312e+02 8.867014627659574444e+01 5.431367464539007273e+01
1.896791001773049743e+02 9.052081117021276668e+01 5.552772606382978893e+01
1.900992464539007187e+02 9.128716755319149456e+01 5.615392287234042357e+01
1.900627216312056760e+02 9.133124999999999716e+01 5.614215425531914860e+01
1.894253989361702111e+02 9.043612588652482032e+01 5.559055851063829579e+01
1.887952349290780205e+02 8.990651595744681401e+01 5.478750000000000142e+01
1.892599290780141814e+02 9.053546099290780091e+01 5.483435283687943240e+01
1.892876551418439703e+02 9.077626329787234738e+01 5.483650265957447090e+01
1.889691489361701997e+02 9.038570478723404733e+01 5.440804521276595551e+01
1.885742464539007130e+02 8.995523049645390756e+01 5.403741134751773245e+01
1.879330452127659612e+02 8.926292109929077867e+01 5.351828457446808329e+01
1.881014627659574501e+02 8.946451684397163717e+01 5.363619237588652311e+01
1.886934397163120707e+02 9.008725620567375358e+01 5.403947251773049487e+01
1.885764627659574444e+02 9.017947695035461209e+01 5.406666666666666998e+01
1.882775044326241130e+02 8.982830230496453794e+01 5.375627216312057044e+01
1.876988475177304849e+02 8.922222960992907304e+01 5.340463209219858243e+01
1.867068262411347632e+02 8.822107712765956933e+01 5.267972074468084998e+01
1.863912455673758757e+02 8.811006205673758984e+01 5.241666666666666430e+01
1.865623891843971762e+02 8.847362588652482884e+01 5.266471631205673987e+01
1.870135859929077924e+02 8.925492021276595267e+01 5.319326241134751854e+01
1.880508865248226869e+02 9.019760638297871935e+01 5.414747340425532229e+01
1.885931515957446720e+02 9.057765957446808613e+01 5.480664893617021249e+01
1.886457003546099429e+02 9.046919326241135195e+01 5.483758865248226755e+01
1.886779698581560183e+02 9.049703014184396466e+01 5.479844858156028664e+01
1.884950354609929093e+02 9.004975620567375927e+01 5.470033244680850970e+01
1.883105274822694923e+02 8.945828900709220477e+01 5.432411347517730604e+01
1.886332225177305020e+02 8.968184840425531945e+01 5.447165336879432829e+01
1.886582890070922076e+02 8.942834663120567029e+01 5.430542996453900884e+01
1.884185062056737650e+02 8.895862145390070452e+01 5.393734485815603108e+01
1.885312056737588762e+02 8.910019946808510838e+01 5.416230053191489446e+01
1.890802969858156075e+02 9.013763297872340274e+01 5.483497340425532229e+01
1.894697916666666799e+02 9.097918882978723332e+01 5.537870124113474901e+01
1.896652482269503537e+02 9.110015514184397034e+01 5.549434840425531945e+01
1.889091312056737593e+02 9.015008865248226755e+01 5.491728723404255419e+01
1.883869680851063890e+02 8.954359485815602682e+01 5.444847074468085424e+01
1.885261303191489333e+02 8.959862588652482884e+01 5.447007978723404165e+01
1.886531471631205648e+02 8.986338652482270106e+01 5.468377659574468197e+01
1.887591090425531775e+02 9.020700354609928695e+01 5.484760638297872504e+01
1.892534131205673873e+02 9.108796542553191955e+01 5.541442819148936394e+01
1.894224069148936280e+02 9.128339982269503139e+01 5.562023492907801625e+01
1.893699468085106332e+02 9.113962765957447232e+01 5.561648936170212920e+01
1.895603501773049686e+02 9.127247340425532229e+01 5.573931737588652169e+01
1.892127659574468055e+02 9.078497340425532514e+01 5.534884751773049771e+01
1.886990913120567370e+02 8.984694148936169711e+01 5.479893617021276242e+01
1.889922429078014261e+02 9.008860815602837135e+01 5.501906028368794210e+01
1.892760638297872333e+02 9.056894946808510838e+01 5.526411790780142042e+01
1.896454565602836908e+02 9.098045212765957501e+01 5.560518617021276810e+01
1.898275265957446720e+02 9.135126329787233601e+01 5.583800975177305048e+01
1.892047207446808557e+02 9.088736702127658873e+01 5.537996453900709071e+01
1.886949246453900741e+02 9.040755762411347973e+01 5.501957003546099401e+01
1.891767730496453908e+02 9.099977836879432402e+01 5.546972517730496577e+01
1.890576906028368853e+02 9.100724734042553621e+01 5.545197251773049629e+01
1.887140735815602852e+02 9.059607712765956933e+01 5.525356826241134911e+01
1.886091755319149001e+02 9.047865691489361950e+01 5.519869237588652311e+01
1.887816710992907758e+02 9.092695035460992870e+01 5.549117907801418426e+01
1.891609042553191387e+02 9.126179078014183688e+01 5.578559397163120792e+01
1.894783023049645294e+02 9.176068262411347121e+01 5.603182624113475185e+01
1.897235593971631147e+02 9.207420212765957501e+01 5.633408687943262549e+01
1.899416445035460868e+02 9.246983599290780376e+01 5.655330230496453936e+01
1.901652260638297776e+02 9.270514184397163149e+01 5.672273936170212494e+01
1.891494680851063777e+02 9.147960992907800915e+01 5.593710106382978609e+01
1.886481604609928979e+02 9.054700797872339990e+01 5.525738031914893611e+01
1.885923315602836965e+02 9.017482269503545922e+01 5.505771276595744723e+01
1.887496897163120479e+02 9.034929078014184256e+01 5.505607269503546064e+01
1.888724069148936167e+02 9.069745124113475754e+01 5.535569592198581290e+01
1.888613253546099315e+02 9.132030141843971194e+01 5.557624113475177552e+01
1.884448581560283742e+02 9.128153812056737593e+01 5.553699024822694952e+01
1.883571365248226925e+02 9.140343528368794068e+01 5.545680407801418710e+01
1.884101728723404392e+02 9.128109485815602397e+01 5.535068705673759126e+01
1.887036569148936280e+02 9.146165780141843982e+01 5.539082446808510696e+01
1.889982712765957444e+02 9.180170656028369081e+01 5.568800975177305190e+01
1.885363253546099429e+02 9.158359929078014261e+01 5.559831560283687679e+01
1.880455008865248203e+02 9.174867021276595835e+01 5.569202127659574586e+01
1.888878546099290645e+02 9.354507978723404449e+01 5.700226063829786938e+01
1.897480718085106446e+02 9.486728723404254993e+01 5.798076241134751996e+01
1.894589095744680947e+02 9.403736702127659441e+01 5.733796542553191244e+01
1.886092641843971762e+02 9.204450354609929263e+01 5.589341755319149030e+01
1.868211214539007017e+02 8.938996010638297207e+01 5.402941046099290645e+01
1.858164007092198631e+02 8.813082890070921849e+01 5.316265514184397034e+01
1.861756648936170109e+02 8.868765514184397603e+01 5.340467641843971336e+01
1.866947916666666742e+02 8.966493794326241584e+01 5.421123670212765688e+01
1.873617242907801312e+02 9.071542553191488878e+01 5.501691046099291071e+01
1.873988696808510497e+02 9.100793439716312605e+01 5.540385638297872362e+01
1.863162677304964632e+02 8.978583776595745292e+01 5.452531028368794352e+01
1.853520833333333258e+02 8.845359042553191387e+01 5.371148049645390188e+01
1.858513741134751740e+02 8.892805851063829436e+01 5.405589539007092270e+01
1.863195700354609983e+02 8.934341755319148604e+01 5.451367464539006846e+01
1.858526374113475299e+02 8.890062056737588136e+01 5.406298758865248288e+01
1.854881870567375870e+02 8.840314716312056476e+01 5.364312943262411437e+01
1.851817597517730576e+02 8.792198581560283799e+01 5.334671985815602824e+01
1.858064937943262294e+02 8.851487145390071021e+01 5.387980939716312179e+01
1.866769503546099429e+02 8.938750000000000284e+01 5.455487588652482600e+01
1.867591755319149058e+02 8.955877659574467486e+01 5.468820921985815886e+01
1.871423758865248317e+02 9.012373670212765830e+01 5.511699911347517400e+01
1.875982712765957388e+02 9.113371010638297776e+01 5.573639184397163149e+01
1.884012189716312093e+02 9.315401152482269254e+01 5.705421099290779807e+01
1.899402925531914832e+02 9.566919326241134058e+01 5.872176418439716628e+01
1.908407801418439647e+02 9.681688829787233885e+01 5.962109929078014403e+01
1.899029255319148888e+02 9.518732269503546206e+01 5.840332446808510980e+01
1.888090425531914889e+02 9.335990691489361382e+01 5.709051418439716485e+01
1.884251994680851112e+02 9.283160460992907304e+01 5.667861258865248431e+01
1.888891622340425442e+02 9.381615691489361097e+01 5.737914450354610096e+01
1.899113253546099429e+02 9.540673758865247578e+01 5.856850620567375643e+01
1.905501994680851112e+02 9.617375886524823159e+01 5.923353280141844124e+01
1.901811391843971535e+02 9.568049645390071589e+01 5.888375443262411579e+01
1.902033466312056760e+02 9.540239361702127496e+01 5.857566489361702367e+01
1.901145833333333428e+02 9.497147606382978324e+01 5.823062943262411295e+01
1.891654476950354535e+02 9.365540780141843413e+01 5.711990248226950229e+01
1.884800531914893611e+02 9.240492021276595835e+01 5.619931294326241300e+01
1.882476728723404165e+02 9.221110372340424988e+01 5.615667109929078293e+01
1.887820700354610040e+02 9.307657358156028238e+01 5.682338209219857816e+01
1.898774157801418312e+02 9.438399822695035368e+01 5.777118794326241158e+01
1.897865691489361666e+02 9.418415336879432687e+01 5.760664893617020965e+01
1.892523714539007074e+02 9.324239804964538791e+01 5.689581117021276668e+01
1.895463652482269481e+02 9.353142730496453794e+01 5.716584663120567456e+01
1.898693262411347575e+02 9.422023492907801767e+01 5.768814273049645180e+01
1.894745124113475185e+02 9.426183510638297491e+01 5.764410460992908014e+01
1.891985815602836851e+02 9.431755319148936678e+01 5.751664450354609670e+01
1.884431959219858186e+02 9.339886968085106389e+01 5.694751773049645038e+01
1.878734929078014204e+02 9.261828457446809182e+01 5.631216755319148604e+01
1.880742242907801369e+02 9.267152039007092412e+01 5.631398492907801767e+01
1.882378546099290872e+02 9.293714539007092412e+01 5.657557624113475470e+01
1.881195035460992813e+02 9.290808953900709355e+01 5.653863031914893611e+01
1.883527703900709298e+02 9.299443705673759553e+01 5.660851063829787222e+01
1.885080673758865260e+02 9.300777925531915002e+01 5.670731382978723190e+01
1.886208554964539132e+02 9.291077127659573875e+01 5.670558510638297633e+01
1.885641843971631317e+02 9.243716755319148604e+01 5.648269060283688248e+01
1.879287677304964461e+02 9.142109929078014829e+01 5.580624999999999858e+01
1.873381205673758814e+02 9.033402039007091844e+01 5.513342198581560183e+01
1.873348625886524701e+02 9.004700797872339990e+01 5.512519946808510696e+01
1.870409574468085054e+02 8.973978280141844266e+01 5.494776152482269538e+01
1.872285904255319053e+02 8.998710106382978324e+01 5.501746453900709355e+01
1.875041223404255391e+02 9.023300088652482032e+01 5.531150265957446521e+01
1.867726728723404221e+02 8.928619237588652879e+01 5.463667996453900599e+01
1.863035682624113463e+02 8.871857269503546206e+01 5.425633865248227039e+01
1.865182845744680833e+02 8.890529698581559614e+01 5.434758421985815602e+01
1.860867021276595779e+02 8.805288120567375643e+01 5.381351950354609670e+01
1.859219858156028238e+02 8.748858599290780091e+01 5.352630762411347831e+01
1.863181737588652425e+02 8.785941932624113804e+01 5.369669769503546064e+01
1.867865469858155905e+02 8.835230496453900173e+01 5.408475177304964632e+01
1.870169769503546036e+02 8.878045212765957217e+01 5.434499113475177268e+01
1.873393617021276611e+02 8.936569148936170848e+01 5.472123226950354535e+01
1.872520611702127553e+02 8.940822251773049345e+01 5.469297429078014261e+01
1.876832446808510610e+02 8.992344858156027954e+01 5.505190602836879776e+01
1.877839095744680833e+02 9.006453900709219340e+01 5.510155141843971904e+01
1.874062056737588762e+02 8.966976950354609244e+01 5.481733156028369081e+01
1.874922872340425499e+02 8.994009308510638334e+01 5.492023492907801341e+01
1.881650487588652538e+02 9.108220301418440101e+01 5.566646719858155734e+01
1.884749778368794466e+02 9.170332446808509985e+01 5.626746453900709355e+01
1.887818262411347519e+02 9.225401152482270106e+01 5.658929521276595409e+01
1.887100177304964461e+02 9.242825797872340843e+01 5.663371010638297776e+01
1.879439937943262464e+02 9.157947695035460356e+01 5.607041223404254993e+01
1.878818040780141985e+02 9.163042996453900457e+01 5.603583776595744581e+01
1.879938386524822818e+02 9.213781028368794068e+01 5.636677748226950513e+01
1.881528368794326127e+02 9.275208333333333144e+01 5.683076241134751427e+01
1.882025930851063720e+02 9.289126773049645180e+01 5.661870567375886765e+01
1.879293882978723502e+02 9.231312056737588989e+01 5.602358156028368796e+01
1.875815159574468112e+02 9.150223847517730746e+01 5.533481826241134627e+01
1.878710771276595608e+02 9.166959219858155450e+01 5.536081560283687963e+01
1.885963874113475072e+02 9.264516843971631488e+01 5.613998226950354820e+01
1.890884086879432573e+02 9.350574024822695662e+01 5.664040336879432402e+01
1.895690824468085225e+02 9.422734929078013977e+01 5.721431737588652311e+01
1.892281028368794296e+02 9.375494237588652879e+01 5.684093528368794068e+01
1.889747783687943183e+02 9.304024822695035368e+01 5.638226950354609812e+01
1.888571808510638164e+02 9.258982712765957501e+01 5.591784131205673702e+01
1.882796764184397205e+02 9.186679964539007415e+01 5.549029255319148746e+01
1.879077127659574558e+02 9.161611258865248431e+01 5.545928634751773245e+01
1.888130097517730519e+02 9.323448581560283799e+01 5.647171985815602824e+01
1.900360593971631147e+02 9.516063829787233885e+01 5.785855496453901026e+01
1.900576462765957331e+02 9.533453014184397034e+01 5.783705673758865373e+01
1.893708776595744609e+02 9.422067819148935541e+01 5.723718971631205932e+01
1.879534131205673759e+02 9.220403368794326582e+01 5.582265070921985739e+01
1.874937943262411295e+02 9.128178191489361382e+01 5.531684397163120792e+01
1.879564716312056873e+02 9.168107269503546775e+01 5.569818262411347831e+01
1.879114140070921906e+02 9.152260638297872219e+01 5.565713652482269680e+01
1.875502216312056873e+02 9.104341755319148888e+01 5.528211436170212778e+01
1.877769503546099372e+02 9.142987588652482600e+01 5.550159574468084855e+01
1.878568484042553166e+02 9.142777039007091844e+01 5.557861258865248288e+01
1.878879432624113406e+02 9.123922872340425272e+01 5.543262411347517826e+01
1.879109264184397148e+02 9.117420212765956933e+01 5.535589539007091986e+01
1.876230274822694923e+02 9.080720301418439533e+01 5.503322251773049345e+01
1.880564716312056817e+02 9.150427748226950087e+01 5.553344414893616943e+01
1.892481826241134684e+02 9.321349734042553337e+01 5.681903812056737735e+01
1.896821365248226812e+02 9.414166666666666572e+01 5.752007978723404591e+01
1.901567819148936280e+02 9.487265070921985455e+01 5.801473847517730320e+01
1.903373670212766058e+02 9.551507092198581006e+01 5.823539450354609670e+01
1.894617686170212778e+02 9.472189716312057328e+01 5.755500886524822590e+01
1.886242907801418482e+02 9.359525709219857958e+01 5.655006648936170421e+01
1.880716755319149058e+02 9.318964982269503139e+01 5.598823138297872504e+01
1.880599955673758927e+02 9.358308953900709071e+01 5.612429078014184114e+01
1.886291445035460868e+02 9.469078014184397318e+01 5.702960992907801341e+01
1.894015514184397091e+02 9.613577127659574728e+01 5.797136524822695236e+01
1.893437721631205761e+02 9.611232269503545922e+01 5.788964982269503423e+01
1.889171985815602852e+02 9.516130319148936678e+01 5.722788120567376069e+01
1.885390514184397261e+02 9.428353280141844550e+01 5.652477836879432971e+01
1.882477836879432687e+02 9.356312056737588989e+01 5.614419326241134911e+01
1.885299645390070964e+02 9.382892287234042783e+01 5.635121897163120508e+01
1.884504654255319167e+02 9.350910904255319167e+01 5.614512411347517684e+01
1.870900709219858129e+02 9.203519503546098690e+01 5.501026152482269538e+01
1.858613918439716315e+02 9.066136968085106673e+01 5.406097074468085140e+01
1.854780806737588534e+02 9.021819592198581006e+01 5.410113031914893611e+01
1.859760638297872219e+02 9.055879875886525099e+01 5.481815159574468055e+01
1.871222296099290645e+02 9.165376773049645465e+01 5.600966312056737451e+01
1.872016843971631204e+02 9.139940159574467771e+01 5.578703457446808756e+01
1.863675975177305020e+02 9.014179964539006562e+01 5.514374999999999716e+01
1.859412677304964632e+02 8.960423315602837135e+01 5.466894946808510980e+01
1.860278147163120650e+02 8.972593085106383626e+01 5.475562943262411153e+01
1.863958998226950428e+02 9.026533687943262407e+01 5.526387411347517542e+01
1.870183510638297832e+02 9.094230939716311468e+01 5.571323138297872646e+01
1.872252881205673702e+02 9.113100620567375643e+01 5.584922429078014261e+01
1.875268395390070850e+02 9.155684840425531945e+01 5.615387854609929263e+01
1.880373448581560183e+02 9.226449468085105821e+01 5.661108156028368654e+01
1.876783687943262464e+02 9.181068262411346836e+01 5.631945921985815318e+01
1.872195035460993040e+02 9.127969858156028238e+01 5.579113475177305048e+01
1.875413120567375813e+02 9.155485372340424988e+01 5.597688386524822590e+01
1.880914450354609926e+02 9.214570035460992870e+01 5.601103723404255419e+01
1.884458998226950257e+02 9.242092198581559614e+01 5.579317375886525099e+01
1.887319592198581688e+02 9.256646719858156303e+01 5.552395833333333286e+01
1.881049423758865373e+02 9.179341755319148888e+01 5.510401152482269538e+01
1.873593085106383000e+02 9.118453014184396466e+01 5.449051418439716343e+01
1.873591090425532002e+02 9.120175088652482032e+01 5.457626329787233743e+01
1.874976285460992926e+02 9.140589539007092412e+01 5.476165780141843697e+01
1.876218306737588648e+02 9.159674202127659726e+01 5.491411790780141899e+01
1.878987810283688020e+02 9.196017287234042215e+01 5.514700797872340132e+01
1.881763962765957388e+02 9.259616578014184540e+01 5.557533244680850970e+01
1.883173758865248146e+02 9.322285017730496293e+01 5.598894060283687679e+01
1.887219636524822590e+02 9.373406471631206216e+01 5.624476950354610238e+01
1.887956781914893725e+02 9.388980496453901026e+01 5.643419769503545780e+01
1.892505762411347519e+02 9.420684840425532514e+01 5.669541223404254993e+01
1.898692154255319053e+02 9.491318705673758416e+01 5.717703900709219766e+01
1.895840868794326184e+02 9.474097960992908440e+01 5.726908244680851112e+01
1.889388076241134797e+02 9.377679521276596120e+01 5.659275265957446521e+01
1.887591090425531775e+02 9.357670656028368228e+01 5.641875000000000284e+01
1.886086657801418482e+02 9.351325354609929263e+01 5.646914893617021391e+01
1.888722739361702168e+02 9.395268173758864805e+01 5.692373670212766257e+01
1.888981604609928979e+02 9.390607269503546206e+01 5.683295656028369081e+01
1.882143617021276611e+02 9.309326241134752422e+01 5.638794326241134769e+01
1.883417109929077924e+02 9.331620124113474901e+01 5.661015070921985881e+01
1.886217641843971649e+02 9.405084219858156303e+01 5.689612145390071163e+01
1.887034352836879521e+02 9.442597517730496293e+01 5.724109042553191529e+01
1.888153812056737593e+02 9.475268173758865942e+01 5.751278812056737877e+01
1.888530806737588534e+02 9.500769060283687395e+01 5.761994680851064032e+01
1.882214095744680833e+02 9.407965425531915571e+01 5.697167553191489020e+01
1.880917553191489446e+02 9.346555851063830289e+01 5.649268617021276384e+01
1.884835106382978722e+02 9.385164007092198801e+01 5.678572695035460782e+01
1.885493129432624073e+02 9.421573581560284083e+01 5.700055407801418283e+01
1.886448803191489390e+02 9.445930851063829436e+01 5.733696808510638476e+01
1.882909574468085054e+02 9.433758865248226755e+01 5.734851507092198375e+01
1.879476728723404335e+02 9.422171985815603534e+01 5.713065159574468055e+01
1.880351285460992870e+02 9.402878989361701656e+01 5.696185726950354677e+01
1.876419769503546036e+02 9.300396719858156303e+01 5.616265514184397034e+01
1.870480939716312037e+02 9.192721631205674271e+01 5.532983156028368654e+01
1.871405585106383000e+02 9.217453457446808329e+01 5.559818262411347689e+01
1.876434618794326354e+02 9.343450797872340274e+01 5.664991134751772961e+01
1.875995567375886424e+02 9.408743351063829152e+01 5.710793439716312037e+01
1.875830452127659669e+02 9.440613918439716201e+01 5.715383421985815460e+01
1.869736923758865146e+02 9.337209663120567882e+01 5.649144503546099116e+01
1.866174645390071021e+02 9.243741134751772393e+01 5.580842198581560609e+01
1.862948581560283685e+02 9.133382092198581859e+01 5.504388297872340274e+01
1.857529920212765830e+02 9.012147606382978893e+01 5.424891400709219624e+01
1.851158466312056703e+02 8.891520390070921565e+01 5.342362588652482458e+01
1.852344858156028238e+02 8.893326684397163717e+01 5.338694592198581290e+01
1.855813386524822590e+02 8.983020833333333144e+01 5.405214982269503565e+01
1.862070478723404392e+02 9.100873226950353967e+01 5.498590425531914860e+01
1.870198359929078151e+02 9.213636968085106105e+01 5.582885638297872077e+01
1.872435283687943297e+02 9.260028812056737024e+01 5.613357712765957785e+01
1.875501773049645351e+02 9.279634308510638618e+01 5.624445921985815744e+01
1.877759751773049572e+02 9.276183510638297491e+01 5.619842641843971620e+01
1.874745124113475185e+02 9.244080230496453510e+01 5.581684397163120792e+01
1.871073359929077924e+02 9.199055851063829436e+01 5.569838209219857816e+01
1.872906471631205534e+02 9.220139627659574444e+01 5.573448581560283799e+01
1.873330008865248146e+02 9.235261524822695378e+01 5.577005762411347689e+01
1.874721631205673873e+02 9.252690602836879918e+01 5.603251329787234170e+01
1.881176418439716258e+02 9.348023049645389904e+01 5.672936613475177126e+01
1.880306515957446720e+02 9.331710992907801483e+01 5.666123670212765973e+01
1.876137854609929150e+02 9.284483599290780376e+01 5.609095744680850970e+01
1.870502659574468112e+02 9.203867464539007415e+01 5.548510638297872077e+01
1.864170434397163092e+02 9.175228280141844550e+01 5.496438386524823017e+01
1.863900709219858243e+02 9.164095744680851396e+01 5.493342198581560609e+01
1.865837765957446948e+02 9.184525709219857958e+01 5.503561613475176983e+01
1.862455452127659612e+02 9.146968085106382773e+01 5.470354609929078293e+01
1.861276374113475072e+02 9.100833333333333997e+01 5.440270390070921991e+01
1.860635416666666799e+02 9.080064273049644896e+01 5.431216755319148604e+01
1.856751994680851112e+02 9.038783244680851681e+01 5.404700797872340701e+01
1.856576462765957558e+02 9.043922872340425556e+01 5.406609042553191813e+01
1.858927748226950314e+02 9.120082003546099259e+01 5.456207890070921707e+01
1.856253324468084998e+02 9.129443705673759268e+01 5.451925975177304906e+01
1.854795434397163092e+02 9.126759751773049345e+01 5.445093085106383057e+01
1.851833111702127610e+02 9.098574911347517968e+01 5.426544769503546206e+01
1.848883200354609926e+02 9.057557624113475470e+01 5.398727836879432829e+01
1.853225842198581574e+02 9.104638741134752422e+01 5.436509308510638050e+01
1.858031028368794466e+02 9.194835992907800915e+01 5.504270833333333002e+01
1.852933067375886651e+02 9.162285017730496861e+01 5.475700354609929121e+01
1.847180851063829721e+02 9.092205230496453794e+01 5.414191046099291071e+01
1.841931515957446948e+02 8.997522163120567029e+01 5.352952127659574444e+01
1.838672872340425499e+02 8.933417553191489446e+01 5.314822695035461209e+01
1.845745124113475129e+02 9.024667553191488878e+01 5.375159574468084855e+01
1.851720744680850999e+02 9.126015070921985739e+01 5.441706560283687821e+01
1.848921542553191557e+02 9.091083776595745292e+01 5.427856826241134769e+01
1.850547429078014261e+02 9.113326684397162580e+01 5.437723847517730746e+01
1.850490026595744553e+02 9.102198581560283230e+01 5.433568262411347405e+01
1.847113253546099259e+02 9.056398492907801767e+01 5.396691046099290645e+01
1.850390070921985739e+02 9.085864361702127212e+01 5.421436170212766115e+01
1.856429964539007074e+02 9.187641843971631772e+01 5.505997340425531661e+01
1.864928413120567257e+02 9.327504432624112951e+01 5.599448138297872646e+01
1.872554742907801426e+02 9.418521719858155450e+01 5.660101950354609812e+01
1.868655585106382944e+02 9.334275265957447232e+01 5.602127659574468055e+01
1.865518173758865146e+02 9.264991134751772961e+01 5.552318262411347405e+01
1.867102836879432743e+02 9.248453014184397603e+01 5.541484929078013977e+01
1.865041888297872390e+02 9.216522606382979177e+01 5.519337322695035652e+01
1.866175310283688020e+02 9.225294769503545922e+01 5.534445921985815886e+01
1.867841533687943354e+02 9.242466755319148319e+01 5.536575797872340132e+01
1.868201462765957501e+02 9.250137411347517968e+01 5.543758865248226897e+01
1.864909574468085225e+02 9.197739361702127781e+01 5.498838652482269396e+01
1.867699689716312150e+02 9.222493351063829436e+01 5.526181294326241300e+01
1.874765735815602739e+02 9.328031914893617227e+01 5.594758421985815744e+01
1.883699911347517855e+02 9.447535460992908440e+01 5.673472960992907588e+01
1.890351063829787108e+02 9.556757535460992870e+01 5.759040336879432687e+01
1.881081560283687963e+02 9.474592198581559899e+01 5.690374556737588563e+01
1.872705452127659669e+02 9.381411790780141757e+01 5.620367907801418283e+01
1.873039450354609983e+02 9.403630319148936678e+01 5.642774822695035652e+01
1.875581338652482373e+02 9.439632092198581859e+01 5.680212765957446663e+01
1.880929521276595722e+02 9.539767287234042215e+01 5.759898049645389762e+01
1.885807402482269595e+02 9.604443705673759268e+01 5.809317375886524815e+01
1.882057624113475072e+02 9.574951241134752422e+01 5.792198581560283799e+01
1.881152925531914946e+02 9.559015957446808898e+01 5.782672872340425840e+01
1.884567154255319110e+02 9.579140070921985739e+01 5.792371453900709355e+01
1.883781028368794352e+02 9.557409131205673702e+01 5.772265070921985597e+01
1.879638962765957331e+02 9.488993794326241016e+01 5.719663120567376069e+01
1.876766843971631147e+02 9.409474734042552768e+01 5.672575354609929121e+01
1.876473182624113463e+02 9.411717641843971194e+01 5.667373670212766257e+01
1.881515514184397091e+02 9.473787677304964916e+01 5.712222960992907872e+01
1.884829565602836965e+02 9.495035460992907872e+01 5.740879875886524530e+01
1.881236480496453964e+02 9.460050975177304622e+01 5.707604166666666856e+01
1.880967863475177353e+02 9.466227836879433255e+01 5.705848847517730604e+01
1.884298758865248260e+02 9.499018173758865657e+01 5.735622783687943382e+01
1.884591755319148945e+02 9.500651595744680833e+01 5.745789007092198375e+01
1.887154033687943127e+02 9.519066932624113520e+01 5.766438386524822590e+01
1.890471631205673759e+02 9.519696365248226755e+01 5.792386968085106247e+01
1.893771054964539076e+02 9.531110372340425840e+01 5.804869237588652453e+01
1.898267952127659441e+02 9.577083333333332860e+01 5.850558510638298060e+01
1.900915780141843925e+02 9.608978280141843697e+01 5.864131205673758984e+01
1.895605053191489446e+02 9.552163120567375643e+01 5.833967198581560609e+01
1.893502216312056703e+02 9.528433067375885912e+01 5.808437500000000142e+01
1.895840647163120707e+02 9.565562943262411011e+01 5.844423758865248431e+01
1.896981826241134854e+02 9.584461436170212778e+01 5.858765514184397460e+01
1.897874113475177182e+02 9.575919769503546775e+01 5.852473404255319167e+01
1.893992907801418539e+02 9.520919769503545638e+01 5.804565602836879634e+01
1.885730053191489333e+02 9.432440159574467486e+01 5.728355496453900741e+01
1.888294991134751797e+02 9.450004432624113804e+01 5.740208333333333002e+01
1.883647384751773188e+02 9.459968971631205648e+01 5.709179964539006846e+01
1.877147163120567370e+02 9.432468971631205079e+01 5.668882978723404165e+01
1.875114583333333371e+02 9.477296099290779807e+01 5.671447251773049913e+01
1.873246010638297889e+02 9.511892730496454362e+01 5.663659131205673702e+01
1.867312721631205648e+02 9.441185726950354251e+01 5.612289450354609954e+01
1.862308067375886651e+02 9.371515957446808898e+01 5.563071808510638050e+01
1.858234485815602852e+02 9.321620124113475470e+01 5.540046542553191244e+01
1.862030585106383000e+02 9.380432180851063606e+01 5.579100177304964348e+01
1.872410682624113463e+02 9.524514627659574728e+01 5.670525265957446948e+01
1.873426418439716201e+02 9.528953900709220193e+01 5.664831560283688106e+01
1.871436391843971592e+02 9.468393173758865089e+01 5.628676861702127354e+01
1.873222517730496577e+02 9.471194592198581574e+01 5.628874113475177410e+01
1.874475842198581574e+02 9.466159131205674271e+01 5.633681294326240874e+01
1.878177083333333428e+02 9.506143617021277237e+01 5.658752216312056760e+01
1.883155363475177353e+02 9.561212322695035937e+01 5.702457890070922275e+01
1.883729388297872447e+02 9.525771276595745007e+01 5.690746897163120366e+01
1.882826906028368796e+02 9.500068705673758984e+01 5.685560726950354393e+01
1.888302748226950314e+02 9.579680851063830005e+01 5.743051861702127781e+01
1.887869459219858186e+02 9.592094414893617227e+01 5.745405585106382773e+01
1.887862588652482145e+02 9.597695035460992585e+01 5.748741134751772819e+01
1.886746675531914832e+02 9.572910017730497145e+01 5.734055851063829579e+01
1.884763519503545979e+02 9.542273936170212778e+01 5.717719414893617369e+01
1.887110593971631261e+02 9.576136968085106105e+01 5.745292553191489304e+01
1.896680186170212892e+02 9.706790780141844266e+01 5.856431737588652453e+01
1.899809175531914889e+02 9.775897606382979177e+01 5.910467641843971620e+01
1.901633865248226982e+02 9.828029698581559614e+01 5.956988031914893611e+01
1.904501551418439647e+02 9.880948581560284083e+01 5.995097517730496151e+01
1.901820257092198574e+02 9.888756648936170279e+01 5.983359929078014261e+01
1.898116578014184483e+02 9.840835549645390756e+01 5.938925088652482032e+01
1.898121453900709241e+02 9.823455230496453794e+01 5.933725620567376069e+01
1.897120124113475299e+02 9.801416223404255845e+01 5.950684840425532229e+01
1.897692375886524871e+02 9.793588209219858243e+01 5.977460106382978466e+01
1.897543439716312150e+02 9.777601950354609528e+01 5.973158244680850970e+01
1.896427969858156075e+02 9.764924645390071589e+01 5.972260638297872504e+01
1.898795877659574387e+02 9.807588652482269254e+01 6.017845744680850828e+01
1.903525044326241016e+02 9.896048315602837420e+01 6.075722517730496719e+01
1.901897163120567313e+02 9.896398492907800915e+01 6.070177304964538934e+01
1.900664671985815630e+02 9.895467641843971762e+01 6.075935283687942956e+01
1.898201684397163262e+02 9.889035904255318599e+01 6.065314716312056476e+01
1.891319148936170222e+02 9.797300531914893895e+01 6.005939716312056476e+01
1.886433289007092071e+02 9.738787677304964063e+01 5.953499556737588705e+01
1.884057180851063720e+02 9.711562499999999432e+01 5.927070035460992870e+01
1.881479831560283742e+02 9.677320478723403596e+01 5.910520833333333002e+01
1.883250221631205648e+02 9.705680407801418141e+01 5.925281471631205932e+01
1.890213209219858186e+02 9.816879432624114088e+01 6.006784131205673560e+01
1.894367686170212721e+02 9.915075354609929548e+01 6.074124556737588421e+01
1.891939716312056703e+02 9.884853723404255277e+01 6.045591755319149030e+01
1.883670877659574501e+02 9.789326241134752138e+01 5.980075354609929406e+01
1.877710549645390188e+02 9.719312943262411864e+01 5.916644503546099543e+01
1.883282358156028238e+02 9.785842198581559614e+01 5.954720744680851396e+01
1.888473625886524871e+02 9.878337765957446948e+01 6.024082446808510838e+01
1.886856161347517684e+02 9.881715425531915287e+01 6.018927304964539360e+01
1.886652925531914775e+02 9.887692819148935541e+01 6.022783687943262265e+01
1.882074689716312150e+02 9.827431294326241584e+01 5.976097074468085424e+01
1.877379654255319110e+02 9.788530585106383342e+01 5.948417553191489304e+01
1.882206560283688077e+02 9.849390514184396750e+01 5.994058067375886623e+01
1.885823803191489390e+02 9.906686613475177694e+01 6.034525709219857958e+01
1.884772606382978779e+02 9.881380762411347973e+01 6.018765514184396892e+01
1.883667553191489503e+02 9.833457446808510838e+01 5.981620124113474901e+01
1.878526374113475299e+02 9.766589095744680549e+01 5.925159574468084855e+01
1.879224734042553280e+02 9.810489804964538507e+01 5.974767287234042357e+01
1.888886303191489446e+02 9.996066046099291214e+01 6.112863475177304906e+01
1.891051640070921849e+02 1.008013076241134769e+02 6.171930407801418283e+01
1.892453014184397091e+02 1.013450354609929036e+02 6.229862588652482458e+01
1.895589095744680890e+02 1.021138741134751768e+02 6.260649379432624073e+01
1.895975620567375870e+02 1.024971631205673788e+02 6.307887854609928979e+01
1.898970301418439703e+02 1.030462765957446862e+02 6.352052304964539076e+01
1.899589982269503423e+02 1.031140070921985767e+02 6.348408687943262407e+01
1.895609929078014204e+02 1.026159796099290844e+02 6.310585106382978893e+01
1.894528368794326241e+02 1.027640957446808443e+02 6.316835106382978893e+01
1.900409574468085054e+02 1.040163785460992898e+02 6.412211879432624073e+01
1.898804299645390188e+02 1.041406693262411380e+02 6.418754432624113804e+01
1.896977393617021335e+02 1.039793218085106332e+02 6.423599290780141757e+01
1.896249556737588762e+02 1.040101728723404193e+02 6.414534574468085282e+01
1.892767508865248089e+02 1.037386968085106389e+02 6.409780585106382489e+01
1.892671320921985796e+02 1.033173758865248288e+02 6.352980939716312037e+01
1.895270390070921849e+02 1.030388519503546121e+02 6.301979166666666998e+01
1.894007313829787336e+02 1.027099290780141843e+02 6.272103280141843840e+01
1.896374778368794409e+02 1.030228501773049601e+02 6.298778812056737308e+01
1.901058732269503651e+02 1.036188608156028437e+02 6.333885195035460924e+01
1.901548537234042442e+02 1.038635416666666629e+02 6.352632978723404023e+01
1.906911569148936110e+02 1.042968750000000000e+02 6.398964982269503565e+01
1.911839095744680890e+02 1.049625000000000057e+02 6.433880762411347121e+01
1.910049202127659669e+02 1.046929521276595807e+02 6.423495124113475185e+01
1.910500443262411352e+02 1.049136524822694980e+02 6.438351063829787790e+01
1.913087544326241130e+02 1.058277703900709241e+02 6.520474290780141757e+01
1.913763741134751797e+02 1.065947473404255277e+02 6.588634751773049913e+01
1.915068927304964461e+02 1.070685062056737564e+02 6.650212765957446948e+01
