2.365179888590088240e+02 6.827033711102574287e+00 5.247327602766038979e+01
2.365005186323472799e+02 6.834539473684210442e+00 5.246786400307338027e+01
2.365375408182866011e+02 6.870788513253938135e+00 5.249998319247022494e+01
2.365596187091817058e+02 6.886186611601997853e+00 5.251742700729926838e+01
2.366152948520937400e+02 6.950982039953899516e+00 5.256569823280829468e+01
2.366678784095274750e+02 7.039855455243949400e+00 5.252234441029581546e+01
2.365957789089512175e+02 7.192138878217441800e+00 5.248041202458701804e+01
2.365938700537840873e+02 7.347699769496734312e+00 5.255688388398002076e+01
2.366319223011909401e+02 7.429869381482903989e+00 5.271130186323473055e+01
2.366146777756434858e+02 7.498300038417211155e+00 5.279190117172493046e+01
2.366832476949673492e+02 7.547166730695351156e+00 5.285375768344218272e+01
2.367191029581252337e+02 7.587514406454091365e+00 5.288155013446024100e+01
2.368141807529773359e+02 7.666262485593545506e+00 5.295484537072608333e+01
2.368996662504802089e+02 7.742102862082212766e+00 5.302401796004610190e+01
2.369770505186323533e+02 7.785259796388782405e+00 5.312802055320783978e+01
2.370622238762965708e+02 7.847046676911256569e+00 5.323956732616212406e+01
2.372015631002689133e+02 7.918490683826354015e+00 5.333134604302727411e+01
2.373297013061851715e+02 7.953277468305801179e+00 5.339288801383019489e+01
2.374011261044948071e+02 8.040290049942374395e+00 5.337940117172493615e+01
2.373900691509796275e+02 8.069568766807529769e+00 5.335576258163657570e+01
2.373074937572032184e+02 8.009186515558971209e+00 5.325715280445639621e+01
2.372431689396849777e+02 8.002497118709181123e+00 5.319295764502496837e+01
2.371909383403764764e+02 7.968298597771801717e+00 5.318476757587399106e+01
2.371812956204379645e+02 7.960379850172877525e+00 5.315678543987706206e+01
2.372397113907030359e+02 8.023556953515175394e+00 5.321169083749519757e+01
2.372606823857088045e+02 8.056533326930464867e+00 5.317986217825585982e+01
2.372332116788321059e+02 8.017635900883595568e+00 5.316341721091048811e+01
2.372646297541298566e+02 8.083235689588935458e+00 5.321288177103342321e+01
2.373341120822128403e+02 8.141327314636956913e+00 5.327475749135612659e+01
2.374557697848636053e+02 8.198071936227430356e+00 5.337992940837494871e+01
2.376121230311179318e+02 8.291125624279677808e+00 5.348649875144064225e+01
2.377365251632731429e+02 8.343502689204763456e+00 5.362344890510949114e+01
2.378751512677679614e+02 8.403805704955820133e+00 5.374849452554744289e+01
2.380323616980407166e+02 8.508869573568958344e+00 5.383832597003457465e+01
2.382278980983480494e+02 8.629554840568575358e+00 5.396779437187860395e+01
2.383369885708797540e+02 8.700852381867075991e+00 5.399827842873607153e+01
2.384111890126776814e+02 8.787828947368421240e+00 5.404477045716480887e+01
2.384467657510564607e+02 8.759978870533998929e+00 5.410478054168267192e+01
2.385287456780637854e+02 8.817016423357664223e+00 5.415818286592393349e+01
2.386331516519400679e+02 8.888827794852094399e+00 5.427718257779485356e+01
2.387407774683057937e+02 8.913285151747983193e+00 5.434623751440645378e+01
2.387841841144832813e+02 8.914187956204379759e+00 5.436352525931617663e+01
2.387464608144448732e+02 8.869333461390702666e+00 5.428970898962734992e+01
2.386539353630426490e+02 8.844131771033422851e+00 5.424802871686515715e+01
2.386140871110257535e+02 8.846412792931232616e+00 5.421810651171725226e+01
2.384418483480599207e+02 8.728368709181713925e+00 5.410151507875528409e+01
2.380476157318478556e+02 8.361364291202459498e+00 5.378563436419516108e+01
2.377385828851325300e+02 8.017803976181328451e+00 5.357592921628889826e+01
2.375449625432193557e+02 7.862605647330004111e+00 5.345702554744525514e+01
2.375000288129081696e+02 7.730486457933154476e+00 5.340126776796004293e+01
2.374494597579715673e+02 7.779845370726085285e+00 5.337588119477526050e+01
2.374091120822128289e+02 7.779324337303111569e+00 5.334996878601613446e+01
2.373042643104110709e+02 7.763770169035727697e+00 5.325669900115251920e+01
2.372636693238571013e+02 7.752028908951210440e+00 5.317072368421052886e+01
2.372312716096811300e+02 7.681089127929312532e+00 5.314008355743373357e+01
2.371162384748367344e+02 7.677552343449865369e+00 5.302909863618901198e+01
2.370355095082597074e+02 7.690947944679216164e+00 5.304900355359200859e+01
2.370916682673837954e+02 7.705700153668843200e+00 5.301881002689204792e+01
2.371096211102573932e+02 7.752540338071455928e+00 5.305372887053400177e+01
2.371251176527084112e+02 7.810804840568574825e+00 5.308368469074144969e+01
2.371824505378409640e+02 7.828745678063772750e+00 5.306493709181713569e+01
2.371965976757587384e+02 7.910480695351517433e+00 5.310334950057625747e+01
2.372783567038032970e+02 7.961827698809066156e+00 5.319487610449481707e+01
2.373473588167499031e+02 8.059397810218978719e+00 5.324531790242028251e+01
2.373452002497118656e+02 8.057342489435267652e+00 5.327496398386477239e+01
2.373583845562812087e+02 8.062283903188628642e+00 5.333015270841337241e+01
2.374862130234344875e+02 8.180354398770649738e+00 5.350866788321167888e+01
2.376603438340376613e+02 8.321225509028044698e+00 5.363085382251248490e+01
2.377784647522089756e+02 8.355652132155205081e+00 5.370552967729543070e+01
2.379045500384171987e+02 8.434606703803304129e+00 5.378848203995389810e+01
2.379654365155589630e+02 8.466209661928543184e+00 5.383504369957741176e+01
2.380593017671916982e+02 8.561690837495197215e+00 5.392836630810602827e+01
2.382347291586630718e+02 8.668147330003842299e+00 5.402337687283903023e+01
2.383333365347675681e+02 8.715712639262388706e+00 5.405048021513638190e+01
2.383640102766039206e+02 8.743337014982712319e+00 5.412847435651171679e+01
2.382960694391087202e+02 8.679761333077218310e+00 5.405358960814444913e+01
2.381813988666922910e+02 8.620169035728006079e+00 5.394911880522474235e+01
2.381234873223203863e+02 8.597591721091049521e+00 5.392129273914714105e+01
2.381174654245101863e+02 8.543248175182482029e+00 5.390712159047253493e+01
2.381055272762197603e+02 8.523604975028812092e+00 5.390259796388782121e+01
2.380766111217825483e+02 8.517674318094506702e+00 5.383708941605839726e+01
2.380287216673069395e+02 8.488551671148675482e+00 5.383401363810987306e+01
2.380063916634652230e+02 8.446093449865539782e+00 5.382705051863234758e+01
2.380227501920860504e+02 8.466087207068767384e+00 5.379837447176335274e+01
2.380013974260468785e+02 8.444592777564349007e+00 5.378686611601997924e+01
2.379052223396081445e+02 8.417110065309259426e+00 5.365825729927007615e+01
2.377623535343834078e+02 8.351714368036880387e+00 5.353045764502497406e+01
2.376061995774106776e+02 8.283963215520552481e+00 5.344173069535151654e+01
2.374576066077602832e+02 8.200564252785246921e+00 5.329377160968113714e+01
2.373239243180944982e+02 8.125876392623895939e+00 5.329489531310026962e+01
2.371709661928543937e+02 8.017158086822897545e+00 5.310045620437956160e+01
2.369945999807914063e+02 7.893910872070687645e+00 5.298209517864003004e+01
2.369115203611217737e+02 7.859777180176719114e+00 5.289234537072608333e+01
2.368841649058778387e+02 7.812120630042258540e+00 5.289844650403380655e+01
2.369172181137149380e+02 7.793435459085670480e+00 5.288903428736073664e+01
2.369502040914329655e+02 7.791461774875144464e+00 5.297333125240107421e+01
2.369488330772185805e+02 7.733737514406453961e+00 5.297282942758355517e+01
2.368862730503265368e+02 7.664139934690741285e+00 5.296720370726085036e+01
2.367770097003457579e+02 7.623400883595850885e+00 5.290393056089128265e+01
2.365286544371878676e+02 7.386630810603150188e+00 5.268330291970802648e+01
2.362966961198617071e+02 7.099248463311563562e+00 5.245825489819439014e+01
2.360437620053783974e+02 6.856024298885900592e+00 5.229934210526315752e+01
2.359366884364195300e+02 6.779405973876296621e+00 5.222974452554744573e+01
2.360225701114099195e+02 6.867700729927006975e+00 5.229104878985785376e+01
2.361805608912792991e+02 7.001656742220514928e+00 5.241844026123703770e+01
2.363364531310026848e+02 7.058137245485977651e+00 5.254787744909719294e+01
2.364771633691893840e+02 7.161983768728390487e+00 5.271694919323856965e+01
2.364939132731463758e+02 7.166092009220130343e+00 5.272386909335381944e+01
2.364309474644640829e+02 7.287675278524779365e+00 5.269360593545908245e+01
2.363256194775259189e+02 7.303176623127161093e+00 5.252516327314636868e+01
2.363244933730311175e+02 7.335156550134460218e+00 5.252628457548981800e+01
2.365001344602382005e+02 7.419573568958893972e+00 5.264336342681521330e+01
2.368418315405301655e+02 7.664584133691893619e+00 5.290011525163273376e+01
2.372428111794083634e+02 7.904446792162889146e+00 5.322808778332692725e+01
2.377231991932385711e+02 8.184311371494429110e+00 5.362137917787168817e+01
2.382395505186323419e+02 8.458118036880522439e+00 5.401082404917403323e+01
2.387490467729542729e+02 8.668531502112946541e+00 5.439408134844410370e+01
2.390891495389934676e+02 8.811265847099500448e+00 5.464156982328083245e+01
2.393995437956204455e+02 8.997423645793315217e+00 5.490764022281982193e+01
2.395378385516711433e+02 9.051829619669611304e+00 5.498986025739531414e+01
2.394034119285439886e+02 9.036056953515174683e+00 5.488172541298501983e+01
2.392228030157510545e+02 8.892938436419516535e+00 5.475145265078755585e+01
2.389746278332692953e+02 8.706910295812523515e+00 5.455823809066461649e+01
2.386540602189780884e+02 8.570101805608912215e+00 5.428160535920092400e+01
2.385753169419900246e+02 8.582191221667306635e+00 5.421815213215520401e+01
2.386215160391855648e+02 8.644235017287744682e+00 5.427225557049558091e+01
2.387351301383019688e+02 8.723761044948137311e+00 5.438168699577410337e+01
2.388447704571647989e+02 8.765839896273529774e+00 5.447080772185939423e+01
2.388990251632731372e+02 8.774810315021129625e+00 5.450868709181713712e+01
2.389906454091432977e+02 8.766394544756050067e+00 5.455680464848251887e+01
2.390303808106031624e+02 8.816524202842874303e+00 5.460134220130618843e+01
2.389052895697272447e+02 8.824061179408374755e+00 5.445458845562811945e+01
2.387670404341144774e+02 8.740522954283518331e+00 5.436003409527468477e+01
2.387480767383787850e+02 8.719042931233191851e+00 5.434380762581636759e+01
2.387380882635420676e+02 8.723811467537457176e+00 5.434155061467537706e+01
2.385750432193622714e+02 8.616788321167883069e+00 5.421490107568190808e+01
2.383770145024971328e+02 8.581550134460238510e+00 5.404605023050326196e+01
2.382613594890511024e+02 8.543032078371110671e+00 5.397141039185554945e+01
2.382078491164041623e+02 8.596624087591241192e+00 5.391419756050710532e+01
2.384132227237802510e+02 8.733223684210527082e+00 5.397210190165193922e+01
2.386363546868997219e+02 8.878387917787168959e+00 5.416041346523242339e+01
2.387865803880138174e+02 8.965578179024202399e+00 5.428375672301191202e+01
2.388086342681521330e+02 8.991826738378794204e+00 5.431636092969650065e+01
2.387987658470995029e+02 8.978887341529004473e+00 5.428338455628121295e+01
2.387865491740299717e+02 9.020788513253938490e+00 5.426244237418363525e+01
2.387306065117172409e+02 8.970012965808681571e+00 5.418975461006530736e+01
2.384985185363042604e+02 8.726486265847100299e+00 5.397361938148290506e+01
2.380887509604302750e+02 8.370783711102573577e+00 5.371024538993469122e+01
2.379053351901652036e+02 8.209337783326930094e+00 5.361265847099500803e+01
2.379394544756050607e+02 8.188270745293891650e+00 5.366686515558970427e+01
2.380598444102958240e+02 8.272092297349212586e+00 5.379872262773722724e+01
2.381310987322320329e+02 8.344967345370726264e+00 5.382941797925470695e+01
2.380689636957356754e+02 8.345690069150979440e+00 5.376492028428736347e+01
2.381525667499039685e+02 8.347646945831732168e+00 5.381720850941221812e+01
2.382121374375720393e+02 8.408271705724164491e+00 5.387539137533615019e+01
2.381304360353438199e+02 8.348189588935843730e+00 5.385850461006531020e+01
2.379070975797157246e+02 8.224195639646561418e+00 5.366916058394160416e+01
2.377219650403380626e+02 8.076671148674606115e+00 5.357076930464847919e+01
2.375794948136765186e+02 8.015297253169419989e+00 5.342244525547445022e+01
2.376243589127929283e+02 8.005282366500191316e+00 5.345366164041490720e+01
2.377096619285439942e+02 8.025449001152516360e+00 5.355742892815981548e+01
2.378305680945063330e+02 8.032935555128696947e+00 5.369910920092200968e+01
2.378969962543219481e+02 8.061054552439493648e+00 5.374192518248175077e+01
2.380192806377257000e+02 8.131408470995005189e+00 5.385259316173645772e+01
2.380515414905877947e+02 8.113542066845946366e+00 5.384005474452554552e+01
2.379532294467921645e+02 8.024085190165193282e+00 5.370727285824049346e+01
2.378215712639262449e+02 7.945022570111410332e+00 5.367958125240107847e+01
2.377798837879369955e+02 7.941204859777180047e+00 5.359730599308490184e+01
2.377717105263157862e+02 7.891812331924702661e+00 5.367581156358048133e+01
2.377386573184786869e+02 7.983130042258932413e+00 5.358854206684594601e+01
2.375498607376104587e+02 7.863011429120246198e+00 5.347672397233960595e+01
2.372779725316941892e+02 7.739646561659623281e+00 5.328694775259316430e+01
2.369477165770265117e+02 7.596844986553976220e+00 5.303242172493276740e+01
2.365011429120245907e+02 7.452290626200538171e+00 5.268859008835958235e+01
2.361193382635420619e+02 7.233305320783711245e+00 5.231401747983096584e+01
2.358389166346523211e+02 7.145101805608912393e+00 5.213727429888589882e+01
2.357996590472531580e+02 7.231619765655013410e+00 5.206500672301191202e+01
2.359663345178639986e+02 7.369782462543219559e+00 5.218723828275066978e+01
2.361106199577410791e+02 7.481449289281598247e+00 5.230703755282366529e+01
2.360854638878217315e+02 7.452914905877833007e+00 5.230190645409143002e+01
2.359897450057625861e+02 7.453990587783327015e+00 5.219080147906262113e+01
2.361399587014982728e+02 7.557961966961198819e+00 5.231263446023818631e+01
2.365710046100653017e+02 7.821223107952362419e+00 5.273443142527852245e+01
2.373075777948521079e+02 8.143673165578178441e+00 5.333378793699577614e+01
2.379867268536304152e+02 8.479288321167883780e+00 5.391289857856319401e+01
2.386385132539377594e+02 8.848314444871302697e+00 5.444126968882059003e+01
2.391811011333077204e+02 9.107397714175951009e+00 5.479987754514021958e+01
2.392492604686899824e+02 9.060797637341529764e+00 5.488968497887053388e+01
2.388209805993084842e+02 8.546007011140991594e+00 5.450794275835574609e+01
2.381213071456012358e+02 7.765049942374183445e+00 5.414643200153668801e+01
2.375343954091432863e+02 7.140544563964656533e+00 5.377465664617749042e+01
2.373810699193238634e+02 6.954605263157894512e+00 5.366346043027276380e+01
2.373508571840184516e+02 6.966536208221283388e+00 5.362970370726085179e+01
2.373958053207837224e+02 7.144748847483672449e+00 5.361893728390318614e+01
2.372330436035343837e+02 7.161837303111793673e+00 5.343632827506723260e+01
2.367371878601613560e+02 7.084256146753745931e+00 5.303662120630042409e+01
2.360338407606607802e+02 6.848235209373799037e+00 5.247418363426815091e+01
2.355944895313100176e+02 6.656451690357280349e+00 5.206717009220130876e+01
2.354745990203611257e+02 6.695476373415290006e+00 5.195270121014214482e+01
2.357592945639646587e+02 6.925458605455244054e+00 5.212073809066461649e+01
2.362161496350364871e+02 7.222190741452170215e+00 5.243726469458317041e+01
2.367910559930849104e+02 7.563330772185939743e+00 5.286004369957741034e+01
2.373954571648098408e+02 7.895224260468689970e+00 5.329899635036496619e+01
2.380161448328851463e+02 8.166382539377641692e+00 5.374256146753745611e+01
2.383290169996158170e+02 8.353311083365348111e+00 5.398525499423741536e+01
2.382167763157894740e+02 8.297555704955820843e+00 5.391767912024587162e+01
2.379223083941605807e+02 8.111042547061083852e+00 5.368990827890895190e+01
2.376295860545524476e+02 7.945116212063004113e+00 5.346699481367652851e+01
2.374672853438340496e+02 7.821367172493276954e+00 5.331475461006530736e+01
2.374180897041874800e+02 7.852766039185555158e+00 5.332838551671148508e+01
2.375047301190933524e+02 7.952050518632347575e+00 5.341100172877449381e+01
2.375924990395697307e+02 8.025881194775259075e+00 5.347053399923165529e+01
2.376445471571263965e+02 8.085831252401074920e+00 5.352627977333845877e+01
2.375357520169035865e+02 7.905097483672685499e+00 5.346485785631963239e+01
2.373052535535919958e+02 7.692736746062236008e+00 5.325724164425662366e+01
2.369974140414906003e+02 7.495380330388013768e+00 5.300592345370726122e+01
2.367861241836342572e+02 7.441788321167883247e+00 5.284287600845178900e+01
2.366820735689588844e+02 7.407205628121398711e+00 5.277082693046484962e+01
2.366651531886284943e+02 7.410132539377641159e+00 5.278234489051094869e+01
2.367059930849020475e+02 7.435571936227430179e+00 5.280532078371110316e+01
2.368217177295428257e+02 7.515191605839415701e+00 5.294481607760276631e+01
2.370342681521321424e+02 7.633379754129849815e+00 5.309480407222435616e+01
2.372578683250096105e+02 7.780671340760660470e+00 5.328003985785631613e+01
2.374743805224740640e+02 7.901565501344602005e+00 5.344513542066845702e+01
2.375767023626584660e+02 7.954528428736074019e+00 5.351614243180944896e+01
2.374672469266231190e+02 7.904317134076066509e+00 5.342316797925470695e+01
2.371466649058778273e+02 7.717458221283134634e+00 5.313190309258548183e+01
2.368058394160584044e+02 7.579273914713791527e+00 5.285667018824433683e+01
2.365416514598540232e+02 7.596965040338071518e+00 5.267072368421052886e+01
2.364876104494813660e+02 7.624755090280445735e+00 5.253023914713791953e+01
2.364756578947368553e+02 7.699971187091817271e+00 5.257189300806761167e+01
2.366179720514790574e+02 7.868385036496350793e+00 5.262469026123703486e+01
2.368441893968497993e+02 7.997558106031502412e+00 5.283814348828275342e+01
2.372492556665386019e+02 8.176438244333461114e+00 5.315299654245102090e+01
2.376827506723011822e+02 8.422085094122166993e+00 5.348991067998463222e+01
2.380337471187091865e+02 8.566949193238571070e+00 5.377453659239338890e+01
2.383686035343833964e+02 8.717609489051094229e+00 5.402043795620438260e+01
2.384979951018055999e+02 8.700953227045715721e+00 5.418232568190549614e+01
2.385461342681521444e+02 8.606163561275451457e+00 5.425642047637341392e+01
2.386547277180176820e+02 8.601757587399154303e+00 5.436773194391086861e+01
2.389979734921244585e+02 8.723957933154052213e+00 5.464096235113331090e+01
2.392010612754513943e+02 8.859064060699193277e+00 5.484232135996926871e+01
2.393153740875912376e+02 8.963945447560506707e+00 5.494926767191702055e+01
2.393539377641183137e+02 9.001940069150979440e+00 5.495365923933922403e+01
2.393096739339223973e+02 9.000525835574336497e+00 5.486047109104878672e+01
2.390063532462543208e+02 8.888544467921628112e+00 5.456464175950826245e+01
2.382955075873991575e+02 8.540835094122167348e+00 5.401786160199769427e+01
2.375589079907798578e+02 8.207676238955052384e+00 5.342493276988090400e+01
2.373082861121782514e+02 8.094297445255474344e+00 5.321598876296580727e+01
2.375788921436803776e+02 8.275890799077986415e+00 5.343976421436804003e+01
2.380767767960046228e+02 8.628752881290818522e+00 5.384152900499423566e+01
2.387382875528236639e+02 8.944573568958894327e+00 5.444793507491355911e+01
2.394430993084901900e+02 9.354016999615827999e+00 5.496703323088743787e+01
2.399725821167883169e+02 9.578001344602382616e+00 5.540507347291586626e+01
2.402609272954283597e+02 9.752026507875529049e+00 5.570665338071456318e+01
2.403822584517864129e+02 9.829622070687667801e+00 5.573917354975029070e+01
2.400772233960814503e+02 9.582524971187091012e+00 5.546297061083365065e+01
2.393979302727622098e+02 9.194542354975029141e+00 5.493512773722627429e+01
2.388130834613907041e+02 8.819662408759123551e+00 5.440610113330772180e+01
2.383410728006146826e+02 8.558043603534382981e+00 5.403142047637341250e+01
2.378744645601229308e+02 8.320932577794852847e+00 5.369265510948905273e+01
2.372281093930080544e+02 8.042760756819054890e+00 5.315589464079907600e+01
2.365275091240876009e+02 7.709582693046485247e+00 5.260231703803303560e+01
2.361672637341528969e+02 7.509580291970802790e+00 5.235598828275067262e+01
2.362515126776796137e+02 7.575201690357279638e+00 5.239085190165194206e+01
2.364778524779100906e+02 7.753092585478293941e+00 5.257771801767191988e+01
2.369301022858240628e+02 8.002499519784864290e+00 5.295032894736841911e+01
2.375766687475989158e+02 8.353243853246254957e+00 5.349477285824049488e+01
2.383877641183250091e+02 8.805656934306568928e+00 5.410804360353438369e+01
2.391155013446023929e+02 9.211544371878600757e+00 5.462211390703034652e+01
2.395759340184402504e+02 9.419220610833653140e+00 5.500610113330772322e+01
2.396866067998463450e+02 9.481317230119094219e+00 5.510347195543603505e+01
2.395394688820591682e+02 9.435828851325393174e+00 5.495853822512485465e+01
2.391730071071840200e+02 9.284320975797157871e+00 5.465845178640030610e+01
2.386570807721859353e+02 9.011184210526316463e+00 5.416974404533230825e+01
2.380604374759892323e+02 8.630793795620437692e+00 5.370072752593161880e+01
2.373666082404917290e+02 8.261520361121782230e+00 5.313085622358816806e+01
2.366528380714560171e+02 7.846777756434883067e+00 5.260705436035343752e+01
2.359253385516711603e+02 7.445586822896657964e+00 5.212019064540914570e+01
2.354586078563196452e+02 7.104468401844026282e+00 5.176808730311179119e+01
2.353038801383019631e+02 6.904177871686515644e+00 5.161880042258931667e+01
2.352379417979254583e+02 6.803361505954667265e+00 5.160585382251248632e+01
2.352825849980791304e+02 6.756943910872070802e+00 5.166486986169804396e+01
2.356641207260852866e+02 6.958881578947368141e+00 5.197478630426431323e+01
2.362328995389934789e+02 7.245714079907799032e+00 5.244411256242796782e+01
2.369123823472915831e+02 7.583756723011909173e+00 5.290284527468305953e+01
2.376078131002689133e+02 7.949548597771801894e+00 5.349017960046100484e+01
2.380395337111025640e+02 8.167254129850173072e+00 5.388287792931232900e+01
2.381822080291970849e+02 8.164240779869381015e+00 5.404050614675374220e+01
2.381349044371878563e+02 8.056045908567037728e+00 5.402156886285055748e+01
2.380644088551671018e+02 7.961947752593161454e+00 5.393920716480983657e+01
2.378660920092201252e+02 7.907702650787553189e+00 5.374236938148290221e+01
2.375830075873991518e+02 7.824246062235881816e+00 5.350406502112946328e+01
2.372356607760276574e+02 7.682945159431425530e+00 5.322433250096042912e+01
2.368580796196696099e+02 7.495968593930080637e+00 5.289824961582789342e+01
2.365938676527084112e+02 7.408211678832116398e+00 5.269560603150211620e+01
2.365633403764886680e+02 7.463491644256627033e+00 5.267683442182097764e+01
2.367369765655013509e+02 7.655407222435651526e+00 5.279168267383787594e+01
2.370337903380714693e+02 7.843658759124087609e+00 5.301590232424126015e+01
2.372711942950441824e+02 8.020735689588935458e+00 5.320997166730695227e+01
2.374740587783327044e+02 8.090652612370341501e+00 5.331783519016519080e+01
2.375375216096811357e+02 8.158240491740299305e+00 5.337818622742988595e+01
2.376113594890510967e+02 8.210134940453322372e+00 5.347495918171340890e+01
2.377111265847099446e+02 8.272949481367652069e+00 5.353506050710718256e+01
2.377675038417210942e+02 8.357512965808682637e+00 5.357265174798309459e+01
2.376910992124471704e+02 8.320164233576642587e+00 5.358351181329235402e+01
2.375581420476373466e+02 8.212411160199769355e+00 5.341824577410680064e+01
2.374408903188628415e+02 8.195449961582788490e+00 5.332180656934306739e+01
2.373434690741452187e+02 8.095241067998463436e+00 5.327544179792547396e+01
2.372714944295044290e+02 8.079117844794467374e+00 5.327766039185554803e+01
2.372247526892047631e+02 8.101318190549365639e+00 5.318588407606608115e+01
2.371576810411064287e+02 8.119184594698424462e+00 5.312523770649250565e+01
2.369670260276603813e+02 7.969717633499808329e+00 5.294726037264694440e+01
2.367543771609681187e+02 7.866092009220130521e+00 5.279055176719170106e+01
2.366048285631963211e+02 7.822217153284671376e+00 5.264849452554744857e+01
2.365352189781021934e+02 7.820389934690741285e+00 5.264519784863618668e+01
2.366499975989243296e+02 7.912929792547060970e+00 5.274250144064541246e+01
2.368442614291202517e+02 8.021285535920092968e+00 5.290776507875528267e+01
2.369495077794852023e+02 8.105536880522473453e+00 5.292528572800614484e+01
2.368733552631578902e+02 8.041817134076065798e+00 5.279998799462158843e+01
2.366921844986553936e+02 7.962843353822512071e+00 5.264733240491739963e+01
2.365765558970418851e+02 7.886678832116788662e+00 5.252790530157510318e+01
2.365076762389550424e+02 7.864271993853246379e+00 5.243891903572800572e+01
2.363580339992316510e+02 7.752600364963504020e+00 5.233266903572800288e+01
2.359613666922781476e+02 7.431213983864771500e+00 5.206344122166730415e+01
2.355408326930464966e+02 7.139320015366884320e+00 5.179167306953515038e+01
2.352763758163657428e+02 6.988664521705723942e+00 5.161920140222819953e+01
2.352752257011140955e+02 7.022317998463311284e+00 5.165285728006146826e+01
2.354649010756818939e+02 7.166565021129465585e+00 5.171442086054552334e+01
2.355572320399539024e+02 7.276025259316173610e+00 5.181092009220130734e+01
2.355739459277756396e+02 7.303671244717633293e+00 5.181125864387245628e+01
2.355165169996158170e+02 7.360387053399922941e+00 5.177467105263158231e+01
2.355953587207068836e+02 7.361361890126777219e+00 5.179933490203611512e+01
2.357703131002689076e+02 7.413181905493661183e+00 5.195233384556281209e+01
2.359200273722627799e+02 7.461976565501344361e+00 5.211157078371110174e+01
2.360430368805224646e+02 7.483048405685747362e+00 5.220689108720706884e+01
2.361315813484441151e+02 7.512682481751824959e+00 5.232944439108720758e+01
2.362728630426431096e+02 7.624990395697272660e+00 5.243497887053399609e+01
2.365095634844410313e+02 7.758679888590088503e+00 5.260841096811371642e+01
2.367990731847867778e+02 7.913851805608913104e+00 5.280330868228966779e+01
2.370064348828275058e+02 8.020072992700729486e+00 5.296229350749135278e+01
2.370593930080676159e+02 8.006266807529772933e+00 5.300996926623127337e+01
2.371474500576258038e+02 8.057301671148675126e+00 5.309153380714560200e+01
2.372801983288513270e+02 8.108939204763734310e+00 5.316146993853246272e+01
2.374855407222435701e+02 8.200249711870919000e+00 5.330542162888973934e+01
2.376018440261237004e+02 8.255887437572031473e+00 5.336829619669612157e+01
2.377310291010372509e+02 8.355745774106800638e+00 5.352545860545524192e+01
2.378670716480983458e+02 8.409565885516711248e+00 5.364520265078755301e+01
2.379835958509412137e+02 8.483855167114867868e+00 5.371888205916250314e+01
2.381054720514790688e+02 8.607006338839800819e+00 5.378495245870149688e+01
2.381009412216673127e+02 8.598016711486746289e+00 5.372943238570879743e+01
2.380244117364579211e+02 8.519028524779100664e+00 5.369974788705339819e+01
2.378403476757587498e+02 8.473216000768344358e+00 5.353662120630042409e+01
2.377607376104494676e+02 8.418209757971570895e+00 5.349670572416442837e+01
2.377972315597387762e+02 8.512216673069534778e+00 5.351707885132539388e+01
2.378815957548981999e+02 8.566488186707644559e+00 5.356903812908182516e+01
2.378205532078371220e+02 8.486906934306569283e+00 5.352457260852862220e+01
2.377312091817134103e+02 8.455049462159047735e+00 5.344642719938532593e+01
2.376134676334997948e+02 8.355155109489050602e+00 5.332654869381482854e+01
2.374593954091432977e+02 8.308262101421437507e+00 5.321560939300806581e+01
2.372829427583557447e+02 8.298835478294275703e+00 5.305121974644640659e+01
2.373290025931617322e+02 8.290892719938533162e+00 5.312405157510564635e+01
2.373376680752977279e+02 8.259289761813292330e+00 5.318434018440261468e+01
2.371646873799462298e+02 8.140947944679215453e+00 5.304540194006914788e+01
2.369771417595082710e+02 8.012135036496349727e+00 5.292313196311948076e+01
2.366210790434114415e+02 7.737031790242028251e+00 5.266365491740299376e+01
2.361149514982712390e+02 7.298429696504033615e+00 5.232232280061467833e+01
2.355648194391087316e+02 6.887634460238186485e+00 5.190302535535919759e+01
2.352642527852477770e+02 6.660800038417210800e+00 5.171265366884364312e+01
2.351324985593545875e+02 6.665145985401459860e+00 5.161812572032270197e+01
2.351371518440261354e+02 6.783185266999615770e+00 5.158840040338071731e+01
2.352133715904725193e+02 6.881310026892047738e+00 5.166912456780637797e+01
2.352713455628121437e+02 6.963911832500960131e+00 5.171461774875144357e+01
2.352384916442566407e+02 7.017299750288128912e+00 5.160603870533999071e+01
2.351595394736842195e+02 6.993653956972723407e+00 5.151830820207452888e+01
2.351771729734921337e+02 7.076872839031886464e+00 5.157486313868613337e+01
2.352829355551286881e+02 7.138157894736842479e+00 5.162177055320783836e+01
2.354730527276219618e+02 7.236436323472915433e+00 5.178930320783710783e+01
2.357895937379946076e+02 7.434942854398770784e+00 5.210286208221283033e+01
2.362795212255090291e+02 7.678032558586246559e+00 5.248516855551287108e+01
2.368129009796388686e+02 7.962792931233192206e+00 5.297075729927007615e+01
2.371627521129466061e+02 8.143464271993853032e+00 5.323583605455243628e+01
2.374691533807145731e+02 8.264245582020745218e+00 5.348922157126392563e+01
2.375774635036496250e+02 8.318982904341144291e+00 5.357190261237034434e+01
2.375001320591624960e+02 8.292232520169035226e+00 5.348482280061467264e+01
2.372253337495197911e+02 8.131454091432962272e+00 5.328237370341913248e+01
2.368855311179408432e+02 7.988342777564349184e+00 5.300511429120246021e+01
2.366340064348828207e+02 7.867693526699961915e+00 5.278266663465232256e+01
2.364576042066846071e+02 7.861702842873607544e+00 5.264321696119861826e+01
2.362933490203611200e+02 7.804722915866308064e+00 5.249526027660392202e+01
2.360854326738378859e+02 7.690835094122166815e+00 5.235093401844026317e+01
2.359109873223204090e+02 7.572697368421052566e+00 5.221953995389934988e+01
2.358932889934690706e+02 7.634950057625816022e+00 5.226349644640799141e+01
2.360143488282750752e+02 7.710341432961967278e+00 5.227166250480215126e+01
2.360807481751824923e+02 7.740806281213983731e+00 5.233247214752208976e+01
2.360155205532078355e+02 7.686405109489051313e+00 5.218944967345370856e+01
2.358930536880522482e+02 7.605654533230887360e+00 5.209812475989242841e+01
2.358291562620053696e+02 7.542294948136765598e+00 5.205477093737994920e+01
2.358137077410679865e+02 7.579708509412216522e+00 5.202062283903188700e+01
2.357915554168267249e+02 7.610214175950826387e+00 5.203046244717633328e+01
2.357768320207453030e+02 7.615614195159431610e+00 5.202925230503265652e+01
2.357636885324625382e+02 7.577941317710334523e+00 5.205533278908951189e+01
2.357545596427199257e+02 7.602389070303495977e+00 5.198344458317325945e+01
2.357153668843641867e+02 7.561424318094505992e+00 5.195356799846331342e+01
2.356110257395312999e+02 7.536426719170187916e+00 5.187258932001536493e+01
2.354538489243180948e+02 7.445202650787552834e+00 5.181555656934306597e+01
2.353492988859008790e+02 7.419381482904340963e+00 5.169287840952746649e+01
2.351910992124471704e+02 7.299675854782942785e+00 5.161167643104110425e+01
2.349081564540914258e+02 7.114099116404148937e+00 5.137804216288897408e+01
2.347305368805224646e+02 6.984748367268536207e+00 5.121336438724548401e+01
2.347277948520937514e+02 6.974719074145217412e+00 5.126266807529773217e+01
2.348307145601229422e+02 7.115184402612370285e+00 5.134684978870534167e+01
2.349623919515943271e+02 7.226505474452554978e+00 5.147880570495581765e+01
2.351063748559354565e+02 7.314648962735305737e+00 5.153468834037649060e+01
2.351642215712639370e+02 7.364557721859393169e+00 5.158272906262005364e+01
2.351520697272378015e+02 7.353971379177871803e+00 5.156259604302727695e+01
2.352118180945063273e+02 7.383819150979638479e+00 5.157141759508260037e+01
2.351878001344602467e+02 7.451171724932770246e+00 5.157199145217057179e+01
2.351976061275451286e+02 7.447101901651939748e+00 5.159271273530541890e+01
2.352507899538993570e+02 7.441941990011525121e+00 5.164678495966192884e+01
2.353466985209373661e+02 7.541709085670380119e+00 5.164178111794083748e+01
2.354689252785247788e+02 7.627878889742604862e+00 5.176141471379177972e+01
2.357244837687283905e+02 7.733432577794852492e+00 5.194524827122550903e+01
2.358362466384940319e+02 7.743178543987706774e+00 5.209305128697656784e+01
2.358486193814829051e+02 7.668786016135228145e+00 5.209472483672685428e+01
2.358216360929696407e+02 7.644448713023434649e+00 5.208563916634652458e+01
2.358594170188244448e+02 7.637788129081828359e+00 5.210335670380330697e+01
2.358083677487514365e+02 7.632222435651171644e+00 5.209945975797157303e+01
2.357738018632347234e+02 7.623312043795620774e+00 5.205400739531309995e+01
2.357300662696888196e+02 7.610418267383788127e+00 5.202459181713407332e+01
2.357032198424894318e+02 7.570546004610065438e+00 5.195500144064541104e+01
2.356180969074145253e+02 7.555736169804072588e+00 5.195250432193622458e+01
2.355410199769496842e+02 7.535466288897426423e+00 5.185496062235881709e+01
2.354929624471763248e+02 7.506936707645024853e+00 5.186628649635036226e+01
2.354256771033423092e+02 7.515182001536688361e+00 5.176490587783327157e+01
2.353889598540145869e+02 7.467592681521321829e+00 5.176749423741836154e+01
2.353326306185171006e+02 7.422961486746062043e+00 5.169640318862850847e+01
2.352731727814060605e+02 7.411378697656550329e+00 5.166195495582020669e+01
2.352085502305032776e+02 7.314226373415290361e+00 5.160998127160968352e+01
2.351674582212831410e+02 7.242203707260852497e+00 5.159086390703034652e+01
2.351293315405301598e+02 7.217921628889742536e+00 5.156982328082980871e+01
2.351017743949289240e+02 7.176464656165962630e+00 5.152386429120245737e+01
2.351186875720322575e+02 7.154249903956972467e+00 5.150188964656165780e+01
2.350963431617364563e+02 7.225084037648866975e+00 5.148796820975797317e+01
2.351168627545140168e+02 7.182719458317325945e+00 5.153880858624663830e+01
2.351499255666538488e+02 7.251147714175950831e+00 5.152206828659239335e+01
2.352047133115635802e+02 7.259263349980791702e+00 5.159766375336150901e+01
2.352807337687283962e+02 7.286078563196311642e+00 5.167164809834805794e+01
2.352495461966961159e+02 7.288203515174798142e+00 5.166592153284671696e+01
2.353377449097195608e+02 7.360456684594698373e+00 5.168843641951594492e+01
2.355249927967729491e+02 7.407623415290049529e+00 5.186832741067998143e+01
2.358448160776027578e+02 7.593303399923165387e+00 5.212756674990395567e+01
2.361735521513638218e+02 7.760833653476757910e+00 5.234327458701498159e+01
2.363847147522089926e+02 7.823737034191317719e+00 5.248803303880138316e+01
2.363657174414137501e+02 7.853978582404917752e+00 5.244557721859393240e+01
2.362290938340376556e+02 7.778207837111025924e+00 5.234829763734153119e+01
2.359498463311563512e+02 7.549176431041106028e+00 5.214181233192470444e+01
2.358240539761813181e+02 7.474387725701114427e+00 5.206231271609681244e+01
2.358534671532846687e+02 7.461950153668843733e+00 5.209179792547060828e+01
2.359339368036880558e+02 7.553817710334230107e+00 5.216626008451786589e+01
2.360108840760660769e+02 7.644278236650019487e+00 5.221830820207453172e+01
2.361078827314636897e+02 7.744660007683441982e+00 5.226789041490587806e+01
2.361747718978102171e+02 7.818627545140222956e+00 5.232296628889742607e+01
2.362521993853246158e+02 7.893329811755666725e+00 5.232080772185939566e+01
2.363267431809450727e+02 7.936299462159047025e+00 5.240229062620053924e+01
2.363674246062235795e+02 7.983802343449865724e+00 5.245541922781406186e+01
2.364401747983096413e+02 8.037790530157510105e+00 5.254988955051863542e+01
2.365168939684978966e+02 8.026443046484825317e+00 5.257489915482135956e+01
2.365014694583173309e+02 7.991963599692661901e+00 5.257439012677679813e+01
2.365501536688436488e+02 8.040652612370342567e+00 5.255586342681521472e+01
2.365853222243565028e+02 8.113246734537073124e+00 5.253474116404149186e+01
2.366131530925854918e+02 8.075991644256626856e+00 5.258095946984249025e+01
2.365051238955051929e+02 7.996792162888974431e+00 5.247192662312716038e+01
2.363249951978486365e+02 7.935507107184018416e+00 5.236046868997311066e+01
2.361841577026507935e+02 7.869158182865923834e+00 5.223187187860161629e+01
2.361777804456396552e+02 7.852804456396465405e+00 5.222739627353054459e+01
2.362031310026892186e+02 7.924154821359969070e+00 5.226859393008067656e+01
2.362613834998079199e+02 7.934484248943526552e+00 5.233835238186707528e+01
2.362673957933154156e+02 7.973835478294275525e+00 5.234058058009988201e+01
2.362141783519016656e+02 7.951654341144832827e+00 5.228683970418747862e+01
2.361387653668843711e+02 7.981699001152516182e+00 5.218781454091433147e+01
2.362318166538609319e+02 8.014108720706877520e+00 5.228903428736073522e+01
2.363012461582789001e+02 8.033427775643488644e+00 5.233113474836726908e+01
2.362917643104110539e+02 7.981069919323856787e+00 5.238817230119093438e+01
2.362053640030733845e+02 7.970301094890510640e+00 5.237764598540145755e+01
2.362044011717249248e+02 7.972572512485593954e+00 5.241266087207068836e+01
2.362341577026507764e+02 7.995485977718018056e+00 5.243676046868997531e+01
2.362931041106415648e+02 8.031250000000000000e+00 5.249214848252017163e+01
2.363386092969650463e+02 8.062305512869766488e+00 5.251527564348828037e+01
2.363640078755282445e+02 8.054197080291970678e+00 5.253863810987322580e+01
2.364499615827890864e+02 8.100007203227045594e+00 5.261090088359585337e+01
2.365207765078755244e+02 8.179917402996542464e+00 5.266854350749135705e+01
2.365234200922013201e+02 8.193353822512484896e+00 5.264414617748751368e+01
2.365659695543603505e+02 8.220819727237802965e+00 5.268204715712639086e+01
2.365662840952746819e+02 8.236378697656549619e+00 5.268309162504802146e+01
2.366027372262773838e+02 8.234076066077602007e+00 5.272224836726853425e+01
2.366022137917787234e+02 8.224887149442951184e+00 5.268568478678447775e+01
2.365559066461774762e+02 8.202775643488282142e+00 5.264264790626200607e+01
2.365390727045716517e+02 8.125912408759123906e+00 5.262029629273914821e+01
2.365123535343834078e+02 8.165489339223972465e+00 5.256149875144064509e+01
2.363529989435266998e+02 8.016733096427199001e+00 5.238849644640799141e+01
2.359974716673069395e+02 7.729089031886284822e+00 5.213506290818286715e+01
2.356807385708797540e+02 7.386068958893583947e+00 5.194239339223972252e+01
2.355007035151747914e+02 7.279660487898578225e+00 5.181523482520169210e+01
2.355397017864003146e+02 7.322786208221283566e+00 5.188355503265462687e+01
2.357210670380330271e+02 7.489305608912792955e+00 5.199615827890895048e+01
2.358944991356127616e+02 7.558238090664617381e+00 5.214705868228966779e+01
2.360835190165194035e+02 7.700989243180945465e+00 5.223510852862082032e+01
2.362157798693814925e+02 7.815935939300806545e+00 5.235389934690741143e+01
2.363079931809450613e+02 7.873794660007683355e+00 5.234638157894736565e+01
2.363518728390318984e+02 7.941584229734921507e+00 5.243188628505570392e+01
2.363929936611602045e+02 7.973203995389934740e+00 5.241478102189780941e+01
2.363600148866692336e+02 7.934032846715328269e+00 5.236194535151747687e+01
2.363655685747214648e+02 7.949560603150211513e+00 5.241933826354206616e+01
2.363478318286592526e+02 7.940969554360353122e+00 5.239884988474836547e+01
2.363500264118324878e+02 7.988275547445255143e+00 5.238594650403380371e+01
2.362611818094506475e+02 7.993757203227045416e+00 5.232605887437571823e+01
2.361075777948520908e+02 7.889975509028044343e+00 5.215848540145985623e+01
2.359143536304264330e+02 7.789406454091433396e+00 5.205245389934690792e+01
2.357628481559738702e+02 7.778409527468305384e+00 5.193822752593161596e+01
2.356947392431809476e+02 7.748448905109489360e+00 5.191438004225893366e+01
2.355982664233576713e+02 7.730284767575874127e+00 5.181123703419131488e+01
2.355165626200537758e+02 7.669472723780253354e+00 5.176350845178640014e+01
2.354691773914713906e+02 7.701162120630042018e+00 5.173991308106031539e+01
2.354780205532078412e+02 7.710682385708797604e+00 5.172922109104879240e+01
2.355622959085670516e+02 7.785526315789473628e+00 5.178558634268151906e+01
2.356672997502881231e+02 7.799188436419515646e+00 5.185600989243180692e+01
2.356942806377257114e+02 7.838979062620054172e+00 5.186378697656549974e+01
2.359193190549366079e+02 7.892314156742220810e+00 5.208138205916250740e+01
2.361295692470226584e+02 7.979293123319247449e+00 5.223557673837879634e+01
2.363222315597387535e+02 8.051995293891662797e+00 5.240228342297348973e+01
2.364714488090664588e+02 8.128476757587399959e+00 5.257820543603534702e+01
2.366306473300038533e+02 8.214283999231655642e+00 5.270588743757203076e+01
2.367171316749903838e+02 8.292427007299270514e+00 5.282688964656166064e+01
2.368022065885516838e+02 8.305169515943141789e+00 5.283642191701882496e+01
2.368058082020745303e+02 8.312089416058393354e+00 5.287729782942758305e+01
2.368073280829811722e+02 8.309443430656934027e+00 5.286368132923549723e+01
2.367772233960814390e+02 8.287855359200921868e+00 5.282955724164425959e+01
2.367245245870149688e+02 8.246893008067614161e+00 5.277482712255090291e+01
2.367660295812524112e+02 8.252446696119861258e+00 5.283216961198616701e+01
2.367663657318478556e+02 8.285519112562427679e+00 5.280033615059547003e+01
2.367563772570111382e+02 8.273016711486745223e+00 5.280122935074913215e+01
2.366852405877833405e+02 8.222416442566268913e+00 5.275687427967729803e+01
2.365977141759508129e+02 8.222380426431040945e+00 5.261005090280445984e+01
2.365036544371878620e+02 8.151584709950057572e+00 5.255746254321936561e+01
2.364527348252017021e+02 8.182440933538225991e+00 5.252322560507106886e+01
2.364902108144448789e+02 8.197750192086054710e+00 5.253439060699193419e+01
2.364615251632731372e+02 8.150792354975028076e+00 5.251210142143680315e+01
2.364641639454475524e+02 8.167897618132924364e+00 5.247331684594698231e+01
2.364256386861313786e+02 8.142849596619285535e+00 5.245265078755282673e+01
2.364131771033422922e+02 8.140691029581251570e+00 5.244604302727621814e+01
2.363284743565117196e+02 8.102677199385324158e+00 5.236552775643487934e+01
2.362455099884748506e+02 8.026445447560506707e+00 5.228059930849020276e+01
2.361634700345754823e+02 8.038892623895504741e+00 5.224916922781405759e+01
2.360589776219746341e+02 7.965969554360353477e+00 5.216325153668843484e+01
2.360374759892431769e+02 7.980231943910871983e+00 5.214806953515174825e+01
2.360272402036112283e+02 7.924303688052247274e+00 5.219485449481367567e+01
2.359691245678063751e+02 7.942647906262005009e+00 5.213075537840952478e+01
2.357881458893584465e+02 7.796225509028044343e+00 5.199241019976949474e+01
2.354614435266999521e+02 7.525854782942758447e+00 5.175885036496350011e+01
2.351095274683057994e+02 7.232493757203227069e+00 5.155837495197848597e+01
2.350064925086438734e+02 7.176277372262773291e+00 5.148146369573569103e+01
2.350049101997694834e+02 7.138892623895505274e+00 5.148986025739531414e+01
2.350489603342297471e+02 7.204163465232424457e+00 5.150709517864002862e+01
2.350946167883211615e+02 7.255159911640414627e+00 5.153592489435266799e+01
2.350478606415674108e+02 7.225192086054552654e+00 5.152713455628121153e+01
2.350151844026123626e+02 7.304900595466769175e+00 5.147116308106031823e+01
2.350401579907798748e+02 7.344030925854783121e+00 5.143790578179024209e+01
2.349369165386092959e+02 7.316613042643104414e+00 5.140517431809450954e+01
2.348255474452554665e+02 7.257227237802535313e+00 5.130842297349212799e+01
2.346573400883595752e+02 7.178428736073761307e+00 5.119200201690357233e+01
2.345653836918939703e+02 7.170793315405301627e+00 5.109004754129850312e+01
2.344962687283903051e+02 7.139913081060314859e+00 5.106867556665385877e+01
2.344455364003073328e+02 7.145286688436419453e+00 5.100877593161736456e+01
2.343081228390318813e+02 7.064286400307337566e+00 5.086445687668075522e+01
2.341543963695735613e+02 6.967842393392239764e+00 5.071751104494813944e+01
2.339751752785247731e+02 6.892827986938148577e+00 5.063810747214752439e+01
2.339382539377641308e+02 6.901217345370725731e+00 5.062581156358048418e+01
2.339844242220514730e+02 6.965530157510564813e+00 5.060659575489819417e+01
2.340298093545908671e+02 7.010319823280830143e+00 5.062166490587783585e+01
2.339798477718017580e+02 6.940126776796004648e+00 5.064736601997694976e+01
2.339088311563580476e+02 6.883891183250096191e+00 5.058612178255858538e+01
2.338973420092201252e+02 6.880059066461774897e+00 5.054543555512869801e+01
2.339158759124087510e+02 6.885932097579715361e+00 5.059987994621590701e+01
2.339410872070687617e+02 6.971227910103726444e+00 5.061735977718017665e+01
2.338857328082981155e+02 7.013073857087975149e+00 5.062375144064540677e+01
2.338829499615827956e+02 6.952523530541682817e+00 5.053215760660776112e+01
2.338039857856319657e+02 6.941932385708797781e+00 5.050482135996926303e+01
2.337641831540530291e+02 6.907937956204379226e+00 5.051449529389166315e+01
2.337039425662696885e+02 6.837869765655013587e+00 5.049615347675758414e+01
2.335579955820207374e+02 6.795296292739147148e+00 5.047640703034959841e+01
2.333869741644256521e+02 6.761280253553591635e+00 5.037882011140990812e+01
2.334049005954667564e+02 6.804432385708797604e+00 5.043711342681521614e+01
2.334695567614291178e+02 6.802737226277372429e+00 5.049138734152900554e+01
2.334856631771033335e+02 6.776128505570495619e+00 5.053912072608528661e+01
2.335159023242412673e+02 6.794350268920476665e+00 5.052224116404148901e+01
2.335501080484056899e+02 6.787096619285439836e+00 5.054353390318863148e+01
2.336082548981943887e+02 6.806634172109104597e+00 5.057968689973107956e+01
2.336732568190549273e+02 6.804434786784479883e+00 5.066747502881290899e+01
2.336373967537456906e+02 6.825208893584325587e+00 5.060353198232808580e+01
2.336559954859777122e+02 6.813635708797541213e+00 5.051633932001536920e+01
2.337396417595082596e+02 6.907817902420283929e+00 5.058699577410679638e+01
2.338733144448713119e+02 6.958677487514406401e+00 5.068753841721090936e+01
2.338762749711870867e+02 7.052506723011909173e+00 5.070242268536303953e+01
2.338658422973492179e+02 7.001627929312332022e+00 5.066876200537841157e+01
2.338478270265078720e+02 7.057359296965040052e+00 5.067677439492892688e+01
2.339095322704571629e+02 7.084546676911256391e+00 5.068544467921628893e+01
2.339453155013445951e+02 7.098187187860161451e+00 5.070752257011140784e+01
2.338836414713791783e+02 7.058670284287360985e+00 5.070876632731463474e+01
2.338853102189781055e+02 7.068541106415674236e+00 5.070317902420284639e+01
2.338939684978870446e+02 7.127809258547829430e+00 5.065772666154437331e+01
2.338482160007683319e+02 7.100986842105263541e+00 5.061701162120630215e+01
2.335909791586630888e+02 6.875182481751824781e+00 5.042141039185555229e+01
2.331870942182097508e+02 6.485125336150595388e+00 5.017926190933538066e+01
2.329403092585478419e+02 6.237591240875912213e+00 5.002544179792547396e+01
2.328665001920860504e+02 6.181569343065693722e+00 4.997063484441029857e+01
2.329031454091432920e+02 6.221837783326930271e+00 5.005736650019208867e+01
2.330446816173645743e+02 6.333259700345754695e+00 5.015787792931233469e+01
2.331049798309642824e+02 6.325115251632731805e+00 5.021373895505186624e+01
2.331795212255090348e+02 6.373720226661544253e+00 5.028179744525547790e+01
2.332840112370341785e+02 6.434553880138301984e+00 5.030487658470995171e+01
2.334570159431425225e+02 6.555325585862465942e+00 5.041781117940837476e+01
2.336076378217441345e+02 6.648220802919707850e+00 5.053627785247790882e+01
2.337542451018056227e+02 6.724248463311563562e+00 5.059168267383788020e+01
2.338097963887821606e+02 6.767888013830195781e+00 5.064484729158662901e+01
2.337912696888205915e+02 6.788950249711870555e+00 5.061619285439876847e+01
2.337925710718401717e+02 6.746194295044180222e+00 5.062702650787552727e+01
2.337748583365347770e+02 6.757003937764118007e+00 5.058512533615059681e+01
2.336545596427199314e+02 6.748989147137917755e+00 5.054290482135996854e+01
2.336252761237034292e+02 6.745620437956204363e+00 5.049830243949289610e+01
2.335781286016135141e+02 6.695687668075297694e+00 5.045882875528236866e+01
2.335256987130234450e+02 6.631269208605455212e+00 5.043209998079139211e+01
2.333562403956972844e+02 6.580613714944295367e+00 5.032260612754514284e+01
2.332455460046100768e+02 6.497289185555128910e+00 5.019052295428351584e+01
2.331255714560122954e+02 6.533410968113715356e+00 5.012302631578947398e+01
2.330525211294659869e+02 6.530376008451786340e+00 5.000632443334613697e+01
2.329313916634652344e+02 6.439163945447560877e+00 4.988899827122551045e+01
2.328774106799846209e+02 6.462502401075681746e+00 4.988995389934690650e+01
2.328869093353822564e+02 6.461297061083365101e+00 4.992051959277756623e+01
2.328529677295428257e+02 6.403090184402612017e+00 4.990708317326161847e+01
2.328127833269304574e+02 6.401342201306185586e+00 4.989361794083749402e+01
2.327284407414521752e+02 6.368224164425662970e+00 4.985056905493661361e+01
2.326792282942758447e+02 6.311481943910871806e+00 4.980446840184402646e+01
2.326502016903572780e+02 6.292710334229735025e+00 4.974643200153668943e+01
2.325612394352669980e+02 6.267254129850172717e+00 4.968916874759892721e+01
2.324845034575489819e+02 6.184412216673069729e+00 4.965232424126008226e+01
2.323636116980407280e+02 6.144991356127545323e+00 4.959276555897042016e+01
2.322886140991164154e+02 6.105371206300422848e+00 4.951442566269688683e+01
2.321304480407222570e+02 6.053659239339223674e+00 4.945458845562811945e+01
2.320369573568958970e+02 5.953683250096043267e+00 4.932238762965808831e+01
2.319574409335382370e+02 5.894832885132539779e+00 4.927553543987706774e+01
2.319020121014214340e+02 5.874577410679984624e+00 4.923734152900499339e+01
2.319364411256242704e+02 5.839087111025739851e+00 4.924391807529773502e+01
2.318333773530541748e+02 5.832942758355743607e+00 4.921195975797157018e+01
2.317030469650403290e+02 5.725883595850941532e+00 4.908275787552823743e+01
2.315870750096042912e+02 5.593591529004994456e+00 4.899797109104878956e+01
2.312913249135612830e+02 5.439632155205532449e+00 4.884535872070687645e+01
2.309284983672685314e+02 5.237209469842489362e+00 4.861259844410295727e+01
2.306330964271993764e+02 5.025547445255474699e+00 4.843173261621206649e+01
2.301045668459469766e+02 4.673926719170188093e+00 4.809968786016135311e+01
2.290507107184018309e+02 4.065976757587399071e+00 4.748249615827890580e+01
2.281577290626200636e+02 3.434700345754898354e+00 4.692153044563964670e+01
2.273017311755666583e+02 2.920668459469842659e+00 4.644511381098732272e+01
2.269287504802151432e+02 2.633963215520553014e+00 4.633211678832116576e+01
2.269940429312331958e+02 2.630921052631578938e+00 4.644144016519400964e+01
2.270197008259700340e+02 2.639612946600076615e+00 4.650560170956588735e+01
2.268773266423357597e+02 2.601589512101421420e+00 4.638108192470226498e+01
2.268707693046484906e+02 2.605930656934306366e+00 4.637393872454859434e+01
2.268483480599308564e+02 2.636765270841336939e+00 4.640517671917018561e+01
2.267419035728006236e+02 2.544242220514790542e+00 4.634773818670764456e+01
2.266460166154437275e+02 2.532829907798693991e+00 4.629825441797925123e+01
2.264194919323857107e+02 2.429441990011524943e+00 4.613865251632731201e+01
2.262348276027660461e+02 2.327605167114867424e+00 4.601673309642720255e+01
2.259796124663849355e+02 2.218646753745677991e+00 4.580350797157126408e+01
2.254450081636573202e+02 1.981055512869765556e+00 4.548432817902420311e+01
2.248164017479830932e+02 1.714404053015751161e+00 4.508235929696503774e+01
2.241234441029581319e+02 1.518560315021129536e+00 4.468604014598540175e+01
2.235672853438340439e+02 1.350175278524779143e+00 4.434432145601229536e+01
2.230247670956588593e+02 1.172865443718785983e+00 4.412071888205916537e+01
2.224248607376104587e+02 9.581852669996158145e-01 4.377499999999999858e+01
2.219623487322320443e+02 8.307073568958893706e-01 4.355761861313868621e+01
2.220416178447944731e+02 8.609008835958509298e-01 4.361209902036112140e+01
2.226129610065309237e+02 1.048972339608144511e+00 4.395567614291202574e+01
2.234642215712639199e+02 1.315530157510564679e+00 4.448575922013061756e+01
2.243606463695735727e+02 1.594571167883211738e+00 4.498685651171724942e+01
2.250758883980022915e+02 1.888381194775259342e+00 4.538671724932769536e+01
2.255703923357664280e+02 2.056850268920476399e+00 4.564441749903956946e+01
2.259363931041106355e+02 2.226330195927775701e+00 4.587749471763350329e+01
2.262792643104110653e+02 2.403051767191701771e+00 4.608793219362274129e+01
2.266247815021129384e+02 2.560891279293123102e+00 4.626031262005378153e+01
2.268533999231655685e+02 2.660581540530157607e+00 4.642156646177487289e+01
2.270168003265463028e+02 2.736698040722243430e+00 4.652051719170188449e+01
2.270607208029197182e+02 2.802910103726469426e+00 4.654006674990395709e+01
2.271048045524395036e+02 2.840508547829427410e+00 4.650403140606992025e+01
2.270651796004609935e+02 2.889142335766423209e+00 4.647781886285055464e+01
2.269866043987706519e+02 2.874150019208605578e+00 4.641669948136765100e+01
2.269969074145217007e+02 2.913791778716865011e+00 4.636427679600461005e+01
2.270068166538609375e+02 2.919131771033423028e+00 4.645221619285440084e+01
2.270004321936227427e+02 2.955078275067230198e+00 4.638250096043027071e+01
2.269544900115251664e+02 2.922464464079908009e+00 4.632804936611601931e+01
2.268360017287745052e+02 2.885509508259700429e+00 4.618827314636957482e+01
2.267380618517095741e+02 2.855467249327698909e+00 4.614393968497886789e+01
2.266618349020361052e+02 2.835471091048789916e+00 4.612533855167114893e+01
2.264374039569727302e+02 2.740563772570111301e+00 4.603424414137533915e+01
2.262564877064925213e+02 2.685800038417210711e+00 4.588854206684595027e+01
2.263254249903957032e+02 2.702862082212831307e+00 4.597003697656550258e+01
2.263880762581636645e+02 2.752626776796004648e+00 4.599757971571263937e+01
2.262938412408759064e+02 2.668750000000000178e+00 4.592112706492508778e+01
2.260312572032270566e+02 2.575489819439108707e+00 4.571012293507491364e+01
2.258773146369573510e+02 2.537800134460238333e+00 4.561324913561275451e+01
2.258690477333845479e+02 2.551371014214367960e+00 4.560902564348828037e+01
2.256789809834805851e+02 2.444213407606607547e+00 4.547596523242412303e+01
2.251040386092969641e+02 2.127876488666922583e+00 4.511460334229735025e+01
2.245655853822512427e+02 1.797908663081060343e+00 4.480344554360353726e+01
2.242981127545140225e+02 1.678656838263542062e+00 4.470312620053783803e+01
2.240077650787552841e+02 1.564149538993468980e+00 4.451511717249327660e+01
2.238315285247790882e+02 1.488496446407990836e+00 4.443381434882827818e+01
2.239381410872070717e+02 1.555990683826354193e+00 4.451582548981944143e+01
2.241504369957741005e+02 1.654437187860161362e+00 4.466558778332692725e+01
2.243649130810603083e+02 1.736731655781790229e+00 4.476601757587398822e+01
2.242706444487130284e+02 1.784299366116020025e+00 4.467344890510948829e+01
2.242728846523242510e+02 1.763246734537072591e+00 4.471328034959661579e+01
2.244031069919323897e+02 1.828263061851709503e+00 4.480462927391471339e+01
2.245828539185555144e+02 1.941809930849020427e+00 4.491803928159815484e+01
2.246709661928543937e+02 1.980599308490203603e+00 4.495844698424894403e+01
2.248141567422205185e+02 2.088710142143680226e+00 4.509206684594698089e+01
2.252104951018056056e+02 2.227691605839416056e+00 4.533494285439876847e+01
2.255867220514790574e+02 2.368826834421820848e+00 4.557882731463696047e+01
2.259193430656934254e+02 2.506855071071840246e+00 4.579354110641567388e+01
2.262758811947752520e+02 2.677679600461006615e+00 4.600979878985785376e+01
2.266495606031502064e+02 2.811760468689973091e+00 4.625032894736842337e+01
2.268382059162504731e+02 2.884503457548981853e+00 4.637315117172493473e+01
2.269150643488282810e+02 2.919907318478678349e+00 4.637877449097195637e+01
2.270070735689589014e+02 2.941920380330388163e+00 4.642634940453323367e+01
2.272087447176334933e+02 3.061738859008836133e+00 4.656067998463311852e+01
2.275149731079523576e+02 3.211553976181329428e+00 4.673538705339992561e+01
2.277469218209757855e+02 3.320022570111409888e+00 4.686039665770265117e+01
2.278803039761813238e+02 3.393517095658855176e+00 4.700674942374183729e+01
2.280450585862466255e+02 3.484736361890126588e+00 4.706214944295044234e+01
2.282865275643488303e+02 3.535221379177871714e+00 4.715170236265846881e+01
2.284677247406838205e+02 3.664869861698040854e+00 4.721417114867460896e+01
2.285543483480599321e+02 3.681667787168651618e+00 4.720384892431809476e+01
2.286153452746830510e+02 3.702621974644640712e+00 4.725295572416442269e+01
2.287718689973108042e+02 3.838969458317325945e+00 4.733994909719554300e+01
2.289324577410679922e+02 3.940148386477141607e+00 4.748165578179024493e+01
2.290621014214368074e+02 4.017155685747214378e+00 4.751347963887821635e+01
2.291517479830964135e+02 4.034390606991932415e+00 4.757003457548982084e+01
2.291813628505570364e+02 4.057628217441413554e+00 4.751834421820975507e+01
2.292062235881674894e+02 4.076680752977333455e+00 4.756458413369189486e+01
2.293102045716480859e+02 4.131374855935459500e+00 4.764421340760660684e+01
2.294227645985401409e+02 4.187836150595466655e+00 4.773352621974644450e+01
2.294590112370341899e+02 4.208029197080292327e+00 4.770180800998847559e+01
2.294028284671532845e+02 4.159630714560123010e+00 4.768205436035344036e+01
2.293741572224356560e+02 4.118401844026124081e+00 4.769350509028044627e+01
2.294714151940069087e+02 4.142986457933154121e+00 4.786347243565116827e+01
2.295905781790241917e+02 4.227295428351901307e+00 4.800298693814828965e+01
2.296802223396081502e+02 4.276164521705724475e+00 4.800071792162889039e+01
2.296629225893200044e+02 4.254331540530157163e+00 4.798403764886668910e+01
2.296273914713791839e+02 4.209349788705339712e+00 4.793531021897810263e+01
2.294247310795236388e+02 4.143894064540914357e+00 4.777972531694199176e+01
2.292662985017287838e+02 4.029264310411064365e+00 4.770497502881291041e+01
2.292194847291586655e+02 4.054518824433346325e+00 4.770540482135996996e+01
2.291218473876296571e+02 3.965302055320783836e+00 4.765916970802919650e+01
2.285189492892816077e+02 3.508523818670764349e+00 4.729458797541298765e+01
2.276798333653476618e+02 2.946127064925086358e+00 4.678153332693046451e+01
2.268794083749519643e+02 2.477223396081444484e+00 4.632430849020361308e+01
2.263522930272762324e+02 2.147983096427199534e+00 4.602969410295812480e+01
2.262046700922012974e+02 2.026339800230503307e+00 4.595033855167115178e+01
2.262976301383019688e+02 2.173556953515174861e+00 4.603960574337303058e+01
2.264237970610833770e+02 2.323290434114483105e+00 4.609181953515174968e+01
2.265315621398386554e+02 2.391161640414905865e+00 4.613672445255474486e+01
2.265976253361505997e+02 2.445874951978486145e+00 4.617100220898962704e+01
2.266270985401459939e+02 2.479850172877449133e+00 4.619731079523626249e+01
2.267147570111409891e+02 2.522567710334229663e+00 4.624420860545524192e+01
2.268342033230887296e+02 2.581408470995005811e+00 4.631640655013445951e+01
2.269667979254706154e+02 2.637113426815213213e+00 4.639214368036880387e+01
2.270596379177871711e+02 2.718461870918171375e+00 4.643202554744525656e+01
2.271737106223588114e+02 2.782760276603918559e+00 4.648279629273914537e+01
2.272717225316941949e+02 2.888789377641183265e+00 4.657192902420284497e+01
2.273536736457933216e+02 2.951976085286208029e+00 4.660401940069151294e+01
2.274088887821744152e+02 2.979749327698808958e+00 4.662280541682673629e+01
2.274707548981944001e+02 2.980712159047253174e+00 4.661452170572416520e+01
2.275306809450633807e+02 2.997822224356511800e+00 4.669958701498271125e+01
2.276437331924702221e+02 3.029708509412216699e+00 4.679518344218210046e+01
2.277682481751824923e+02 3.079506819054936617e+00 4.684123127160967925e+01
2.278185242988859045e+02 3.109930849020360988e+00 4.689913321167882998e+01
2.278502329043411407e+02 3.095517191701882442e+00 4.690585142143680031e+01
2.279326066077602775e+02 3.169335862466384768e+00 4.694424222051478779e+01
2.280712951402228157e+02 3.272582116788321116e+00 4.702337447176334706e+01
2.282715640606992054e+02 3.361710046100653049e+00 4.714957020745293903e+01
2.283808322128313364e+02 3.446818574721475237e+00 4.723340616596235009e+01
2.284868132923549808e+02 3.518769208605455390e+00 4.725873511333077204e+01
2.285397089896273428e+02 3.593829235497502772e+00 4.728475797157126692e+01
2.286213455628121380e+02 3.680205532078371089e+00 4.729971187091817342e+01
2.287663561275451514e+02 3.761460334229735025e+00 4.741278332693046593e+01
2.288669635996926672e+02 3.789533711102573754e+00 4.744966144832885391e+01
2.289696744141375291e+02 3.908552631578947167e+00 4.755801479062620274e+01
2.290389598540145926e+02 3.953776892047637492e+00 4.758262581636573429e+01
2.291389934690741370e+02 3.988400403380714554e+00 4.755901363810987448e+01
2.292260180560891172e+02 3.997241164041490435e+00 4.758764886669227678e+01
2.293849740683826326e+02 4.084935651171725191e+00 4.770927295428352011e+01
2.295785583941605807e+02 4.177621974644640801e+00 4.779558682289665938e+01
2.296966961198616843e+02 4.253231847867844806e+00 4.789178351901652064e+01
2.296593473876296514e+02 4.241327314636957446e+00 4.785114531310026820e+01
2.296061515558970427e+02 4.177617172493277131e+00 4.779224452554744573e+01
2.297850244909719493e+02 4.308579043411448595e+00 4.790175998847483640e+01
2.298782438532462606e+02 4.407611409911640798e+00 4.799676575105647203e+01
2.298011020937379953e+02 4.363064252785247454e+00 4.789069102958125512e+01
2.296058682289665853e+02 4.283636669227814053e+00 4.773252016903573036e+01
2.295401555897041987e+02 4.272781406069919186e+00 4.768455147906261971e+01
2.297129321936227484e+02 4.369326258163657606e+00 4.784964464079907742e+01
2.298050278524779060e+02 4.393490683826354548e+00 4.788500288129081639e+01
2.296755954667691242e+02 4.380700153668843910e+00 4.775036016135228323e+01
2.295408519016519335e+02 4.315246830580099946e+00 4.776626968882059288e+01
2.295489171148674643e+02 4.398206396465616841e+00 4.781439444871302413e+01
2.296419924126008425e+02 4.440203611217826030e+00 4.785872310795236473e+01
2.295594962543219424e+02 4.416252881290818166e+00 4.779816797925470695e+01
2.294881747022666048e+02 4.416769112562428212e+00 4.777904101037264439e+01
2.294966601037264695e+02 4.413988666922781690e+00 4.778703659239339174e+01
2.294976685555128597e+02 4.431708605455243699e+00 4.780994765655013623e+01
2.294485545524395036e+02 4.417424606223588235e+00 4.776873319247022920e+01
2.293301455051863229e+02 4.306701402228198639e+00 4.767326882443334313e+01
2.292619981751824696e+02 4.310795236265847485e+00 4.760708077218593814e+01
2.292989747406838319e+02 4.379139454475605042e+00 4.764802871686515573e+01
2.293236265847099560e+02 4.359006434882827463e+00 4.761176527084133880e+01
2.291060363042643075e+02 4.277144160583941535e+00 4.746587591240876236e+01
2.289493012869765778e+02 4.152196984248943679e+00 4.741787600845178474e+01
2.289039449673453817e+02 4.169818478678448237e+00 4.737026267767959808e+01
2.288466456972723790e+02 4.063121878601613446e+00 4.729729398770649595e+01
2.286695519592777543e+02 3.976423837879369927e+00 4.714807673837879065e+01
2.284822176334998005e+02 3.896736938148290363e+00 4.709468882059162809e+01
2.283774659047253124e+02 3.796787360737610584e+00 4.698443862850557196e+01
2.281832140799077990e+02 3.680546484825201858e+00 4.688503889742604969e+01
2.276500024010756817e+02 3.258567038033038710e+00 4.653892864003073271e+01
2.270481007491356138e+02 2.851832020745293850e+00 4.619959421820976075e+01
2.266716000768344088e+02 2.620036976565501163e+00 4.598253937764118149e+01
2.265504201882443454e+02 2.564142335766423475e+00 4.594343786016135311e+01
2.265981175566653860e+02 2.625905205532078401e+00 4.602781406069919257e+01
2.268088815789473642e+02 2.763138686131386912e+00 4.617451738378793635e+01
2.269222483672685371e+02 2.819040530157510549e+00 4.617122550902804790e+01
2.269098083941605921e+02 2.860437475989243250e+00 4.615199049174029966e+01
2.269381482904341283e+02 2.877475509028044609e+00 4.615945543603534418e+01
2.270346595274683068e+02 2.941315309258548005e+00 4.621756386861314070e+01
2.271495317902420368e+02 3.001721571263926247e+00 4.637187620053784087e+01
2.272552799654245064e+02 3.079096235113330859e+00 4.647758115635804899e+01
2.272782582597003511e+02 3.095317902420284373e+00 4.652279341144832614e+01
2.273199169227814025e+02 3.114790626200537815e+00 4.656827458701498301e+01
2.273355671340760580e+02 3.133771129466000893e+00 4.652834469842489540e+01
2.273723900307337829e+02 3.172140318862850528e+00 4.654603102189781083e+01
2.274053351901652036e+02 3.158132443334614070e+00 4.656003169419900445e+01
2.274875096043027156e+02 3.193711582789089398e+00 4.658631386861313928e+01
2.275156910295812622e+02 3.228791298501728857e+00 4.664428303880138316e+01
2.275568118517095684e+02 3.220742892815981584e+00 4.662788849404532954e+01
2.275974716673069622e+02 3.276306185170956731e+00 4.673376632731464042e+01
2.276890823088743616e+02 3.292604686899731181e+00 4.678840040338071304e+01
2.278128049366115988e+02 3.369441509796388790e+00 4.685364723396081388e+01
2.279790338071456119e+02 3.482880330388014034e+00 4.698532942758355802e+01
2.281274899154821298e+02 3.530704955820207491e+00 4.705731127545140424e+01
2.282024659047253294e+02 3.661755666538609510e+00 4.704396129466000787e+01
2.283106175566653917e+02 3.727950922013061774e+00 4.711727814060699160e+01
2.284087423165578059e+02 3.790508547829427588e+00 4.715692710334229787e+01
2.285348612178255792e+02 3.871813772570111389e+00 4.724628553592009439e+01
2.286791010372647008e+02 3.963246734537072768e+00 4.733691413753361843e+01
2.288144328659239477e+02 4.011906934306569639e+00 4.736910055704955624e+01
2.288419203803303787e+02 4.042988859008835867e+00 4.738108672685363132e+01
2.288796100653092651e+02 4.086618805224740747e+00 4.736938628505570392e+01
2.288608696696119864e+02 4.080296772954283391e+00 4.738773290434114216e+01
2.288802847675758869e+02 4.101411832500960308e+00 4.733004466000768673e+01
2.289104590856703680e+02 4.134217729542835507e+00 4.742646465616596174e+01
2.290018680368805235e+02 4.181468497887053104e+00 4.745633883980023171e+01
2.290655637725701013e+02 4.258439781021897907e+00 4.748441221667307133e+01
2.291839824241260146e+02 4.319657606607759881e+00 4.757140558970418454e+01
2.292646993853246329e+02 4.343365827890894870e+00 4.762065885516711461e+01
2.293381578947368382e+02 4.330837014982712674e+00 4.766213503649635186e+01
2.294003529581252394e+02 4.357937956204379404e+00 4.764926286976565706e+01
2.294794419900115372e+02 4.365412504802151261e+00 4.774393488282751008e+01
2.296605287168651444e+02 4.403937764118325049e+00 4.780571696119861969e+01
2.297804672493276996e+02 4.453630426431041123e+00 4.791347723780253887e+01
2.298053159815597439e+02 4.444741644256627211e+00 4.789526988090664616e+01
2.299063412408759177e+02 4.491468978102189702e+00 4.794842249327698624e+01
2.299655421628889655e+02 4.512814540914329875e+00 4.804658807145601429e+01
2.299584085670380205e+02 4.508341336918939568e+00 4.803926719170188164e+01
2.299345826930464796e+02 4.577064925086438585e+00 4.801779437187860111e+01
2.300095802919707921e+02 4.572500480215136776e+00 4.807700729927007188e+01
2.300065045140222821e+02 4.566248079139454852e+00 4.806635372646945825e+01
2.299578587207068665e+02 4.592239723396081885e+00 4.802009460238186733e+01
2.299057697848636224e+02 4.528728870533999640e+00 4.798194631194775184e+01
2.298435387053399950e+02 4.500525835574337385e+00 4.791056713407606793e+01
2.295747430849020247e+02 4.377751632731463616e+00 4.763816990011525121e+01
2.289082885132539502e+02 3.942825585862466564e+00 4.720875432193622601e+01
2.280436419515943101e+02 3.390633403764886644e+00 4.671411352285824137e+01
2.273497550902804392e+02 2.879149058778332826e+00 4.629186995774107061e+01
2.269390054744525571e+02 2.664802631578947256e+00 4.607180416826738423e+01
2.268626488666922683e+02 2.603896945831732701e+00 4.598965136381098517e+01
2.269489243180944982e+02 2.660413465232424279e+00 4.607823184786784765e+01
2.270458005186323476e+02 2.734983672685363132e+00 4.614010516711486787e+01
2.271395577218594042e+02 2.789997118709181656e+00 4.612424846331156658e+01
2.272030805800998792e+02 2.884128889742604507e+00 4.619208845562812371e+01
2.272511525163273234e+02 2.854852573953130968e+00 4.622594122166730557e+01
2.273127521129466118e+02 2.891423357664233418e+00 4.626547013061851743e+01
2.274418675566653860e+02 2.968858048405685679e+00 4.633875576258163420e+01
