9.315211157861929792e+01 2.075865669315879813e+01 7.940984883902134861e+00
9.207148200093502055e+01 2.038561633161913633e+01 7.747078073866292769e+00
9.191126694717156909e+01 2.026217858812529116e+01 7.709880006233442273e+00
9.181379149135109685e+01 2.020829047841670700e+01 7.727240143369175307e+00
9.121192145862552536e+01 2.006189808321645529e+01 7.764422627395979326e+00
9.056802244039270988e+01 1.988619292504285596e+01 7.670032725572697885e+00
9.078955898394887924e+01 2.008625525946704116e+01 7.970344397693626348e+00
9.121366682250273072e+01 2.039459248870188546e+01 8.187252610254013518e+00
9.121653420601526818e+01 2.038664484961820023e+01 8.273554620539192328e+00
9.156351877824528174e+01 2.068246844319775590e+01 8.459778712794140176e+00
9.159357955430886022e+01 2.071305906186691459e+01 8.551893408134642272e+00
9.113193080878914998e+01 2.045050646719650800e+01 8.394919744428861463e+00
9.064996104098487706e+01 2.021357332086644831e+01 8.191787439613525734e+00
9.036755493221131985e+01 2.005463612279881502e+01 8.161695496337852518e+00
9.088377746610565566e+01 2.038231260713729043e+01 8.365903069970391570e+00
9.168535141031634339e+01 2.086337852579086771e+01 8.595792426367461658e+00
9.157310269596383989e+01 2.081619136668225067e+01 8.603023219573008973e+00
9.073085553997195518e+01 2.048782920367773031e+01 8.435281284089137799e+00
8.971876266167991787e+01 2.043895901511609736e+01 8.168941873149446309e+00
8.855862552594670944e+01 2.012736481221754659e+01 7.850288296711859459e+00
8.803478260869565020e+01 2.001544335359202265e+01 7.679803646563814645e+00
8.792993610721521236e+01 2.008907589216144629e+01 7.699376655758142007e+00
8.848217235468287356e+01 2.048580333489169547e+01 7.893221131369799082e+00
8.915976312918809299e+01 2.093094904160822978e+01 8.032569736637057645e+00
8.937179367305594724e+01 2.111823281907433270e+01 8.024263674614305231e+00
8.881176562256506202e+01 2.074651706404862139e+01 7.852158329437432194e+00
8.832600903849150598e+01 2.049027582982702356e+01 7.669206794452236409e+00
8.824523920835281388e+01 2.044712482468443326e+01 7.675424653264765418e+00
8.826291101760946844e+01 2.051983793049711835e+01 7.729936107215209518e+00
8.899404706249026731e+01 2.089717936730559344e+01 7.991631603553062568e+00
8.947093657472339601e+01 2.125525946704067337e+01 8.115116097865046285e+00
8.912776998597475142e+01 2.101429016674458339e+01 8.004347826086956275e+00
8.893671497584540475e+01 2.083214897927380349e+01 7.893361383824216482e+00
8.885365435561789127e+01 2.078106591865357800e+01 7.876686925354526636e+00
8.865940470624902048e+01 2.066336294218482195e+01 7.844989870656069897e+00
8.871474209131993405e+01 2.067740377123266171e+01 7.849618201651861860e+00
8.891198379304971411e+01 2.079898706560697974e+01 7.876406420445690948e+00
8.887991273180614371e+01 2.074456911329281539e+01 7.816565373227365221e+00
8.906272401433692210e+01 2.085543088670718248e+01 7.889636901979118377e+00
8.894022128720585840e+01 2.076819386005921686e+01 7.831073710456599279e+00
8.881429016674458410e+01 2.065703599812996671e+01 7.770297646875486741e+00
8.926292660121552558e+01 2.091960417640641978e+01 7.882437275985663128e+00
9.001785881252921229e+01 2.131996259934548732e+01 8.131245130123110343e+00
9.035806451612903345e+01 2.156158641109552576e+01 8.260261804581579881e+00
9.064075112981143434e+01 2.170116877045348147e+01 8.363113604488079389e+00
9.031837307152875383e+01 2.154385226741467818e+01 8.269970391148511624e+00
8.925566464079787465e+01 2.096897304036153997e+01 8.011204612747389930e+00
8.849333021661212229e+01 2.061542776998597404e+01 7.800046750818139252e+00
8.815058438522673612e+01 2.026273959794296431e+01 7.494576905095839514e+00
8.789548075424653462e+01 1.999962599345488456e+01 7.314960261804581698e+00
8.805871902758298120e+01 1.997829203677731158e+01 7.276172666354994156e+00
8.834894810659186248e+01 2.007324294841826529e+01 7.256428237494156441e+00
8.865016362786349191e+01 2.025151940158952613e+01 7.429640018700327531e+00
8.904368084774816339e+01 2.043587346111890213e+01 7.498363721365123524e+00
8.866211625370110028e+01 2.023453327099890942e+01 7.356864578463456539e+00
8.784709365747234244e+01 1.988747078073866348e+01 7.222362474676640609e+00
8.772954651706405116e+01 1.986005921770297533e+01 7.139083683964469351e+00
8.778175159731962651e+01 1.992426367461430559e+01 7.162521427458313994e+00
8.789579242636746415e+01 1.999945457378837332e+01 7.227162225338943813e+00
8.807701418108150904e+01 2.011488234377435091e+01 7.248371513168146762e+00
8.798843696431353578e+01 2.012237805828268833e+01 7.224887018856163579e+00
8.775670874240299213e+01 2.003484494311983966e+01 7.137385070905407858e+00
8.808066074489636321e+01 2.025951379149135079e+01 7.286379928315412258e+00
8.814230949041608199e+01 2.021552127162225432e+01 7.433115162848682900e+00
8.780068567866604212e+01 2.003338008415147442e+01 7.399657160666978761e+00
8.762677263518777693e+01 1.985912420134019030e+01 7.388514882343774737e+00
8.753180613994078385e+01 1.969621318373071617e+01 7.386395511921458379e+00
8.781670562568177729e+01 1.986562256506155677e+01 7.537868162692847207e+00
8.869571450833723247e+01 2.030115318684743642e+01 7.826445379460807317e+00
8.914728066074489732e+01 2.048969923640330393e+01 8.025635031946391607e+00
8.935017921146953768e+01 2.061753155680224481e+01 8.105734767025088772e+00
8.959526258376187968e+01 2.073568645784634512e+01 8.157706093189963426e+00
8.937341436808478079e+01 2.065077138849929739e+01 8.141732896992364132e+00
8.935843852267414889e+01 2.065628798503973940e+01 8.093657472339099712e+00
8.958310737104565646e+01 2.087840112201963549e+01 8.239722611812373643e+00
8.945518154901044738e+01 2.076398628642667887e+01 8.133613838242169436e+00
8.911513168147109809e+01 2.054433535920211895e+01 7.943743182172354977e+00
8.891525635031946706e+01 2.032560386473430114e+01 7.829546517064049027e+00
8.887769985974755116e+01 2.019353280349072932e+01 7.653451768739286010e+00
8.928502415458936525e+01 2.030246220975533689e+01 7.591616019947015737e+00
8.987109241078385935e+01 2.064759233286582685e+01 7.728611500701262571e+00
9.014943119837930396e+01 2.085038179834813832e+01 7.825198690977091864e+00
9.052077294685990694e+01 2.089075892161446291e+01 7.895574255882811698e+00
9.037007947639084193e+01 2.078686302010285303e+01 7.747374162381174934e+00
9.005265700483091962e+01 2.045472962443509601e+01 7.632024310425432390e+00
9.062452859591709853e+01 2.060255571139161646e+01 7.692987377279102645e+00
9.144154589371980535e+01 2.088338787595449730e+01 7.828143992519868810e+00
9.167679601059684558e+01 2.094604955586722639e+01 7.911874707807386997e+00
9.178253077762194323e+01 2.100576593423718208e+01 7.948480598410472275e+00
9.169937665575814378e+01 2.102579086800685815e+01 8.002025868786036611e+00
9.118613059061867432e+01 2.068376188249960990e+01 7.869752220663861486e+00
9.119973507869721630e+01 2.070102851799906674e+01 7.812404550412965776e+00
9.134760791647187261e+01 2.079294062646096464e+01 7.806467196509272455e+00
9.112164562879850394e+01 2.067436496805360591e+01 7.769082125603865130e+00
9.128151784322892581e+01 2.087971014492753596e+01 7.880723079320555158e+00
9.119136668225027620e+01 2.086216300451924610e+01 7.915864110955275201e+00
9.034924419510674909e+01 2.042898550724637730e+01 7.705111422783232022e+00
8.974372759856630921e+01 2.027640642044569219e+01 7.585912420134018674e+00
8.917992831541218379e+01 2.010886707184042521e+01 7.499688327879071359e+00
8.882390525167524231e+01 2.000928782920367865e+01 7.423998753311516374e+00
8.881654978962131963e+01 2.007766869253545394e+01 7.398940314788841732e+00
8.885419978182952150e+01 2.021748480598410325e+01 7.449680536076048298e+00
8.903443976936263482e+01 2.035153498519557402e+01 7.595153498519557012e+00
8.923754090696587582e+01 2.050892940626460970e+01 7.672027427146641543e+00
8.856780426990805211e+01 2.016450054542621118e+01 7.486442262739598341e+00
8.783920835281284667e+01 1.980076359669627450e+01 7.322455976312919113e+00
8.792507402212872591e+01 1.990395823593579649e+01 7.306763285024154619e+00
8.788614617422472008e+01 1.984075112981143718e+01 7.275596072931276304e+00
8.788581891849773342e+01 1.957821411874707707e+01 7.194919744428860398e+00
8.821697054698456952e+01 1.956450054542621331e+01 7.251036309802088020e+00
8.841418108150226374e+01 1.954848059841047103e+01 7.292956210067009337e+00
8.868879538725261114e+01 1.962720897615708182e+01 7.352018076983013906e+00
8.918450989558984077e+01 1.972275206482780163e+01 7.498052049244194883e+00
8.933140096618357973e+01 1.976696275518154877e+01 7.482187938288920037e+00
8.964202898550725251e+01 1.995295309334580125e+01 7.495870344397693508e+00
9.002019635343619086e+01 2.008229702353124679e+01 7.551597319619760107e+00
9.020701262272089593e+01 2.008818762661680069e+01 7.601480442574411356e+00
9.060522050802555327e+01 2.019700794763908291e+01 7.696711859124201638e+00
9.114159264453795117e+01 2.041919900264921139e+01 7.874146797568957190e+00
9.134537946080723714e+01 2.046914446002805121e+01 7.916830294530154077e+00
9.174553529686770048e+01 2.055862552594670234e+01 7.932476235000779141e+00
9.180172978027115960e+01 2.060659186535764320e+01 7.982374941561477755e+00
9.144735857877512331e+01 2.043309957924263642e+01 7.849197444288608772e+00
9.143454885460495518e+01 2.045371669004207504e+01 7.819199002649212638e+00
9.172415458937197741e+01 2.063858500857098477e+01 7.950693470469066604e+00
9.204269908056724603e+01 2.081714196665108219e+01 8.008570983325540737e+00
9.225962287673367257e+01 2.097045348293595168e+01 8.093283465793984277e+00
9.243866292660121076e+01 2.105321801464858922e+01 8.070500233754090758e+00
9.226072931276297595e+01 2.092572853358267082e+01 7.979320554776375474e+00
9.229683652797257309e+01 2.092597787127941444e+01 7.948823437743493869e+00
9.216197600124668554e+01 2.078555399719495256e+01 7.979990649836372185e+00
9.147612591553685490e+01 2.045455820476858477e+01 7.790649836372136150e+00
9.133375409069658701e+01 2.030129343930185470e+01 7.697849462365591755e+00
9.144082904784167454e+01 2.030032725572697672e+01 7.708477481689262945e+00
9.119895589839488537e+01 2.013908368396446846e+01 7.621801464858968700e+00
9.155027271310581227e+01 2.030018700327255843e+01 7.724637681159419955e+00
9.185070905407511077e+01 2.051070593735390446e+01 7.814648589683653057e+00
9.175742558828112294e+01 2.046149290945924903e+01 7.800218170484650493e+00
9.167018856163316798e+01 2.038075424653264633e+01 7.867710768271778399e+00
9.151773414368085469e+01 2.020671653420601643e+01 7.879086800685678682e+00
9.145527505064671914e+01 2.006953405017921099e+01 7.903412809724169819e+00
9.182621162537010662e+01 2.024844943119838092e+01 8.090494000311672096e+00
9.201335515038179835e+01 2.033966027738818738e+01 8.175362318840580400e+00
9.205672432600903221e+01 2.029565217391304444e+01 8.220679445223625592e+00
9.233322424809101392e+01 2.038884213807074985e+01 8.287720118435405681e+00
9.228782920367773102e+01 2.032940626460963074e+01 8.227364812217548007e+00
9.181829515349852500e+01 2.005681782764531818e+01 8.066791335515038242e+00
9.173983169705469720e+01 2.004062646096306821e+01 8.014477170017141106e+00
9.166580956833411165e+01 1.997338320087268215e+01 7.978899797413121497e+00
9.166199158485272847e+01 1.997590774505220423e+01 8.047654667290011332e+00
9.238463456443821542e+01 2.041684587813620055e+01 8.264220040517376020e+00
9.288630201028517774e+01 2.072758298270219868e+01 8.480224403927069332e+00
9.295945145706716062e+01 2.072943743182172227e+01 8.509864422627396507e+00
9.263314633006078225e+01 2.060458158017765484e+01 8.401838865513479249e+00
9.205189340813464582e+01 2.032106903537478715e+01 8.223796166432912003e+00
9.195716066697833924e+01 2.023083995636590160e+01 8.119448340345956083e+00
9.262025868786037108e+01 2.062970235312451450e+01 8.325557113916159935e+00
9.266827177808944782e+01 2.074642356241234253e+01 8.421770297646874681e+00
9.230020258687859780e+01 2.053359825463612154e+01 8.294234065762816854e+00
9.223710456599657448e+01 2.047529998441639520e+01 8.202867383512545629e+00
9.196303568645784310e+01 2.033166588748636272e+01 8.138694093813308328e+00
9.199102384291725798e+01 2.048728377746610718e+01 8.213884992987377842e+00
9.179724170172977438e+01 2.049900264921302906e+01 8.233208664484962469e+00
9.047642200405174151e+01 1.992455976312918864e+01 7.897880629577683997e+00
8.937793361383823765e+01 1.944472494935327944e+01 7.635515038179835123e+00
8.923448652018076643e+01 1.941985351410316341e+01 7.603163472027427261e+00
8.929022907900888129e+01 1.947539348605267406e+01 7.656677575190899532e+00
8.959371980676328917e+01 1.970264921302789318e+01 7.787314944678198181e+00
8.960972417017298142e+01 1.981888733052828400e+01 7.751955742558828355e+00
8.907882187938288610e+01 1.961721988468131528e+01 7.509895589839488572e+00
8.899534050179211420e+01 1.957631291880941404e+01 7.356848994857410062e+00
8.917765310892940533e+01 1.969694561321489701e+01 7.344927536231883991e+00
8.889400031167211580e+01 1.951329281595761245e+01 7.244335359202119129e+00
8.875265700483092246e+01 1.945119214586255296e+01 7.150568801620694970e+00
8.890060776063580761e+01 1.947852579086800517e+01 7.128985507246376585e+00
8.915859435873461791e+01 1.961631603553062320e+01 7.164999220819697534e+00
8.973919276920679522e+01 1.994645472962443478e+01 7.387969456132148949e+00
8.995695808009973859e+01 2.014288608383980161e+01 7.530793205547763769e+00
8.940910082593111952e+01 1.992847124824684357e+01 7.413261648745519850e+00
8.952398316970547398e+01 2.003009194327567499e+01 7.467586099423406232e+00
9.016364344709366208e+01 2.036967430263362999e+01 7.541436808477481435e+00
8.984017453638772110e+01 2.014498987065606883e+01 7.385585164407043379e+00
8.973612279881564291e+01 2.007046906654199958e+01 7.335546205391927366e+00
8.973242948418264575e+01 2.006638616175782985e+01 7.467928938756427826e+00
8.973317749727286241e+01 2.006981455508804757e+01 7.581517843228922970e+00
9.010325697366370434e+01 2.039789621318373136e+01 7.753576437587657466e+00
9.026688483715132350e+01 2.047836995480754396e+01 7.811407199625993059e+00
8.971097085865669385e+01 2.011489792738039739e+01 7.680800997350787362e+00
8.937631291880941831e+01 1.988743961352657053e+01 7.583948885772167969e+00
8.895845410628020034e+01 1.966364344709365852e+01 7.501573944210690570e+00
8.905890603085553892e+01 1.971443041919900097e+01 7.550288296711858749e+00
8.936167991273180178e+01 1.980949041608228001e+01 7.606981455508805112e+00
8.900168302945301946e+01 1.958717469222377972e+01 7.462350007791803463e+00
8.821189029141343951e+01 1.908485273492286183e+01 7.187938288920055818e+00
8.821874707807386073e+01 1.907872837774661079e+01 7.171092410783855620e+00
8.874034595605422737e+01 1.939970391148511908e+01 7.347342995169082513e+00
8.949200561009817534e+01 1.983557737260402121e+01 7.604675081813931925e+00
9.005853202431042348e+01 2.012646096306685450e+01 7.822580645161290036e+00
8.995237649992208162e+01 2.001863799283153966e+01 7.703584229390680882e+00
8.971245130123109845e+01 1.980296088514882413e+01 7.569050958391771999e+00
9.004709365747234528e+01 1.992582203521894968e+01 7.647810503350475742e+00
9.026705625681782408e+01 2.003163472027427261e+01 7.696446937821411538e+00
9.039479507558048965e+01 2.010190119993766444e+01 7.705797101449275210e+00
9.062071061243571535e+01 2.020758921614461556e+01 7.714601838865513095e+00
9.038608383980053418e+01 2.006428237494156264e+01 7.613261648745520027e+00
9.030081034751441393e+01 1.994110955275050756e+01 7.533956677575190497e+00
9.039777154433535600e+01 2.000225962287673198e+01 7.540517375720741988e+00
8.997782452859591729e+01 1.977212092878292182e+01 7.416347202742715083e+00
8.984165497896212571e+01 1.974544179523141807e+01 7.380302321957301181e+00
9.036744584696899096e+01 2.000821256038647178e+01 7.615318684743649591e+00
9.058145550880473706e+01 2.015798659809880178e+01 7.678463456443821222e+00
9.039741312139629770e+01 2.007190275829827186e+01 7.623889668069191217e+00
8.984000311672120631e+01 1.981346423562412440e+01 7.454620539192768902e+00
8.907852579086801370e+01 1.947252610254012950e+01 7.295309334580021954e+00
8.908204768583449606e+01 1.952529219261337090e+01 7.508976157082749125e+00
8.929239520024933086e+01 1.969122642979585436e+01 7.669767804269907785e+00
8.918084774816892946e+01 1.965181549010441131e+01 7.655321801464858744e+00
8.920575035063113489e+01 1.963185289075892115e+01 7.663082437275985370e+00
8.969085242325074603e+01 1.992650771388499464e+01 7.828253077762194145e+00
9.010107526881719764e+01 2.010799438990182253e+01 7.919744428860838070e+00
9.036800685678666412e+01 2.017589216144615705e+01 7.961851332398317105e+00
9.042823749415614998e+01 2.020754246532647613e+01 7.947561165653731940e+00
9.012429484182639783e+01 2.007283777466105690e+01 7.899392239364188661e+00
9.034685990338164174e+01 2.023330216612124133e+01 8.037213651238896972e+00
9.047673367617267104e+01 2.032524544179523218e+01 8.076297335203365790e+00
9.021162537011063876e+01 2.021112669471715861e+01 8.059576125915537403e+00
9.003601371357332539e+01 2.013230481533426897e+01 7.999002649213028171e+00
8.988306062022752485e+01 2.008084774816892804e+01 7.934922861150069728e+00
8.925553997194950284e+01 1.975826710300763622e+01 7.706747701418108498e+00
8.910670095059997209e+01 1.979013557737260243e+01 7.654043945769051227e+00
8.917729468599033282e+01 1.982276764843384598e+01 7.627847904004986468e+00
8.934282374941561500e+01 1.995401277855695810e+01 7.698145550880473920e+00
8.986562256506155677e+01 2.020710612435717479e+01 7.850397381954183906e+00
9.027930497117033326e+01 2.047191834190431692e+01 7.978323203989402757e+00
9.033166588748636627e+01 2.049110176094748326e+01 7.983325541530310154e+00
9.028267103007635797e+01 2.041397849462365599e+01 7.906498363721365052e+00
8.966222533894342916e+01 1.998949664952469973e+01 7.689387564282374576e+00
8.884273024777932903e+01 1.946802244039270846e+01 7.452750506467196168e+00
8.889940782297023247e+01 1.953242948418263936e+01 7.456817827645316754e+00
8.900074801309023087e+01 1.965764375876577930e+01 7.513962911017609159e+00
8.892008726819385345e+01 1.968973040361539617e+01 7.366370578151784088e+00
8.896816269284713030e+01 1.974232507402212988e+01 7.384354059529375292e+00
8.901756272401433989e+01 1.976789777154433381e+01 7.428330995792426172e+00
8.947378837462989054e+01 1.974617422471559891e+01 7.414913510986441914e+00
9.006091631603553083e+01 1.975421536543556300e+01 7.340766713417484546e+00
8.982574411718871943e+01 1.949587034439769440e+01 7.212264297958547843e+00
8.945733208664485403e+01 1.917308711235779839e+01 6.990977092099111445e+00
8.955666199158484631e+01 1.911396291101760880e+01 6.909100825931120404e+00
8.971753155680224268e+01 1.918921614461586245e+01 6.929967274427302648e+00
8.983948885772167614e+01 1.929117967897771635e+01 6.959264453794608229e+00
9.015702041452392734e+01 1.942962443509427928e+01 7.007371045659965603e+00
9.019964157706093033e+01 1.943348916939379833e+01 7.057815178432289116e+00
9.047062490260246648e+01 1.958380863331775146e+01 7.157410004675082149e+00
9.086632382733364466e+01 1.980462833099579356e+01 7.234190431665887822e+00
9.018243727598566295e+01 1.940268038023998898e+01 6.972837774661056365e+00
8.880428549166276753e+01 1.880426990805672460e+01 6.612092878292036957e+00
8.837378837462989623e+01 1.866503038803179138e+01 6.513323983169705400e+00
8.833863175938911638e+01 1.865705158173601319e+01 6.489294062646096428e+00
8.882967118591241729e+01 1.905474520804114036e+01 6.720991117344553345e+00
8.915460495558671994e+01 1.930645161290322420e+01 6.894997662459092957e+00
8.861301231104877729e+01 1.911447717001714253e+01 6.834315100514259278e+00
8.838613059061866295e+01 1.902680380239987556e+01 6.716783543712015359e+00
8.854329125759700503e+01 1.913744740532959199e+01 6.751192145862552785e+00
8.823171263830450073e+01 1.898625525946703974e+01 6.653560853981611345e+00
8.775709833255415049e+01 1.878292036777310159e+01 6.490400498675393592e+00
8.768994857410004329e+01 1.877138849929873743e+01 6.483216456287984819e+00
8.773881876266167978e+01 1.883405017921147007e+01 6.513978494623655635e+00
8.829498207885305305e+01 1.905712949976624415e+01 6.660698145550880689e+00
8.867129499766245715e+01 1.929412498052049330e+01 6.843088670718404209e+00
8.879940782297023816e+01 1.939716378369954697e+01 6.885320243104254168e+00
8.914310425432445584e+01 1.956732117812061844e+01 6.977871279414056715e+00
8.914695340501792487e+01 1.965025712949976722e+01 6.962755181549010075e+00
8.853783699548075958e+01 1.930160511142278423e+01 6.758438522674146576e+00
8.806013713573321411e+01 1.905968521115786274e+01 6.609583917718560464e+00
8.779110176094748397e+01 1.897438055165965309e+01 6.505968521115786274e+00
8.775793984728066732e+01 1.891309022907901038e+01 6.467165342060153144e+00
8.840603085553996721e+01 1.927050023375409182e+01 6.680972417017297715e+00
8.909407822970234747e+01 1.965767492597787225e+01 6.957955430886706871e+00
8.920835281284088580e+01 1.972258064516129039e+01 6.945722300140252159e+00
8.948503973819542523e+01 1.991192145862552465e+01 7.070796322268972922e+00
8.946503038803179209e+01 1.989085242325074177e+01 7.070718404238740540e+00
8.903387875954496167e+01 1.962491818606825689e+01 6.887533115162848496e+00
8.890076359669627948e+01 1.952544802867383567e+01 6.801636278634876298e+00
8.895940470624903185e+01 1.951874707807386500e+01 6.757986598098799647e+00
8.907553373850709022e+01 1.958566308243727505e+01 6.843789932990493874e+00
8.965988779803646480e+01 1.996344086021505504e+01 7.035561788997974020e+00
9.013730715287518080e+01 2.018042699080567104e+01 7.190914757674925717e+00
8.997129499766245431e+01 2.007713884992987374e+01 7.123515661524076670e+00
8.999551192145862899e+01 2.003473585787751432e+01 7.221100202586878680e+00
9.004749883122954657e+01 2.008408913822658448e+01 7.336325385694249412e+00
9.015011687704534893e+01 2.011879382889200585e+01 7.432632071061243906e+00
9.029149135109864233e+01 2.022569736637057858e+01 7.565155056880161766e+00
8.937324294841826600e+01 1.960864890135577454e+01 7.235624123422160103e+00
8.814843384759232947e+01 1.892856474988312243e+01 6.931759389122643000e+00
8.730054542621162739e+01 1.852699080567243328e+01 6.674848059841047565e+00
8.690969300296087852e+01 1.827794919744428981e+01 6.524263674614306119e+00
8.699336138382422234e+01 1.830179211469534195e+01 6.549119526258376567e+00
8.747743493844475893e+01 1.853225806451612812e+01 6.665279725728533222e+00
8.760858656693159219e+01 1.858862396758609847e+01 6.726429795854761196e+00
8.777363253856943004e+01 1.866079164718716044e+01 6.738398005298425808e+00
8.803864734299516215e+01 1.884474053295932805e+01 6.746143057503505958e+00
8.726157082748947857e+01 1.844185756584073488e+01 6.481564594047062755e+00
8.663403459560542785e+01 1.812982702197288276e+01 6.295122331307464236e+00
8.666967430263362360e+01 1.813978494623655990e+01 6.290088826554464774e+00
8.639582359357954999e+01 1.800688795387252483e+01 6.276094748324762662e+00
8.628923172822190679e+01 1.791944834034595502e+01 6.304004986753934503e+00
8.651971326164874654e+01 1.810018700327255559e+01 6.414944678198534866e+00
8.641994701573943871e+01 1.802881408757986748e+01 6.391803023219573276e+00
8.606431354215365559e+01 1.782468443197755903e+01 6.290930341280972726e+00
8.575145706716534733e+01 1.765315568022440473e+01 6.223048153342683797e+00
8.520130902290790686e+01 1.743098020882032273e+01 6.135779959482624335e+00
8.556038647342995773e+01 1.763157238585008457e+01 6.310394265232974753e+00
8.628851488234377598e+01 1.801360448807854198e+01 6.514383668380863135e+00
8.610073242948418226e+01 1.793322424809100823e+01 6.472198846813152606e+00
8.538733052828423808e+01 1.756714975845410720e+01 6.299641577060931752e+00
8.483026336294219050e+01 1.733309957924263500e+01 6.127271310581268615e+00
8.444852734922861259e+01 1.705781517843228912e+01 5.964609630668536333e+00
8.473200872681938733e+01 1.711876266167991290e+01 6.031011376032413551e+00
8.526679133551503753e+01 1.738017765310893026e+01 6.197646875486987561e+00
8.559939223936419239e+01 1.750283621630045161e+01 6.312295465170640441e+00
8.638433847592332882e+01 1.783383200872681940e+01 6.521645628798504291e+00
8.679250428549165974e+01 1.800539192769206664e+01 6.643556178899797438e+00
8.631988468131525849e+01 1.773020102851799962e+01 6.467757519089917473e+00
8.646875486987688930e+01 1.774578463456443700e+01 6.448028673835125346e+00
8.673330216612123422e+01 1.790263362942184955e+01 6.525744117188717830e+00
8.659318996415770187e+01 1.774078229702353227e+01 6.428034907277544008e+00
8.637684276141499140e+01 1.764209131993143131e+01 6.313635655290633864e+00
8.616311360448807477e+01 1.750550101293439198e+01 6.255181549010440989e+00
8.611806139940782145e+01 1.756362786348761063e+01 6.267305594514570366e+00
8.634545737883746597e+01 1.769286270843073083e+01 6.373741623811749690e+00
8.603059061866916579e+01 1.752058594358734567e+01 6.281190587501948031e+00
8.548041140719962527e+01 1.727539348605267122e+01 6.181985351410316021e+00
8.592323515661523459e+01 1.750227520648277846e+01 6.303537478572541985e+00
8.640966183574879267e+01 1.784489636901979281e+01 6.316440704378993409e+00
8.626987688951223276e+01 1.785915536855228325e+01 6.320009350163627637e+00
8.608013090229079012e+01 1.781209287829203802e+01 6.237992831541218308e+00
8.553007635966962141e+01 1.765204924419510846e+01 6.130824372759856367e+00
8.536091631603552798e+01 1.754994545737883627e+01 6.099641577060931574e+00
8.545360760479975681e+01 1.760467508181393015e+01 6.105329593267882160e+00
8.492446626149290978e+01 1.734093813308399490e+01 5.923219573009194328e+00
8.442102228455664203e+01 1.708835904628330837e+01 5.804597163783699720e+00
8.458348137759077190e+01 1.722588436964313630e+01 5.894015895278167605e+00
8.466283309957924530e+01 1.727464547296244390e+01 5.904051737572074465e+00
8.477314944678198572e+01 1.736030855539971895e+01 5.911313697989714733e+00
8.474587813620071586e+01 1.730676328502415373e+01 5.865840735546205664e+00
8.433892784790400299e+01 1.706278634876110445e+01 5.776219417173133586e+00
8.429987533115162535e+01 1.698954340034283916e+01 5.719510674770141634e+00
8.464706249026023954e+01 1.712496493688639632e+01 5.788109708586566704e+00
8.455726975222066244e+01 1.700671653420601359e+01 5.743992519869097535e+00
8.442613370733987210e+01 1.680949041608228001e+01 5.743041919900265135e+00
8.436691600436340366e+01 1.679733520336606034e+01 5.729079008882655089e+00
8.440911640953716244e+01 1.675153498519557260e+01 5.767928938756428536e+00
8.454760791647187546e+01 1.675949820788530431e+01 5.684603397226117849e+00
8.474816892628953724e+01 1.685095839177185439e+01 5.771372915692690952e+00
8.471704846501479835e+01 1.679769362630512575e+01 5.764921302789465685e+00
8.498022440392706756e+01 1.685237649992208020e+01 5.853514103163472093e+00
8.564943119837930396e+01 1.722340657628175009e+01 6.063690197911796531e+00
8.559664952470001253e+01 1.717051581736013688e+01 6.017406887953872463e+00
8.520105968521116324e+01 1.693316191366682233e+01 5.891242013401901012e+00
8.467685834502103148e+01 1.663895901511609665e+01 5.746158641109552434e+00
8.418033348916939929e+01 1.645639707028206189e+01 5.637291569269128999e+00
8.443604488078541692e+01 1.650642044569113409e+01 5.681346423562412262e+00
8.475923328658251421e+01 1.672007168458781479e+01 5.800576593423718563e+00
8.457074957145083260e+01 1.646473429951690903e+01 5.835296867695184631e+00
8.439881564594047347e+01 1.633616954963378376e+01 5.963752532335982792e+00
8.472286115007013052e+01 1.648887330528284068e+01 6.198909147576749490e+00
8.469970391148511624e+01 1.644690665419978259e+01 6.252672588436964496e+00
8.428575658407355320e+01 1.631184354059529440e+01 6.211142278323204202e+00
8.328714352501168605e+01 1.592346891070593706e+01 6.031494467819853433e+00
8.247395979429640533e+01 1.562287673367617202e+01 5.836933146330061106e+00
8.259199002649212673e+01 1.576305127006389206e+01 5.927660900732429461e+00
8.273352033660589200e+01 1.590528284244974344e+01 6.044163939535608598e+00
8.276436029297178720e+01 1.588976157082749019e+01 6.036325385694249590e+00
8.284955586722767862e+01 1.595770609318996414e+01 6.082281439925198541e+00
8.285809568334111930e+01 1.595980988000623313e+01 6.095948262427925535e+00
8.268147109241078851e+01 1.583465793984728087e+01 6.032460651394732309e+00
8.295368552282998564e+01 1.598789153810191621e+01 6.135702041452391953e+00
8.282011843540595919e+01 1.592136512388966807e+01 6.119993766557580983e+00
8.244929094592488639e+01 1.575761259155368599e+01 5.934455352968677211e+00
8.229186535764375776e+01 1.571916783543712093e+01 5.783403459560542359e+00
8.222052360916316616e+01 1.571425899953249150e+01 5.663908368396446846e+00
8.244068879538724559e+01 1.581288764220040477e+01 5.678245285959170552e+00
8.305840735546205167e+01 1.610584385226741588e+01 5.840673211781206575e+00
8.302159887798036664e+01 1.610166744584696730e+01 5.875642823749415378e+00
8.238366838086332677e+01 1.580705937353903678e+01 5.685912420134019207e+00
8.214059529375097668e+01 1.570051425899953301e+01 5.620554776375253248e+00
8.162558828112825893e+01 1.549842605578930943e+01 5.508570983325541626e+00
8.152197288452548207e+01 1.540956833411251381e+01 5.414430419199002920e+00
8.186144615864111529e+01 1.561841982234689041e+01 5.519214586255259292e+00
8.182007168458781621e+01 1.560718404238740931e+01 5.562256506155524249e+00
8.210294530154277481e+01 1.570914757674925966e+01 5.614835592956209709e+00
8.250048309178744432e+01 1.589387564282374932e+01 5.672728689418731207e+00
8.233031011376031927e+01 1.579778712794140638e+01 5.631276297335203296e+00
8.263867851020725652e+01 1.558323203989403183e+01 5.634096930029608430e+00
8.321561477325853673e+01 1.553866292660121573e+01 5.664126538881097517e+00
8.333037244818450517e+01 1.535661524076671292e+01 5.601729780271154979e+00
8.355783076203833559e+01 1.532172354682873561e+01 5.635966962755181164e+00
8.376847436496805699e+01 1.535134798192301631e+01 5.644958703443976766e+00
8.375134798192301844e+01 1.522228455664640734e+01 5.653529686769518392e+00
8.409664952470001253e+01 1.532731806139940822e+01 5.678073866292660199e+00
8.457148200093502055e+01 1.554846501480442633e+01 5.784665731650304288e+00
8.439800529842605670e+01 1.544555088047374092e+01 5.757674925977871006e+00
8.434784167056257331e+01 1.536164874551971238e+01 5.735047529998441362e+00
8.429750662303257513e+01 1.535602306373694859e+01 5.700046750818139607e+00
8.388101916783543288e+01 1.516931587969456174e+01 5.582437275985663305e+00
8.392993610721521236e+01 1.522808165809568415e+01 5.595247000155835870e+00
8.418131525635031664e+01 1.533353592021193634e+01 5.678650459716378052e+00
8.422159887798036948e+01 1.528073866292660199e+01 5.713916160199469907e+00
8.392901667445846670e+01 1.526451612903225730e+01 5.594327567399096424e+00
8.371586411095528035e+01 1.525516596540439451e+01 5.563425276609007319e+00
8.351064360292971855e+01 1.518564749883123000e+01 5.490556334735857469e+00
8.354354059529374865e+01 1.531443041919900239e+01 5.525993454885460565e+00
8.376501480442574632e+01 1.540366214742091344e+01 5.623577995948262576e+00
8.370536076047997653e+01 1.539314321333956670e+01 5.606981455508805112e+00
8.383210222845566761e+01 1.551542776998597439e+01 5.591725105189341072e+00
8.344718715910862272e+01 1.542493376967430230e+01 5.507589216144616273e+00
8.272907900888264976e+01 1.520494000311672167e+01 5.341810815022595804e+00
8.234564438211002368e+01 1.515736325385694272e+01 5.276281751597319492e+00
8.228475923328657871e+01 1.517127941405641245e+01 5.307495714508337237e+00
8.218553841358890111e+01 1.525314009661835790e+01 5.372292348449430932e+00
8.284494311983793580e+01 1.564263674614305799e+01 5.517718560074801104e+00
8.278139317438055400e+01 1.561195262583761867e+01 5.593704223157238253e+00
8.254494311983792443e+01 1.546797568957456726e+01 5.493532803490727368e+00
8.267138849929874311e+01 1.550582826866136799e+01 5.493236714975845203e+00
8.260007791803023736e+01 1.553434626772635241e+01 5.403179055633473560e+00
8.247955430886706552e+01 1.547445846968988548e+01 5.386208508648901550e+00
8.262376499922082473e+01 1.556813152563503166e+01 5.421630045192457281e+00
8.266825619448340490e+01 1.557176250584385180e+01 5.407355462053919481e+00
8.271817048465014466e+01 1.557950755804893284e+01 5.423422159887797633e+00
8.314667290010908118e+01 1.575680224403927099e+01 5.532709989091475933e+00
8.330512700638928436e+01 1.583983169705469862e+01 5.587907121707963221e+00
8.341670562568178582e+01 1.592756739909615149e+01 5.591522518310736878e+00
8.346669783387875441e+01 1.597268193860059249e+01 5.643602929717936867e+00
8.285343618513323349e+01 1.566303568645784594e+01 5.441405641265388837e+00
8.237798036465638063e+01 1.545638148667601719e+01 5.317453638772011715e+00
8.244562879850397508e+01 1.552508960573476671e+01 5.332195730091942920e+00
8.248419822346890840e+01 1.551048776686925379e+01 5.372853358267103197e+00
8.267110799438989943e+01 1.560358422939068035e+01 5.429764687548698454e+00
8.313930185444911558e+01 1.590261804581580130e+01 5.516440704378993587e+00
8.310328814087580440e+01 1.606822502727131052e+01 5.502805049088358658e+00
8.295557113916160574e+01 1.605153498519557331e+01 5.371856007480130479e+00
8.283132304815333669e+01 1.609155368552282894e+01 5.286161757830762475e+00
8.243395667757519618e+01 1.592993610721520881e+01 5.150210378681626899e+00
8.239269128876422599e+01 1.590071684587813650e+01 5.124326009038491669e+00
8.241198379304971411e+01 1.598625525946704151e+01 5.133598254636122959e+00
8.228493065295309350e+01 1.589499766245909385e+01 5.067632850241546194e+00
8.258725261025401210e+01 1.602382733364500567e+01 5.154417952314165774e+00
8.291411874707807783e+01 1.622900109085242448e+01 5.294592488701885813e+00
8.258552282998286387e+01 1.604461586411095553e+01 5.213588904472494789e+00
8.225846968988624042e+01 1.593803958235935880e+01 5.133286582515194318e+00
8.217040673211781154e+01 1.590110643602929663e+01 5.097942964001870081e+00
8.215036621474209255e+01 1.585130123110487688e+01 5.079554308867072265e+00
8.241860682561944884e+01 1.600232195730091789e+01 5.173819541841981895e+00
8.229409381330839324e+01 1.611697054698457166e+01 5.228860838398005306e+00
8.183366058906031526e+01 1.596950288296711840e+01 5.237587657784010808e+00
8.191332398316970398e+01 1.604852734922861046e+01 5.279071217079632561e+00
8.197328969923640329e+01 1.613249181860682668e+01 5.385024154589372003e+00
8.160978650459716732e+01 1.592819074333800877e+01 5.313121396291101917e+00
8.135751908991740322e+01 1.583534361851332406e+01 5.264609630668537044e+00
8.079953249181860997e+01 1.576523297491039344e+01 5.185741000467507966e+00
7.993009194327567002e+01 1.545480754246532662e+01 5.003568645784634228e+00
7.978237494156147136e+01 1.552454417952314181e+01 5.023219573009193972e+00
7.970958391771856100e+01 1.559733520336605928e+01 5.059887798036466044e+00
7.968441639395355480e+01 1.561363565529063457e+01 5.081969767804269900e+00
7.994279258220352347e+01 1.576326944054854273e+01 5.189418731494467529e+00
7.996953405017920602e+01 1.573294374318217237e+01 5.165622565061554816e+00
7.966291101760947413e+01 1.561831073710456685e+01 5.059264453794607874e+00
7.972223780582827146e+01 1.565125448028673816e+01 5.101449275362318403e+00
7.969431198379305670e+01 1.570885148823437660e+01 5.088125292192613003e+00
7.950724637681159379e+01 1.561227988156459467e+01 5.033800841514726621e+00
7.942417017297802317e+01 1.558271778089449811e+01 5.014757674925977682e+00
7.921257597007947027e+01 1.552407667134174929e+01 4.951410316347202745e+00
7.911547452080411347e+01 1.541827956989247284e+01 4.874972728689418666e+00
7.934857410004674705e+01 1.559306529530933538e+01 4.993735390369331562e+00
7.927760635811127088e+01 1.555147265077138918e+01 4.975705158173600928e+00
7.907643758765777875e+01 1.544193548387096726e+01 4.875222066386161401e+00
7.900726196041763671e+01 1.550819697678042708e+01 4.860744896369019408e+00
7.876348761103319873e+01 1.538812529219261371e+01 4.790868006856786820e+00
7.884036153966027882e+01 1.537893096462521392e+01 4.816830294530154433e+00
7.920467508181393157e+01 1.552738039582359342e+01 4.895776842761415004e+00
7.933154121863799446e+01 1.552100670095060053e+01 4.918575658407355888e+00
7.910635811126694250e+01 1.541723546828736247e+01 4.858656693158796891e+00
7.909613526570048236e+01 1.546551347981922930e+01 4.873850709054075026e+00
7.898440081034750904e+01 1.537972572853358244e+01 4.773694872993610616e+00
7.904860526725884995e+01 1.528999532491818591e+01 4.719573009194327540e+00
7.928510207261960829e+01 1.539160043634096908e+01 4.757924263674614629e+00
7.925597631291880418e+01 1.517274427302477768e+01 4.709942340657628179e+00
7.957402212872058556e+01 1.518843696431354218e+01 4.771996259934549123e+00
8.004938444756116667e+01 1.535443353592021154e+01 4.860589060308555531e+00
8.019242636746143660e+01 1.532568178276453175e+01 4.876219417173134119e+00
8.042437275985662382e+01 1.538907589216144700e+01 4.909942340657628357e+00
8.067185600748013030e+01 1.550292971793673047e+01 4.924575346735234227e+00
8.050492441951067235e+01 1.539881564594046992e+01 4.880349072775440611e+00
8.067318061399407725e+01 1.541866916004363475e+01 4.880754246532647223e+00
8.061675237649991743e+01 1.551125136356552936e+01 4.913542153654355538e+00
8.003535920211936627e+01 1.527932055477637441e+01 4.782156771076826907e+00
7.982842449742869917e+01 1.518006856786660386e+01 4.722502727131058009e+00
8.010958391771856668e+01 1.526928471248246844e+01 4.743914601838865153e+00
7.998260869565217490e+01 1.528374629889356484e+01 4.775580489325229827e+00
8.006194483403459117e+01 1.544375876577840145e+01 4.823203989403148206e+00
7.999328346579397930e+01 1.553458002181704778e+01 4.830793205547763591e+00
7.956702508960573539e+01 1.546509272245597622e+01 4.759342371824840434e+00
7.954622097553374260e+01 1.550430107526881685e+01 4.778354371201496420e+00
7.920306997039115515e+01 1.544576905095839159e+01 4.747342995169081981e+00
7.870705937353903892e+01 1.520176094748324758e+01 4.597117032881408605e+00
7.870461274738974566e+01 1.520177653108929405e+01 4.588748636434471173e+00
7.882471559918965909e+01 1.523320866448496247e+01 4.673585787751285636e+00
7.907830762038335592e+01 1.531932367149758534e+01 4.705158173601371452e+00
7.986454729624435345e+01 1.559239520024933690e+01 4.891616019947015559e+00
8.031737572074177933e+01 1.576702508960573468e+01 4.996727442730247937e+00
7.982234689107059467e+01 1.554243415926445415e+01 4.830980208820321309e+00
7.948876422004052245e+01 1.536713417484805966e+01 4.790026492130278868e+00
7.922982702197288063e+01 1.529619760012466934e+01 4.714321333956677407e+00
7.948888888888889426e+01 1.525502571294997622e+01 4.569035374785725523e+00
8.013127629733520507e+01 1.543537478572541666e+01 4.524170172978027260e+00
8.042326632382733465e+01 1.552041452392083443e+01 4.501573944210690570e+00
8.060001558360605145e+01 1.548747078073866312e+01 4.494763908368396343e+00
8.104604955586722781e+01 1.562903225806451601e+01 4.540657628175159388e+00
8.090674770141811223e+01 1.555094280816580898e+01 4.487922705314010052e+00
8.075519713261648747e+01 1.540205703599812992e+01 4.438834346267726438e+00
8.091605111422782670e+01 1.546679133551503860e+01 4.472697522206638965e+00
8.101294997662459707e+01 1.544302633629421884e+01 4.500342839333021594e+00
8.108103475144147865e+01 1.543422159887798095e+01 4.431042543244506859e+00
8.145211157861929507e+01 1.563997194950911584e+01 4.504675081813931392e+00
8.124618980832164539e+01 1.555476079164718684e+01 4.443057503506311789e+00
8.094100046750817512e+01 1.538502415458937200e+01 4.368770453482936134e+00
8.114661056568489528e+01 1.544131213962910998e+01 4.414960261804581343e+00
8.121612903225806690e+01 1.547308711235779910e+01 4.458999532491819018e+00
8.140127785569580965e+01 1.553116721209287832e+01 4.603319308087891137e+00
8.176853669939224289e+01 1.570576593423718315e+01 4.743322424809100823e+00
8.157352345332709831e+01 1.562825307776219397e+01 4.765980988000623420e+00
8.154662614929094389e+01 1.556719650927224485e+01 4.749509116409536880e+00
8.158748636434471280e+01 1.559180302321957257e+01 4.800685678666043010e+00
8.093088670718404387e+01 1.543793049711703347e+01 4.752298581891849949e+00
8.061408757986598062e+01 1.532739597942964060e+01 4.731151628486832017e+00
8.048876422004052245e+01 1.542840891382265944e+01 4.780520492441951319e+00
8.010875798659809277e+01 1.532953093345800255e+01 4.711827956989247390e+00
8.002568178276453636e+01 1.532748948106591946e+01 4.697257285335826538e+00
7.996839644693781679e+01 1.535334268349696174e+01 4.677606358111266793e+00
7.948080099735078363e+01 1.515558672276764796e+01 4.585756584073554798e+00
7.916822502727130484e+01 1.514559763129188141e+01 4.621941717313386100e+00
7.917597007947638588e+01 1.513592021193704262e+01 4.594452236247467347e+00
7.917810503350474960e+01 1.516286426679133470e+01 4.597335203366059275e+00
7.954829359513792042e+01 1.530827489481065840e+01 4.776281751597319492e+00
7.987991273180614371e+01 1.553079320554776288e+01 4.934439769362630734e+00
7.985173757207417111e+01 1.546284868318528893e+01 4.993532803490727368e+00
7.980741779647810574e+01 1.546950288296711840e+01 5.034844943119837879e+00
7.983384759233285877e+01 1.549418731494467849e+01 5.100046750818139074e+00
7.977533115162849242e+01 1.546574723390992645e+01 5.068069191210845759e+00
7.998198535141031584e+01 1.558092566619915864e+01 5.161851332398317282e+00
8.016646407978805655e+01 1.576342527660900750e+01 5.254230949041608589e+00
8.001901199937665865e+01 1.570264921302789496e+01 5.212794140564126266e+00
8.033632538569425208e+01 1.589359513791491274e+01 5.375673990961508331e+00
8.069850397381954110e+01 1.607240143369175556e+01 5.496883278790711813e+00
8.091055010129343827e+01 1.613196197600124648e+01 5.570796322268972922e+00
8.100366214742091131e+01 1.616509272245597728e+01 5.584260557893096610e+00
8.076051114227831818e+01 1.604273024777933543e+01 5.528143992519868988e+00
8.029999999999999716e+01 1.580062334424185799e+01 5.388359046283309972e+00
8.038106591865357586e+01 1.579627551815490172e+01 5.258002181704846123e+00
8.040336605890603039e+01 1.577305594514570686e+01 5.236496805360760121e+00
8.062231572385850598e+01 1.579308087891538115e+01 5.207215209599501016e+00
8.119049400031167352e+01 1.601552127162225503e+01 5.299859747545582422e+00
8.115457378837463409e+01 1.595338943431510081e+01 5.262287673367617380e+00
8.107975689574567468e+01 1.587782452859591764e+01 5.184260557893096255e+00
8.121573944210690854e+01 1.595415303101137638e+01 5.212949976624591031e+00
8.083189964157706697e+01 1.575655290634252736e+01 5.125759700794763951e+00
8.047103007635966776e+01 1.559050958391771857e+01 4.999470157394420688e+00
8.071750038959015683e+01 1.575370110643602928e+01 5.038023998753311083e+00
8.067868162692846568e+01 1.570355306217858882e+01 5.037712326632382442e+00
8.087520648278011492e+01 1.578647342995169112e+01 5.079289387564282165e+00
8.109471715755026366e+01 1.589764687548698774e+01 5.132896992364033295e+00
8.085342060152719057e+01 1.573799283154121831e+01 5.099127318061399627e+00
8.065222066386161259e+01 1.553205547763752570e+01 4.985491662770765053e+00
8.052699080567242618e+01 1.561421224871435243e+01 5.053607604799750241e+00
8.026593423718247777e+01 1.567308711235780017e+01 5.036091631603553331e+00
8.030800997350786474e+01 1.579585476079164685e+01 5.142964001870033108e+00
8.050903849150692793e+01 1.595100514258999524e+01 5.232460651394732487e+00
8.041235779959482954e+01 1.594620539192769293e+01 5.213962911017609336e+00
8.055061555243882765e+01 1.602088203210222872e+01 5.261664329125760098e+00
8.070123110487766382e+01 1.616651083060620309e+01 5.343493844475611709e+00
8.076043322424808935e+01 1.607985039738195354e+01 5.286317593891226352e+00
8.063423718248402849e+01 1.602393641888733100e+01 5.241265388810971260e+00
8.070978650459716164e+01 1.603154121863799375e+01 5.263004519245753521e+00
8.053492286115006493e+01 1.587012622720897603e+01 5.299781829515350040e+00
8.081787439613526658e+01 1.601400966183575036e+01 5.347062490260245937e+00
8.138863955119214211e+01 1.630666978338787487e+01 5.552719339255103748e+00
8.190381798348137465e+01 1.655722300140252301e+01 5.725058438522673931e+00
8.214916627707651742e+01 1.669777154433536026e+01 5.732148979273803846e+00
8.229220819697678735e+01 1.644051737572074146e+01 5.724341592644537791e+00
8.214396135265700138e+01 1.600317905563347409e+01 5.640221287205859468e+00
8.234639239520025455e+01 1.597138849929873849e+01 5.698207885304659825e+00
8.265395044413277503e+01 1.604092254947794771e+01 5.816612124045503762e+00
8.264383668380862957e+01 1.601134486520180644e+01 5.845223624746766156e+00
8.293380084151472431e+01 1.614402368708119084e+01 5.979772479351722403e+00
8.303786816269284543e+01 1.617785569580800953e+01 5.980333489169393779e+00
8.264812217547139994e+01 1.592981143836683877e+01 5.851192145862552429e+00
8.251837307152875667e+01 1.596259934548854531e+01 5.843275673990961927e+00
8.210906965871902230e+01 1.591827956989247284e+01 5.779164718715910531e+00
8.149022907900888413e+01 1.567874396135265691e+01 5.677372604020570535e+00
8.150585943587346094e+01 1.576680691912108401e+01 5.775128564749882898e+00
8.180445691132928232e+01 1.608410472183263096e+01 5.909256661991585169e+00
8.211491351098644031e+01 1.618807854137447322e+01 5.977497272868942169e+00
8.246362786348761631e+01 1.629973507869721061e+01 6.028533582671030011e+00
8.196713417484805575e+01 1.622923484494311808e+01 5.898862396758610238e+00
8.156228767336762076e+01 1.607132616487455223e+01 5.849213027894655248e+00
8.173370733987844972e+01 1.619107059373538959e+01 5.875455820476858548e+00
8.136196041764064546e+01 1.601986909770921130e+01 5.768193860059217748e+00
8.105095839177185724e+01 1.585697366370578187e+01 5.640314788842138327e+00
8.137314944678198003e+01 1.607737260402057089e+01 5.748839021349540168e+00
8.152918809412497581e+01 1.608329437431821773e+01 5.737868162692847385e+00
8.166825619448340490e+01 1.606688483715131710e+01 5.736901979117967620e+00
8.199384447561165246e+01 1.621644070437899288e+01 5.842730247779336139e+00
8.189733520336605466e+01 1.615837618824996014e+01 5.846968988623967967e+00
8.160283621630044593e+01 1.597282219105501078e+01 5.733177497272868628e+00
8.149127318061398739e+01 1.588946548231260714e+01 5.673102695963845754e+00
8.116010596852112258e+01 1.569803646563814858e+01 5.547249493532803832e+00
8.137344553529686664e+01 1.586554464703132261e+01 5.623235156615240982e+00
8.209580800997350991e+01 1.622686613682406076e+01 5.831946392395200185e+00
8.232114695340501953e+01 1.629323671497584414e+01 5.829624435094280521e+00
8.249376655758142363e+01 1.636616799127317989e+01 5.779133551503817579e+00
8.257037556490571717e+01 1.638533582671029976e+01 5.753732273648122231e+00
8.212018076983014225e+01 1.611639395356085558e+01 5.650210378681626899e+00
8.196574723390992290e+01 1.601310581268505473e+01 5.559124201340190474e+00
8.208465014804426119e+01 1.606320710612435576e+01 5.604534829359513637e+00
8.247843228923173342e+01 1.630973975377902363e+01 5.723640330372448126e+00
8.294207573632539265e+01 1.654009661835748801e+01 5.847171575502571272e+00
8.314614305750350809e+01 1.667462988935639601e+01 5.872074177964781150e+00
8.269060308555400240e+01 1.646559139784946169e+01 5.737868162692847385e+00
8.271765622565061449e+01 1.646825619448340206e+01 5.749571450833722785e+00
8.284656381486675514e+01 1.654382110020258523e+01 5.827863487611033122e+00
8.267741935483870463e+01 1.637208976157082674e+01 5.719027582982702640e+00
8.247899329904940657e+01 1.632201963534361866e+01 5.659763129188093878e+00
8.232382733364499927e+01 1.624019011999376616e+01 5.605454262116253972e+00
8.220551659654043419e+01 1.616373694872993738e+01 5.541234221598878129e+00
8.222501168770453717e+01 1.616339410939691490e+01 5.463331774972728816e+00
8.218133083995635957e+01 1.614089138226585618e+01 5.447078073866292947e+00
8.230112201963534346e+01 1.619292504285491674e+01 5.449337696743026704e+00
8.288365279725728385e+01 1.651949509116409587e+01 5.623500077918030193e+00
8.294586255259467578e+01 1.653264765466729003e+01 5.599750662303256910e+00
8.240548542932835119e+01 1.628605267258843625e+01 5.458002181704846301e+00
8.247980364656380914e+01 1.626922237805828431e+01 5.462864266791335410e+00
8.256869253545269771e+01 1.632669471715755094e+01 5.516175783076203487e+00
8.259700794763908505e+01 1.630899174068879631e+01 5.499532491818606594e+00
8.286350319463923597e+01 1.634442886083839852e+01 5.543961352657004404e+00
8.285781517843228983e+01 1.637433380084151580e+01 5.549742870500233849e+00
8.272714664173290089e+01 1.636953405017921170e+01 5.540190119993766871e+00
8.275719183419043645e+01 1.645030388031790380e+01 5.511204612747389930e+00
8.209996883278790847e+01 1.624358734611189092e+01 5.447140408290478852e+00
8.151248246844319567e+01 1.595541530310113743e+01 5.409163160355306310e+00
8.166085398161133924e+01 1.601259155368552456e+01 5.462911017609474840e+00
8.155887486364345307e+01 1.590660744896369039e+01 5.482297023531245372e+00
8.149819230169860873e+01 1.577805828268661337e+01 5.441000467508181337e+00
8.176119682094436314e+01 1.585860994234065835e+01 5.525681782764531924e+00
8.189995324918186270e+01 1.591419666510830666e+01 5.612622720897615380e+00
8.208416705625681686e+01 1.595494779491974491e+01 5.637431821723546399e+00
8.219619760012466259e+01 1.601608228143992463e+01 5.709412498052048868e+00
8.180768271778089229e+01 1.579661835748792242e+01 5.621100202586879035e+00
8.176853669939224289e+01 1.575044413277232280e+01 5.550475299984416466e+00
8.202350007791802966e+01 1.585952937509739691e+01 5.631525635031946031e+00
8.204227832320398761e+01 1.584897927380395899e+01 5.653763440860214651e+00
8.215201807698301195e+01 1.588949664952470009e+01 5.699532491818606772e+00
8.224634564438210305e+01 1.593945769050958461e+01 5.725759700794763596e+00
8.209784946236558767e+01 1.584994545737883698e+01 5.668988623967585738e+00
8.214530154277700547e+01 1.584073554620539248e+01 5.709583917718560109e+00
8.254109396914445540e+01 1.606973663705781519e+01 5.830201028517999262e+00
8.275432445067788478e+01 1.624600280504908767e+01 5.922627395979429998e+00
8.347210534517687108e+01 1.657737260402057089e+01 6.061601994701574014e+00
8.402775440236871418e+01 1.688215677107682566e+01 6.137509739753778781e+00
8.392784790400499162e+01 1.677394421069035246e+01 6.126834969611968162e+00
8.415783076203832991e+01 1.687526881720430083e+01 6.202664796633941435e+00
8.436115007012622868e+01 1.704227832320399116e+01 6.292551036309801837e+00
8.446780426990805779e+01 1.704897927380395828e+01 6.310752688172042824e+00
8.465705158173601319e+01 1.705402836216300599e+01 6.323188405797101730e+00
8.489906498363721710e+01 1.713691756272401534e+01 6.353436185133239711e+00
8.489088359046283472e+01 1.709373539036933209e+01 6.360183886551348031e+00
8.512270531400966433e+01 1.712540127785569410e+01 6.424949353280348774e+00
8.494146797568957652e+01 1.700998909147576654e+01 6.326149290945925152e+00
8.445728533582671105e+01 1.673944210690353884e+01 6.179538725261025434e+00
8.431033193080878618e+01 1.680049867539348440e+01 6.152812840891382251e+00
8.395747233909926877e+01 1.687464547296244177e+01 6.085413744740533204e+00
8.362485585164407098e+01 1.677849462365591293e+01 6.014446002805049041e+00
8.365513479819230724e+01 1.685569580800997258e+01 6.014368084774816658e+00
8.345100514258999169e+01 1.685778401122019687e+01 5.989449898706560305e+00
8.313203989403147887e+01 1.671391616019947080e+01 5.904846501480442988e+00
8.339163160355306559e+01 1.691467975689574743e+01 6.042013401901200176e+00
8.356339410939690993e+01 1.698267103007636081e+01 6.106950288296712159e+00
8.350634252766090526e+01 1.695388810970858628e+01 6.034626772635188097e+00
8.357617266635499220e+01 1.697556490571918175e+01 6.066931587969456530e+00
8.359005765934237786e+01 1.695471404082904954e+01 6.060355306217858562e+00
8.360729312762973109e+01 1.696861461742247101e+01 6.068552282998285641e+00
8.394431977559607105e+01 1.716437587657783936e+01 6.170313230481533573e+00
8.388500857098333086e+01 1.709764687548698703e+01 6.090930341280972549e+00
8.363116721209287618e+01 1.694076671341748508e+01 5.983356708742403107e+00
8.366970546984572366e+01 1.692332865825152055e+01 6.023842917251052143e+00
8.365156615240766769e+01 1.692328190743338112e+01 6.115832943743182426e+00
8.356136824061087509e+01 1.681672120928783087e+01 6.166261492909459463e+00
8.355533738507089936e+01 1.679523141654978957e+01 6.170796322268973455e+00
8.292956210067009692e+01 1.648016206950288165e+01 6.008695652173913437e+00
8.253264765466728647e+01 1.621016051114227707e+01 5.865482312607137594e+00
8.251245130123110982e+01 1.612837774661056400e+01 5.782686613682406218e+00
8.222801932367150357e+01 1.601829515349852073e+01 5.723671497584541079e+00
8.238237494156147989e+01 1.617117032881408889e+01 5.792722455976313078e+00
8.266629266012155597e+01 1.632569736637057645e+01 5.886146174224715644e+00
8.235145706716534164e+01 1.614781050335047397e+01 5.746080723079320940e+00
8.202886083839800335e+01 1.597720118435406000e+01 5.661383824216923877e+00
8.205884369643135301e+01 1.598398005298426128e+01 5.658142434159264766e+00
8.188778245285959656e+01 1.585787751285647573e+01 5.559030699703911615e+00
8.185084930652952551e+01 1.581203054386785034e+01 5.568941873149446664e+00
8.211940158952781132e+01 1.601985351410316483e+01 5.559077450522051045e+00
8.230229079008883275e+01 1.603383200872681869e+01 5.557581424341592857e+00
8.237961664329125711e+01 1.606691600436341005e+01 5.520305438678509979e+00
8.221425899953248972e+01 1.600554776375253141e+01 5.433785257908680499e+00
8.169615084930653381e+01 1.568017765310892919e+01 5.226398628642668243e+00
8.164779491974442749e+01 1.561312139629110263e+01 5.208103475144148398e+00
8.176308243727598324e+01 1.565725416861461738e+01 5.238257752844008408e+00
8.161827956989247923e+01 1.556233442418575663e+01 5.188514882343774559e+00
8.183849150693470165e+01 1.566772635187782470e+01 5.210285179990649773e+00
8.196250584385227000e+01 1.574748324762349938e+01 5.269534050179211171e+00
8.165074022128720799e+01 1.560377123266323807e+01 5.214773258532024336e+00
8.149509116409537057e+01 1.556810035842293871e+01 5.165716066697833675e+00
8.093549945457378669e+01 1.570266479663394144e+01 5.156272401433692032e+00
8.061527193392551283e+01 1.551994701573944191e+01 5.086816269284712533e+00
8.048547607916471236e+01 1.555655290634252808e+01 5.103256973663706120e+00
8.026517064048620398e+01 1.529442106903537457e+01 5.028486831852890582e+00
7.976506155524388930e+01 1.477826086956521756e+01 4.854838709677419040e+00
7.994662614929094957e+01 1.464925977871279450e+01 4.846033972261181155e+00
8.022222222222222854e+01 1.467997506623032500e+01 4.924139005765934662e+00
8.037366370578152441e+01 1.467021972884525560e+01 4.935966962755181875e+00
8.039607293127629362e+01 1.460913199314321353e+01 4.894592488701885458e+00
8.019890914757674238e+01 1.444765466729001169e+01 4.889278479040050307e+00
8.015109864422628050e+01 1.438962131837307190e+01 4.917375720741779865e+00
8.057402212872058556e+01 1.461776531089294018e+01 5.104176406420445566e+00
8.028575658407355320e+01 1.449033816425120769e+01 5.084135889044724799e+00
7.978648901355774115e+01 1.425845410628019394e+01 4.928081658095683437e+00
7.942133395667757156e+01 1.413877201184354071e+01 4.826383045036621411e+00
7.916839644693781963e+01 1.395144148355929481e+01 4.705906186691600546e+00
7.895926445379460290e+01 1.381178120617110849e+01 4.665949820788530822e+00
7.911589527816737188e+01 1.393451768739286223e+01 4.689122642979585365e+00
7.872164562879849825e+01 1.396627707651550487e+01 4.697085865669316185e+00
7.874678198535140439e+01 1.417540906965871983e+01 4.778588125292192679e+00
7.917947639083683953e+01 1.454143680847748143e+01 4.895434003428393410e+00
7.895228299828580987e+01 1.455323359825463569e+01 4.886130590618669167e+00
7.842152095995012928e+01 1.438276453171263825e+01 4.750163627863488003e+00
7.791175003895901341e+01 1.416292660121552061e+01 4.591584852734922784e+00
7.687279102384292173e+01 1.374407043789932992e+01 4.338023998753311794e+00
7.667391304347826519e+01 1.365974754558204829e+01 4.293252298581891502e+00
7.703314633006077372e+01 1.387819853514103130e+01 4.420056100981767599e+00
7.727392862708430243e+01 1.394537946080723145e+01 4.476172666354994334e+00
7.741849774037711995e+01 1.401527193392550963e+01 4.546501480442574739e+00
7.734553529686769480e+01 1.397684276141499105e+01 4.506498363721364697e+00
7.690670095059996925e+01 1.377960105968521098e+01 4.388094124980520760e+00
7.704073554620539710e+01 1.377788686302010213e+01 4.402415458937197990e+00
7.716300451924576009e+01 1.390162069502883035e+01 4.411360448807854162e+00
7.716316035530621775e+01 1.382532335982546279e+01 4.377793361383823800e+00
7.715134798192300991e+01 1.376016830294530102e+01 4.362957768427613736e+00
7.702457534673523298e+01 1.369454573788374674e+01 4.364048620850865312e+00
7.662694405485429172e+01 1.347394421069035353e+01 4.262599345488546021e+00
7.675223624746766404e+01 1.350306997039114876e+01 4.306841203054387002e+00
7.710961508493065253e+01 1.364092254947794913e+01 4.414851176562256896e+00
7.709802088203210246e+01 1.361910550101293360e+01 4.385725416861461667e+00
7.707950755804893106e+01 1.356914446002805086e+01 4.353108929406264593e+00
7.687201184354059080e+01 1.347545582047685819e+01 4.263596696275517850e+00
7.645301542776998360e+01 1.330878915381019212e+01 4.180395823593579863e+00
7.645173757207417964e+01 1.336518622409225543e+01 4.222081969767804033e+00
7.659269128876421462e+01 1.336086956521739211e+01 4.238803179055633308e+00
7.636995480754247012e+01 1.321129811438366808e+01 4.190509583917718217e+00
7.640838398005298870e+01 1.325878136200716817e+01 4.200483091787439172e+00
7.624877668692535337e+01 1.319809880006233449e+01 4.150880473741623611e+00
7.625396602773881227e+01 1.305379460807230707e+01 4.006997039114851056e+00
7.649616643291257390e+01 1.303526570048309097e+01 3.975112981143836599e+00
7.665906186691600510e+01 1.291845098955898408e+01 3.897007947639083536e+00
7.672496493688639418e+01 1.282711547452080403e+01 3.866697833878759649e+00
7.703986286426679442e+01 1.290807230793205562e+01 3.892613370733987832e+00
7.699384447561165246e+01 1.277565840735546132e+01 3.779975066230325531e+00
7.699858189184976709e+01 1.272854916627707667e+01 3.776936263051270171e+00
7.712000935016362746e+01 1.283465793984728087e+01 3.799485741000467431e+00
7.688932522985818707e+01 1.265613214897927463e+01 3.743509428081658097e+00
7.654117188717469844e+01 1.254110955275050721e+01 3.689418731494467973e+00
7.673316191366681949e+01 1.263325541530310048e+01 3.677637525323359746e+00
7.678354371201496065e+01 1.256094748324762378e+01 3.670048309178743917e+00
7.707964781050334580e+01 1.264059529375097313e+01 3.661711079943898994e+00
7.742169237961664408e+01 1.273874084463144740e+01 3.708321645628798624e+00
7.746593423718248062e+01 1.278100358422939031e+01 3.791787439613526711e+00
7.726132148979273495e+01 1.270554776375253248e+01 3.801277855695808228e+00
7.697928938756427897e+01 1.272689730403615371e+01 3.819993766557581605e+00
7.632686613682406573e+01 1.253101137603241355e+01 3.746688483715131746e+00
7.625234533270999293e+01 1.252388966806919157e+01 3.786785102072619758e+00
7.648898239052516601e+01 1.265211157861929259e+01 3.861368240610877578e+00
7.615328034907277299e+01 1.252307932055477657e+01 3.809225494779492127e+00
7.605876577840112418e+01 1.252248714352501224e+01 3.821863799283154339e+00
7.620931899641577445e+01 1.257678042699080478e+01 3.915365435561788843e+00
7.617305594514570544e+01 1.257861929250428545e+01 3.894935328034907496e+00
7.634399251986910429e+01 1.265960729312763000e+01 3.905298426055789474e+00
7.623702664796634565e+01 1.264301075268817165e+01 3.885507246376811441e+00
7.568385538413589586e+01 1.248226585631915242e+01 3.779040049867539164e+00
7.549251986909770551e+01 1.238790712170796304e+01 3.754106280193236778e+00
7.549865980988001013e+01 1.240606202275206549e+01 3.767897771544335139e+00
7.528388655134797602e+01 1.228781362007168454e+01 3.716674458469690023e+00
7.496506155524387793e+01 1.243710456599657199e+01 3.742465326476546839e+00
7.466912887642200758e+01 1.258736169549633743e+01 3.742558828112825253e+00
7.459294062646095824e+01 1.263613838242169152e+01 3.746828736169549590e+00
7.486172666354994476e+01 1.287282219105500936e+01 3.841779647810503295e+00
7.474954028362162717e+01 1.291012934393018519e+01 3.873803958235935596e+00
7.425622565061554781e+01 1.279482624279258296e+01 3.770235312451301279e+00
7.426214742091319465e+01 1.286049555867227667e+01 3.752766090073242911e+00
7.424416393953561055e+01 1.295236091631603514e+01 3.762427925822035224e+00
7.428066074489636605e+01 1.289530933458002160e+01 3.785507246376811796e+00
7.451866916004362906e+01 1.293031011376032424e+01 3.804846501480442456e+00
7.468892005610098295e+01 1.299289387564282450e+01 3.827738818762661754e+00
7.459013557737260669e+01 1.294645472962443478e+01 3.798020882032102197e+00
7.454174848059841452e+01 1.302415458937197990e+01 3.802025868786036877e+00
7.434844943119837524e+01 1.298857721676795940e+01 3.784213807074957359e+00
7.455903069970391073e+01 1.303189964157706093e+01 3.796291101760947306e+00
7.564958703443977583e+01 1.322889200561009737e+01 3.987314944678198358e+00
7.632334424185756916e+01 1.332940626460963074e+01 4.148402680380240071e+00
7.643556178899797260e+01 1.326641732896992387e+01 4.173866292660121324e+00
7.644659498207884951e+01 1.329155368552283001e+01 4.168069191210846292e+00
7.607265077138849563e+01 1.317434938444756121e+01 4.059264453794607874e+00
7.595225183107370981e+01 1.316244350942808161e+01 4.041171887174692223e+00
7.606574723390993142e+01 1.323186847436496727e+01 4.056802244039270811e+00
7.569641577060932036e+01 1.309421848215677109e+01 3.990743338008415186e+00
7.552845566464080207e+01 1.302739597942963989e+01 3.926211625370110703e+00
7.560553218014648280e+01 1.309103942652329700e+01 3.939629110176094962e+00
7.529033816425121017e+01 1.306981455508804757e+01 3.915131681471092584e+00
7.529248870188561682e+01 1.309842605578930907e+01 3.928907589216144469e+00
7.570573476702509197e+01 1.324604955586722710e+01 4.008103475144148220e+00
7.569280037400655203e+01 1.318567866604332295e+01 3.993283465793984632e+00
7.538394888577217046e+01 1.305790868006856797e+01 3.937759077450522227e+00
7.513333333333333997e+01 1.311711079943898994e+01 3.894732741156303746e+00
7.485945145706716630e+01 1.308918497740377163e+01 3.848137759077450593e+00
7.486711859124201851e+01 1.320629577684276157e+01 3.891366682250272824e+00
7.503021661212405036e+01 1.332309490416082198e+01 3.903069970391148669e+00
7.466510830606202376e+01 1.315490104410160477e+01 3.810144927536232018e+00
7.471617578307620988e+01 1.316512388966806846e+01 3.764812217547140349e+00
7.497015739442106508e+01 1.323923952002493465e+01 3.788062957768427719e+00
7.501983793049711835e+01 1.324656381486676082e+01 3.780520492441950875e+00
7.518242169237962003e+01 1.336077606358111325e+01 3.831961976001246661e+00
7.514419510674770208e+01 1.336903537478572623e+01 3.819448340345956261e+00
7.508094124980520689e+01 1.322398316970546972e+01 3.793252298581891946e+00
7.552929717936730469e+01 1.334791958859280037e+01 3.828876422004051872e+00
7.642856474988312243e+01 1.365010129343930245e+01 3.928845254791959007e+00
7.631757830762037997e+01 1.361265388810970833e+01 3.957612591553685721e+00
7.640902290790089069e+01 1.372767648433847576e+01 3.954932211313697987e+00
7.647946080723079376e+01 1.373758765778401170e+01 4.070157394421069164e+00
7.648722144304191772e+01 1.371835748792270593e+01 4.073850709054075203e+00
7.692043010752688303e+01 1.372331307464547301e+01 4.115443353592021403e+00
7.699074333800841430e+01 1.362610254012778555e+01 4.108243727598566153e+00
7.690637369487299679e+01 1.357215209599501371e+01 4.092145862552595048e+00
7.712993610721521520e+01 1.375089605734767062e+01 4.130777621941716937e+00
7.722758298270220223e+01 1.382524544179523218e+01 4.225525946704067337e+00
7.707389745987221374e+01 1.379320554776375296e+01 4.238226585631915455e+00
7.721787439613527226e+01 1.387737260402056982e+01 4.234486520180769986e+00
7.725295309334579485e+01 1.383634096930029678e+01 4.214274583138537977e+00
7.718209443665264757e+01 1.376060464391460236e+01 4.168676951846657097e+00
7.711516284868318394e+01 1.382465326476546608e+01 4.173663705781518019e+00
7.644220040517375026e+01 1.369139784946236560e+01 4.105173757207417395e+00
7.604852734922860691e+01 1.359100825931120404e+01 4.022144304191989761e+00
7.617098332554152762e+01 1.373805516596540421e+01 4.099376655758142363e+00
7.639802088203209962e+01 1.370927224559763147e+01 4.155680224403926815e+00
7.660783855384136132e+01 1.361067477014181115e+01 4.157861929250428190e+00
7.699370422315723772e+01 1.358493065295309421e+01 4.189231728221910700e+00
7.705507246376811281e+01 1.344486520180769773e+01 4.147015739442107218e+00
7.688982390525167432e+01 1.324865201807698334e+01 4.057628175159732287e+00
7.697285335826710195e+01 1.324456911329281539e+01 4.118778245285959372e+00
7.684723390992675718e+01 1.320386473429951657e+01 4.102602462209754997e+00
7.684788842138070208e+01 1.331996259934548910e+01 4.128034907277544185e+00
7.686300451924574872e+01 1.335081813931743788e+01 4.155337385070905221e+00
7.654676640174535862e+01 1.323465793984728123e+01 4.077637525323360101e+00
7.651762505843852580e+01 1.326344086021505397e+01 4.083652797257284917e+00
7.660498675393486678e+01 1.335765934237182506e+01 4.171669004207573472e+00
7.648081658095682656e+01 1.336520180769830191e+01 4.138304503662147305e+00
7.660612435717625601e+01 1.341217079632226827e+01 4.151519401589528258e+00
7.695351410316347085e+01 1.350459716378369990e+01 4.217235468287361400e+00
7.695271933925509700e+01 1.351098644226273926e+01 4.219588592800374016e+00
7.721818606825618758e+01 1.356657316503038757e+01 4.241109552750506495e+00
7.728176718092566944e+01 1.366118123733832057e+01 4.311360448807854517e+00
7.678912264297959211e+01 1.351126694717157584e+01 4.244428860838397988e+00
7.684640797880629748e+01 1.359393797724793451e+01 4.270048309178744006e+00
7.718868630201028225e+01 1.384807542465326513e+01 4.396743026336293880e+00
7.719345488546049694e+01 1.379699236403303786e+01 4.381658095683341081e+00
7.739047841670561922e+01 1.387297802711547412e+01 4.410254012778556998e+00
7.754232507402213059e+01 1.391204612747389824e+01 4.443197755960729189e+00
7.770472183263207455e+01 1.386830294530154362e+01 4.454480286738351502e+00
7.785797101449274749e+01 1.396800685678666021e+01 4.495854760791647031e+00
7.788867071840424217e+01 1.397364812217547225e+01 4.480863331774973091e+00
7.768879538725261114e+01 1.390165186224092331e+01 4.474209131993143629e+00
7.792633629421848696e+01 1.403417484805984117e+01 4.560324139005765609e+00
7.797914913510986423e+01 1.405337385070905398e+01 4.571045659965715657e+00
7.789205236091630979e+01 1.398365279725728527e+01 4.502431042543244111e+00
7.807143525011687757e+01 1.410643602929718021e+01 4.506186691600436056e+00
7.793493844475611354e+01 1.409206794452236267e+01 4.459451457067165059e+00
7.783515661524076279e+01 1.402457534673523476e+01 4.438429172510518939e+00
7.813662147420913584e+01 1.407375720741779723e+01 4.464064204456911433e+00
7.800892940626461325e+01 1.404050179211469462e+01 4.362942184821568148e+00
7.778517999064983712e+01 1.386333177497272828e+01 4.312934393018544199e+00
7.797819853514103272e+01 1.397311827956989205e+01 4.343384759233286374e+00
7.797548698768895292e+01 1.400361539660277366e+01 4.378354371201496065e+00
7.774996104098488559e+01 1.393669939223936360e+01 4.377902446626149136e+00
7.774153031011375958e+01 1.394297958547607941e+01 4.394576905095838981e+00
7.760832164562879143e+01 1.384966495247000218e+01 4.366791335515038064e+00
7.800172978027114823e+01 1.399303412809724101e+01 4.306763285024154619e+00
